time,new_time_alt,acceleration_alt,velo_alt,altitude_alt,don’t_acc_sac_cus_it_was_adjusted,don’t_velo_sac,don’t_alt_sac,time_1,acc_1,velo_1,alt_1,time_2,acc_2,velo_2,alt_2,time_3,acc_3,velo_3,alt_3,time_4,acc_4,velo_4,alt_4,alt_Q,velo_Q,acc_Q,time_Q
0.05,0,30.93,26.22,1350.48,26.76127249,0,1403.556,0,-9.625800299,0,1403.556,0,-9.625800299,0,1403.556,0,-9.625800299,0,1403.556,0,-9.625800299,0,1403.556,968.27,35.97,37.73,0
0.06,0.01,31.75,26.57,1352.09,27.17871987,0.053522545,1403.555955,0.002,-9.12861552,-0.019251601,1403.556015,0.002,-9.139498644,-0.019251601,1403.556014,0.002,-9.159895487,-0.019251601,1403.556011,0.002,-9.134117297,-0.019251601,1403.556014,967.91,36.45,39.04,0.01
0.07,0.02,32.53,26.92,1350.39,27.27155956,0.080701265,1403.556054,0.003,-12.28761617,-0.028380216,1403.555979,0.003,-12.2293495,-0.028391099,1403.555977,0.003,-12.12014787,-0.028411496,1403.555974,0.003,-12.25816044,-0.028385718,1403.555978,967.45,36.93,40.32,0.02
0.08,0.03,33.27,27.27,1350.2,27.54481547,0.217059063,1403.556693,0.008,-38.07840072,-0.089818297,1403.55577,0.008,-37.45558046,-0.089537847,1403.555764,0.008,-36.28830924,-0.089012235,1403.555754,0.008,-37.76354453,-0.08967652,1403.555767,970.37,37.41,41.58,0.03
0.09,0.04,33.97,27.62,1352,27.63764096,0.241543343,1403.556892,0.008888889,-7.201525968,-0.123665764,1403.555773,0.008888889,-7.25459202,-0.122831696,1403.555765,0.008888889,-7.354046904,-0.12126851,1403.555751,0.008888889,-7.228352605,-0.123244115,1403.555769,969.73,37.9,42.8,0.04
0.1,0.05,34.62,27.98,1351.05,27.68921144,0.272251839,1403.557131,0.01,38.50632925,-0.097267008,1403.555589,0.01,38.49581969,-0.097244918,1403.555583,0.01,38.4761236,-0.097203519,1403.555571,0.01,38.50101627,-0.097255841,1403.555586,970.19,38.39,43.98,0.05
0.11,0.06,35.23,28.34,1351.14,28.11094139,0.328184323,1403.557636,0.012019336,-9.262767902,-0.019509787,1403.555819,0.012019351,-9.270719769,-0.019508352,1403.555818,0.012019378,-9.285622297,-0.019505662,1403.555815,0.012019344,-9.266787862,-0.019509062,1403.555818,970.92,38.88,45.12,0.06
0.12,0.07,35.79,28.71,1351.14,28.20473548,0.356576514,1403.558016,0.013029004,-10.1917734,-0.028862108,1403.555905,0.013029026,-10.1793656,-0.02886877,1403.555903,0.013029068,-10.15611354,-0.028881255,1403.555899,0.013029015,-10.18550074,-0.028865476,1403.555904,971.84,39.38,46.21,0.07
0.13,0.08,36.31,29.07,1351.81,28.48079235,0.499011133,1403.560071,0.018077344,-17.90666006,-0.080313648,1403.554801,0.018077403,-17.72519282,-0.080258046,1403.554795,0.018077514,-17.3851166,-0.080153848,1403.554785,0.018077374,-17.81492124,-0.080285539,1403.554798,971.66,39.88,47.23,0.08
0.14,0.09,36.78,29.44,1354.09,28.57458066,0.524580682,1403.560525,0.018974827,-8.625937571,-0.096384565,1403.552826,0.018974893,-8.647833145,-0.096166216,1403.55282,0.018975016,-8.688868114,-0.095757017,1403.552808,0.01897486,-8.637006555,-0.096274182,1403.552823,972.75,40.39,48.2,0.09
0.15,0.1,37.2,29.81,1355.42,28.62637561,0.556647482,1403.561085,0.02009668,37.63981098,-0.095569913,1403.555502,0.020096754,37.64828005,-0.095606019,1403.555495,0.020096892,37.66415209,-0.095673693,1403.555483,0.020096718,37.64409241,-0.095588166,1403.555499,974.31,40.9,49.11,0.1
0.16,0.11,37.57,30.19,1352.66,29.03870625,0.615052145,1403.562175,0.022135299,-8.826938558,-0.018836695,1403.555821,0.022135408,-8.844451928,-0.018854218,1403.555819,0.022135612,-8.877271768,-0.018887063,1403.555817,0.022135354,-8.835792294,-0.018845553,1403.55582,973.58,41.41,49.94,0.11
0.17,0.12,37.9,30.57,1355.42,29.13041185,0.644675104,1403.562854,0.023154608,-9.045940274,-0.027834076,1403.555907,0.023154735,-9.058590958,-0.027869605,1403.555905,0.023154971,-9.082305607,-0.027936195,1403.555901,0.023154672,-9.052335372,-0.027852037,1403.555906,973.58,41.93,50.71,0.12
0.18,0.13,38.19,30.95,1354.18,29.40032443,0.793257649,1403.566415,0.028251155,-12.17250497,-0.073937131,1403.554818,0.028251369,-12.11621922,-0.074037927,1403.554812,0.028251769,-12.01079522,-0.074226872,1403.5548,0.028251263,-12.14404762,-0.073988085,1403.554815,971.84,42.45,51.41,0.13
0.19,0.14,38.44,31.33,1354.66,29.49201559,0.819917073,1403.567141,0.029157207,-7.547083352,-0.084966062,1403.552852,0.029157437,-7.592538402,-0.085016049,1403.552844,0.029157867,-7.677734661,-0.085109823,1403.552828,0.029157323,-7.570062111,-0.084991328,1403.552848,974.49,42.98,52.04,0.14
0.2,0.15,38.66,31.71,1355.99,29.5426416,0.853344869,1403.568042,0.030289773,35.04760473,-0.088808541,1403.555526,0.030290022,35.11280382,-0.089013626,1403.555518,0.030290488,35.23499812,-0.089398032,1403.555504,0.030289899,35.08056504,-0.088912216,1403.555522,975.86,43.5,52.59,0.15
0.21,0.16,38.85,32.1,1354.85,29.95461866,0.914223167,1403.569755,0.032348676,-6.799441092,-0.01664892,1403.555833,0.032348963,-6.861402835,-0.01671845,1403.555831,0.032349499,-6.97751838,-0.016848787,1403.555828,0.032348821,-6.830765324,-0.016684068,1403.555832,976.5,44.04,53.09,0.16
0.22,0.17,39.01,32.49,1357.79,30.04624551,0.945086796,1403.570753,0.033378128,-7.09918169,-0.023648615,1403.555917,0.033378433,-7.154516832,-0.02378206,1403.555914,0.033379005,-7.258220937,-0.02403218,1403.55591,0.033378282,-7.127155585,-0.023716075,1403.555916,977.42,44.57,53.52,0.17
0.23,0.18,39.15,32.88,1357.79,30.31592448,1.099876973,1403.575913,0.038525386,-11.07628808,-0.060189932,1403.554945,0.038525784,-11.04436491,-0.060608872,1403.554935,0.038526532,-10.98455669,-0.06139407,1403.554916,0.038525587,-11.06014886,-0.060401719,1403.554939,979.89,45.11,53.89,0.18
0.24,0.19,39.26,33.28,1356.65,30.40753985,1.127642216,1403.576928,0.039440454,-5.05445986,-0.07032549,1403.553148,0.039440869,-5.154613038,-0.070715402,1403.553132,0.039441648,-5.342306544,-0.071446213,1403.553101,0.039440664,-5.105091088,-0.070522601,1403.55314,978.15,45.65,54.2,0.19
0.25,0.2,39.37,33.67,1359.89,30.45598821,1.16245036,1403.578191,0.040584289,28.11655158,-0.069387765,1403.555615,0.040584725,28.3336308,-0.070039591,1403.555605,0.040585543,28.74045314,-0.071261253,1403.555586,0.040584509,28.22629328,-0.069717284,1403.55561,977.05,46.19,54.47,0.2
0.26,0.21,39.46,34.07,1356.37,30.85347405,1.225840353,1403.580565,0.04266358,-3.758609483,-0.010925259,1403.555872,0.04266406,-3.887250559,-0.011124479,1403.555869,0.04266496,-4.128320499,-0.011497871,1403.555864,0.042663823,-3.823642969,-0.01102597,1403.555871,980.17,46.74,54.69,0.21
0.27,0.22,39.54,34.47,1359.41,30.94187825,1.257949005,1403.5819,0.043703226,-2.292847256,-0.014832881,1403.555945,0.043703728,-2.452073629,-0.015165927,1403.555942,0.043704668,-2.750645673,-0.015790121,1403.555936,0.04370348,-2.373334275,-0.015001246,1403.555943,980.72,47.29,54.87,0.22
0.28,0.23,39.62,34.87,1356.75,31.20207058,1.418952272,1403.588756,0.048901455,5.939795676,-0.026751625,1403.555236,0.048902065,5.612994107,-0.027912634,1403.555219,0.04890321,4.998840737,-0.030089468,1403.555187,0.048901763,5.774664159,-0.027338511,1403.555227,980.72,47.84,55.02,0.23
0.29,0.24,39.7,35.28,1361.6,31.29046556,1.447815766,1403.590077,0.049825584,-1.491631689,-0.021262485,1403.553826,0.049826214,-1.671135019,-0.022725391,1403.553793,0.049827395,-2.007380694,-0.025469613,1403.553732,0.049825903,-1.582384622,-0.022001917,1403.553809,981.17,48.4,55.13,0.24
0.3,0.25,39.78,35.69,1359.89,31.33751259,1.483994551,1403.591724,0.050980746,14.74937529,-0.032515318,1403.555806,0.0509814,15.25875935,-0.033994828,1403.555791,0.050982627,16.21344527,-0.036767854,1403.555764,0.050981077,15.00688511,-0.033263251,1403.555798,981.72,48.96,55.23,0.25
0.31,0.26,39.86,36.09,1360.46,31.72968398,1.549874326,1403.594797,0.05308082,1.679750091,-0.001540546,1403.555948,0.05308152,1.432385923,-0.001949615,1403.555944,0.053082832,0.968770392,-0.002716298,1403.555935,0.053081173,1.554699932,-0.001747343,1403.555946,981.63,49.52,55.31,0.26
0.32,0.27,39.94,36.5,1361.12,31.81690655,1.583226438,1403.59649,0.054130856,3.573864823,0.000223253,1403.555996,0.054131579,3.28475749,-0.000445525,1403.555991,0.054132934,2.742941903,-0.001698989,1403.555983,0.054131222,3.427710555,-0.000114833,1403.555994,984.19,50.08,55.38,0.27
0.33,0.28,40.03,36.91,1361.69,32.07361937,1.750445409,1403.605141,0.05938104,14.78189714,0.0189867,1403.555802,0.059381877,14.24680333,0.016800431,1403.555772,0.059383446,13.24404413,0.01270286,1403.555716,0.059381463,14.51138503,0.017881475,1403.555787,984.47,50.65,55.43,0.28
0.34,0.29,40.13,37.33,1361.69,32.16436277,1.780413083,1403.606785,0.060314406,4.577008456,0.03278362,1403.555219,0.060315263,4.264585793,0.030098202,1403.555154,0.060316871,3.679236475,0.025065174,1403.555033,0.060314839,4.419059966,0.031426057,1403.555186,984.74,51.21,55.49,0.29
0.35,0.3,40.23,37.74,1361.03,32.20313428,1.817970941,1403.608839,0.061481114,5.74619901,0.025235826,1403.556125,0.061481996,5.409397303,0.02246867,1403.556103,0.061483651,4.778211676,0.017282559,1403.556062,0.06148156,5.575932858,0.023836937,1403.556114,985.94,51.78,55.54,0.3
0.36,0.31,40.33,38.16,1363.4,32.58027134,1.886351079,1403.612652,0.063601503,8.924918466,0.037420004,1403.556196,0.063602451,8.519252769,0.033939054,1403.556166,0.06360423,7.758917533,0.027415132,1403.556111,0.063601982,8.719843312,0.03566027,1403.556181,985.75,52.36,55.6,0.31
0.37,0.32,40.43,38.57,1362.93,32.66415027,1.920941554,1403.614722,0.064661697,10.88123,0.046882153,1403.55626,0.064662679,10.42888053,0.0429714,1403.556225,0.064664519,9.581516814,0.035641829,1403.55616,0.064662193,10.65253313,0.044905146,1403.556242,985.75,52.93,55.66,0.32
0.38,0.33,40.52,38.99,1364.16,32.91123545,2.094339202,1403.62527,0.06996267,22.56626237,0.104563255,1403.556741,0.069963816,21.82843491,0.098256331,1403.556675,0.069965965,20.44961275,0.086437725,1403.556551,0.069963249,22.19308144,0.101374821,1403.556707,987.58,53.5,55.73,0.33
0.39,0.34,40.6,39.41,1363.78,33.00411167,2.125398633,1403.627255,0.070905065,11.32151685,0.125829591,1403.556951,0.070906241,10.86328635,0.118827983,1403.556875,0.070908445,10.00444904,0.105711062,1403.556735,0.070905659,11.08986767,0.122289802,1403.556912,987.58,54.08,55.8,0.34
0.4,0.35,40.67,39.83,1364.64,33.03283625,2.164322225,1403.629737,0.072083059,13.43693709,0.125701672,1403.556943,0.072084271,12.9316053,0.118497068,1403.556862,0.072086544,11.98458639,0.104994557,1403.556711,0.072083672,13.18147245,0.1220595,1403.556902,988.59,54.66,55.88,0.35
0.41,0.36,40.73,40.25,1364.45,33.39456321,2.23516991,1403.634332,0.074221331,17.50799624,0.154433503,1403.55723,0.074222681,16.91338769,0.146150134,1403.557131,0.07422521,15.79906913,0.130625592,1403.556949,0.074222013,17.20739832,0.150245991,1403.55718,989.69,55.24,55.97,0.36
0.42,0.37,40.79,40.67,1366.07,33.47501512,2.270981662,1403.636801,0.075290467,18.54738623,0.173151934,1403.557442,0.075291886,17.92966832,0.164234008,1403.557332,0.075294544,16.77208221,0.147520063,1403.557129,0.075291184,18.23510375,0.168643639,1403.557386,990.88,55.82,56.04,0.37
0.43,0.38,40.84,41.09,1366.64,33.72130443,2.450471799,1403.649347,0.080636148,24.1275046,0.272300341,1403.558745,0.080637909,23.38528307,0.260086435,1403.558574,0.08064121,21.99464139,0.237194794,1403.558255,0.080637038,23.75226824,0.266125841,1403.558659,989.51,56.4,56.1,0.38
0.44,0.39,40.88,41.51,1364.92,33.79399911,2.482615927,1403.651692,0.081586491,20.8372066,0.295229752,1403.559181,0.081588313,20.1698869,0.282311906,1403.558994,0.081591729,18.91927587,0.258101107,1403.558645,0.081587412,20.49985163,0.28869938,1403.559086,992.07,56.98,56.15,0.39
0.45,0.4,40.91,41.94,1364.92,33.82535829,2.522858393,1403.654627,0.08277442,21.66553162,0.315395886,1403.559311,0.082776318,20.97962877,0.301790378,1403.559112,0.082779877,19.69424442,0.27629021,1403.558742,0.08277538,21.31877978,0.308517905,1403.55921,992.17,57.57,56.19,0.4
0.46,0.41,40.93,42.36,1365.68,34.1713183,2.596136652,1403.660045,0.08493382,26.11628091,0.362180432,1403.56001,0.084935863,25.33447693,0.347096829,1403.55978,0.084939694,23.8691757,0.318826183,1403.559352,0.084934853,25.72105627,0.354555238,1403.559893,991.98,58.15,56.21,0.41
0.47,0.42,40.94,42.78,1368.25,34.24826362,2.63315052,1403.662932,0.08601352,20.4719721,0.390378179,1403.560473,0.086015636,19.80734192,0.3744523,1403.560224,0.086019603,18.56241071,0.344602715,1403.55976,0.08601459,20.13594739,0.382327203,1403.560347,993.91,58.73,56.22,0.42
0.48,0.43,40.95,43.21,1369.01,34.49987252,2.81863659,1403.677583,0.09141202,-29.63776337,0.500896113,1403.563099,0.091414498,-29.25418308,0.481389412,1403.562747,0.091419147,-28.52874113,0.444831263,1403.56209,0.091413272,-29.44415229,0.491034799,1403.562921,993.08,59.32,56.22,0.43
0.49,0.44,40.94,43.63,1368.73,34.54312844,2.851854149,1403.680306,0.092371753,34.19907557,0.472451765,1403.56393,0.092374296,33.24305926,0.453311313,1403.563551,0.092379066,31.45092895,0.417445986,1403.562844,0.092373038,33.71579578,0.462775307,1403.563738,994.55,59.9,56.21,0.44
0.5,0.45,40.93,44.06,1369.87,34.57583032,2.893377423,1403.683716,0.09357142,29.24844089,0.588960749,1403.564206,0.093574043,28.39609114,0.567099008,1403.56381,0.093578964,26.79881454,0.526123659,1403.56307,0.093572746,28.81754198,0.577909043,1403.564006,994.55,60.49,56.18,0.45
0.51,0.46,40.91,44.48,1369.77,34.90080779,2.969036844,1403.689999,0.095752435,32.7779533,0.652752035,1403.565509,0.095755205,31.84600285,0.629035476,1403.565063,0.095760402,30.09982238,0.584583613,1403.564232,0.095753835,32.30680058,0.64076267,1403.565283,996.48,61.07,56.14,0.46
0.52,0.47,40.88,44.91,1372.06,34.97308645,3.007222115,1403.693327,0.096842942,33.95967999,0.688496638,1403.566317,0.096845786,33.01291759,0.663766118,1403.565842,0.096851121,31.23765914,0.617414061,1403.564956,0.096844379,33.48110024,0.675994676,1403.566077,997.21,61.66,56.08,0.47
0.53,0.48,40.84,45.33,1370.06,35.2181503,3.198543873,1403.710188,0.102295479,40.16660496,0.87366306,1403.57068,0.10229869,39.17575913,0.843782402,1403.57005,0.102304716,37.30694051,0.787771606,1403.568876,0.102297102,39.66624512,0.858557833,1403.570361,998.03,62.24,56.02,0.48
0.54,0.49,40.79,45.75,1371.87,35.24145269,3.232794965,1403.713308,0.103264819,36.17019194,0.912598156,1403.571689,0.103268095,35.153857,0.881759587,1403.571026,0.103274244,33.25073256,0.82394173,1403.569789,0.103266475,35.65632428,0.897009217,1403.571354,996.48,62.83,55.94,0.49
0.55,0.5,40.73,46.18,1371.68,35.27951769,3.275577435,1403.717217,0.104476494,36.83744276,0.95058176,1403.572616,0.104479852,35.81791574,0.918508085,1403.571919,0.104486154,33.90745037,0.858392985,1403.570618,0.104478191,36.32202418,0.934367623,1403.572264,1000.51,63.41,55.84,0.5
0.56,0.51,40.66,46.6,1371.68,35.58796063,3.353556182,1403.724409,0.106678948,40.35685298,1.031714534,1403.574728,0.106682473,39.26033931,0.997401371,1403.573959,0.106689088,37.20558285,0.933088856,1403.572523,0.106680729,39.80251534,1.014368273,1403.574339,1000.42,63.99,55.74,0.51
0.57,0.52,40.59,47.02,1372.06,35.65656188,3.392886434,1403.728199,0.107780175,40.77974489,1.07615659,1403.575985,0.107783783,39.67252171,1.040639191,1403.575175,0.107790555,37.59786577,0.974069575,1403.57366,0.107781999,40.21998527,1.058201555,1403.575575,999.04,64.57,55.62,0.52
0.58,0.53,40.51,47.44,1372.82,35.91566347,3.589916766,1403.747377,0.11328631,41.20284844,1.30069537,1403.582646,0.113290335,40.06968685,1.259097995,1403.581618,0.11329789,37.94839069,1.181133603,1403.579696,0.113288344,40.62988469,1.2796667,1403.582126,1002.44,65.15,55.48,0.53
0.59,0.54,40.41,47.87,1374.25,35.89269768,3.625198912,1403.750913,0.114265179,43.16693192,1.341027539,1403.584106,0.114269278,42.02194344,1.298323918,1403.583032,0.114276971,39.87479526,1.218288179,1403.581026,0.11426725,42.58816011,1.319439535,1403.583563,1001.24,65.73,55.34,0.54
0.6,0.55,40.31,48.29,1374.15,35.93657282,3.669172127,1403.755345,0.115488764,44.04377497,1.396135704,1403.585562,0.115492956,42.86561126,1.352008558,1403.584439,0.115500824,40.65794177,1.269300014,1403.582341,0.115490883,43.4481553,1.373828287,1403.584994,1002.53,66.31,55.18,0.55
0.61,0.56,40.2,48.71,1373.58,36.22312606,3.749406178,1403.763488,0.117710343,46.85301021,1.493982438,1403.588682,0.117714806,45.61244564,1.447249532,1403.58746,0.117723179,43.28792991,1.359656397,1403.585176,0.117712599,46.22584006,1.470357768,1403.588064,1002.53,66.88,55.01,0.56
0.62,0.57,40.08,49.13,1374.34,36.28685872,3.78984309,1403.767762,0.118821133,47.49681391,1.546026274,1403.590487,0.118825731,46.24435882,1.497921547,1403.589209,0.118834356,43.89729483,1.407756971,1403.586819,0.118823457,46.86364493,1.521708123,1403.589841,1004.36,67.45,54.82,0.57
0.63,0.58,39.96,49.54,1375.1,36.5355107,3.992383387,1403.789365,0.124375081,49.95476766,1.809821108,1403.599907,0.124380357,48.66614687,1.754791662,1403.598337,0.124390244,46.24919646,1.651645409,1403.595403,0.124377748,49.30341337,1.78200245,1403.599113,1005.28,68.03,54.62,0.58
0.64,0.59,39.82,49.96,1375.58,36.49835829,4.028637287,1403.793335,0.12536245,49.65586151,1.859144874,1403.601847,0.125367846,48.3536511,1.802848949,1403.600219,0.125377957,45.91362799,1.697326358,1403.597175,0.125365178,48.9975261,1.830686097,1403.601024,1006.2,68.6,54.41,0.59
0.65,0.6,39.68,50.37,1377.48,36.54586958,4.073802813,1403.798314,0.12659666,50.03196434,1.919334754,1403.604009,0.126602208,48.72189755,1.861436459,1403.602315,0.126612599,46.26710792,1.752913414,1403.599145,0.126599465,49.36965924,1.890065803,1403.603152,1005.65,69.16,54.19,0.6
0.66,0.61,39.53,50.79,1377.77,36.81504127,4.15622305,1403.807453,0.128840631,52.48737115,2.031605033,1403.608336,0.128846461,51.12036739,1.97078072,1403.60651,0.128857376,48.55925454,1.856772749,1403.603094,0.128843579,51.7962646,2.000856934,1403.607412,1008.95,69.73,53.95,0.61
0.67,0.62,39.37,51.2,1377.77,36.8665324,4.197736694,1403.812231,0.129962617,54.43127031,2.090495103,1403.610782,0.129968587,53.04221628,2.028144237,1403.608883,0.129979764,50.4372531,1.911275096,1403.605331,0.129965636,53.72913383,2.058975288,1403.609822,1009.14,70.29,53.71,0.62
0.68,0.63,39.21,51.61,1379.39,37.06463636,4.405595228,1403.836368,0.135572544,68.69029474,2.395850589,1403.62344,0.135579219,67.16273628,2.325744609,1403.621166,0.135591707,64.27681587,2.19432605,1403.61691,0.13557592,67.91913224,2.360411007,1403.62229,1009.14,70.85,53.45,0.63
0.69,0.64,39.03,52.02,1379.01,37.05453386,4.442746423,1403.840793,0.136569865,53.51953526,2.464356826,1403.62594,0.136576665,52.1092262,2.392735794,1403.623592,0.136589385,49.46950111,2.258453656,1403.619199,0.136573304,52.80641806,2.428152455,1403.624753,1011.34,71.4,53.17,0.64
0.7,0.65,38.85,52.42,1379.29,37.10336362,4.489119756,1403.846343,0.137816515,55.17912457,2.511781294,1403.628912,0.137823472,53.75369097,2.438567747,1403.626477,0.137836484,51.08300672,2.301336411,1403.62192,0.137820034,54.45848277,2.474770208,1403.627681,1010.42,71.96,52.89,0.65
0.71,0.66,38.67,52.82,1379.86,37.34511487,4.573645006,1403.85652,0.140082437,57.50641087,2.636812881,1403.634623,0.140089679,56.0324159,2.560384715,1403.632021,0.140103221,53.27041759,2.417128197,1403.627152,0.1400861,56.76123373,2.59817672,1403.633307,1011.34,72.51,52.6,0.66
0.72,0.67,38.47,53.22,1379.67,37.36540553,4.616182998,1403.861825,0.141215398,57.57256925,2.7019654,1403.637798,0.141222782,56.09226276,2.623875229,1403.635104,0.14123659,53.31904281,2.477503233,1403.630063,0.141219132,56.8241732,2.662489069,1403.636435,1011.34,73.05,52.29,0.67
0.73,0.68,38.27,53.62,1380.06,37.31762577,4.82898852,1403.888604,0.146880203,56.14924265,3.028102766,1403.65413,0.146888299,54.66436612,2.941666865,1403.650966,0.146903435,51.88704615,2.779653967,1403.645045,0.146884297,55.39832866,2.984407374,1403.65253,1013.55,73.6,51.97,0.68
0.74,0.69,38.06,54.02,1381.86,37.5848505,4.866772236,1403.893502,0.14788728,59.70243958,3.084649343,1403.657334,0.147895501,58.18152409,2.996724974,1403.65408,0.147910874,55.33144115,2.831927004,1403.647989,0.147891438,58.93354949,3.040201269,1403.655688,1014.92,74.14,51.65,0.69
0.75,0.7,37.85,54.41,1381.48,37.60309094,4.914635545,1403.899648,0.149146125,59.96390734,3.164101124,1403.661114,0.149154505,58.4343394,3.074231702,1403.657751,0.149170173,55.56840504,2.905780711,1403.651455,0.149150363,59.19062615,3.118670118,1403.659414,1015.47,74.67,51.31,0.7
0.76,0.71,37.63,54.8,1382.91,37.80555892,5.001168122,1403.910907,0.15143452,62.1134931,3.301322259,1403.668375,0.151443197,60.53308486,3.207969905,1403.664805,0.151459419,57.57233877,3.032990441,1403.658122,0.151438909,61.31448854,3.254130556,1403.66657,1015.2,75.21,50.96,0.71
0.77,0.72,37.4,55.18,1382.72,37.84200282,5.044667371,1403.916761,0.152578718,61.88419822,3.372392377,1403.672359,0.152587543,60.32341751,3.277240697,1403.668677,0.152604041,57.39761966,3.098889054,1403.661784,0.152583181,61.09520143,3.324291053,1403.670497,1017.5,75.73,50.6,0.72
0.78,0.73,37.17,55.57,1382.72,37.9216886,5.262373278,1403.94629,0.158299707,58.31917999,3.726431176,1403.69277,0.158309273,56.95406691,3.622394997,1403.688515,0.158327156,54.38019543,3.427382183,1403.680547,0.158304545,57.62978721,3.673838915,1403.690618,1017.04,76.26,50.23,0.73
0.79,0.74,36.94,55.95,1382.91,38.02147193,5.30115805,1403.951679,0.159316772,64.35342381,3.785745553,1403.696718,0.159326469,62.71359129,3.68032847,1403.692352,0.159344598,59.64277596,3.482710906,1403.684179,0.159321676,63.52431779,3.732455976,1403.694511,1018.05,76.78,49.86,0.74
0.8,0.75,36.7,56.33,1385.1,38.03937136,5.349836921,1403.958446,0.160588102,64.17102537,3.874851315,1403.70144,0.160597965,62.54708689,3.767019404,1403.696942,0.160616401,59.50456313,3.564900317,1403.688521,0.16059309,63.35002389,3.820339834,1403.699165,1019.52,77.29,49.47,0.75
0.81,0.76,36.45,56.7,1384.91,38.21746957,5.438261748,1403.970832,0.162899553,66.27530181,4.023179444,1403.710417,0.162909709,64.60848858,3.911612284,1403.705669,0.162928696,61.48520486,3.702492426,1403.696779,0.162904689,65.43264458,3.966779684,1403.708016,1019.06,77.8,49.08,0.76
0.82,0.77,36.2,57.07,1385.2,38.25707935,5.482681162,1403.977256,0.164055278,65.53608309,4.099775474,1403.715291,0.164065582,63.86781249,3.986291441,1403.710409,0.164084844,60.74401859,3.773578395,1403.701266,0.164060489,64.69258586,4.042406701,1403.712822,1021.08,78.31,48.67,0.77
0.83,0.78,35.95,57.44,1386.06,38.37789074,5.705008419,1404.009643,0.169833903,59.36763477,4.478483955,1403.740191,0.169844943,57.6952003,4.35540659,1403.734622,0.169865581,54.58113365,4.124723634,1403.724194,0.169839486,58.5212176,4.416264989,1403.737376,1021.08,78.81,48.27,0.78
0.84,0.79,35.69,57.81,1386.34,38.42003704,5.74465808,1404.015543,0.170861214,67.94362139,4.539472991,1403.744966,0.170872385,66.25040627,4.41468506,1403.739267,0.170893268,63.07636289,4.180815939,1403.728595,0.170866864,67.08767654,4.476388361,1403.742085,1022.46,79.3,47.85,0.79
0.85,0.8,35.42,58.17,1386.82,38.42464135,5.794255904,1404.022954,0.172145353,67.24613278,4.637341719,1403.750697,0.172156687,65.55414549,4.510374826,1403.74484,0.172177877,62.38417138,4.272392389,1403.73387,0.172151085,66.39072645,4.573156925,1403.747736,1023.56,79.8,47.42,0.8
0.86,0.81,35.16,58.53,1387.58,38.58347249,5.884483967,1404.036509,0.174480042,68.89779454,4.794340481,1403.761545,0.17449169,67.16883973,4.66344398,1403.75539,0.174513468,63.92967969,4.418096339,1403.743864,0.174485933,68.02369538,4.728169162,1403.758433,1024.3,80.28,46.99,0.81
0.87,0.82,34.89,58.89,1388.34,38.61879674,5.929784481,1404.043525,0.175647386,68.36031638,4.87476792,1403.767381,0.175659192,66.63421865,4.741863715,1403.761068,0.175681264,63.40153436,4.492753152,1403.749244,0.175653357,67.48760948,4.807581647,1403.764189,1025.13,80.76,46.56,0.82
0.88,0.83,34.62,59.24,1389.01,38.74961326,6.15649442,1404.078878,0.181484107,63.87996684,5.273768003,1403.797101,0.181496701,62.17253585,5.130841536,1403.789981,0.181520243,58.98483406,4.862953388,1403.776644,0.181490476,63.01623204,5.201514875,1403.793501,1026.96,81.24,46.11,0.83
0.89,0.84,34.35,59.59,1389.01,38.74658573,6.196934934,1404.08531,0.182521746,69.88688629,5.340052364,1403.802723,0.18253448,68.14597482,5.195362907,1403.795451,0.182558284,64.88318088,4.924182048,1403.781831,0.182528186,69.00679958,5.266907455,1403.799046,1025.31,81.71,45.67,0.84
0.9,0.85,34.07,59.94,1390.06,38.76005156,6.247425697,1404.093388,0.183818795,69.85601635,5.438781267,1403.809587,0.183831704,68.10334518,5.29178949,1403.802129,0.183855835,64.82007711,5.01627681,1403.788159,0.183825324,68.96991198,5.364473243,1403.805816,1029.17,82.18,45.21,0.85
0.91,0.86,33.79,60.28,1390.44,38.89914156,6.339367527,1404.108156,0.186176284,71.06607542,5.603466061,1403.82243,0.186189522,69.28574202,5.452364786,1403.814625,0.186214268,65.95077403,5.169150656,1403.800006,0.186182979,70.1659802,5.527080529,1403.818484,1028.25,82.64,44.76,0.86
0.92,0.87,33.51,60.62,1390.92,38.93007479,6.385503408,1404.115786,0.187355029,70.63010749,5.687234808,1403.829289,0.187368431,68.89029165,5.534046371,1403.821299,0.187393485,65.62735404,5.246920916,1403.806334,0.187361807,69.7506767,5.60979413,1403.825249,1029.36,83.09,44.29,0.87
0.93,0.88,33.23,60.95,1392.06,39.05939483,6.616366255,1404.154213,0.193248751,66.41509102,6.103509071,1403.864127,0.193262976,65.04073903,5.940123301,1403.855202,0.193289569,62.42829239,5.633865305,1403.838486,0.193255945,65.7220146,6.020914279,1403.859614,1031.01,83.54,43.83,0.88
0.94,0.89,32.95,61.29,1392.25,39.02875148,6.657544875,1404.161195,0.194296524,72.30816206,6.173097004,1403.870648,0.194310895,70.45501146,6.008280735,1403.861549,0.194337762,66.98931967,5.699302185,1403.844505,0.194303792,71.37098835,6.089780884,1403.866048,1031.01,83.99,43.36,0.89
0.95,0.9,32.67,61.62,1393.11,39.05037326,6.708905397,1404.169963,0.19560624,72.04648662,6.275453313,1403.878711,0.195620794,70.24267791,6.107620001,1403.869396,0.195648003,66.86396197,5.793049444,1403.851949,0.195613601,71.13451231,6.190609079,1403.874001,1031.75,84.42,42.89,0.9
0.96,0.91,32.39,61.94,1393.97,39.17470862,6.802479846,1404.185988,0.197987686,73.05415536,6.447028137,1403.893677,0.198002591,71.24063973,6.274923811,1403.883963,0.198030277,67.83823698,5.952337763,1403.865766,0.197995257,72.13760155,6.360027058,1403.888766,1033.77,84.86,42.42,0.91
0.97,0.92,32.11,62.27,1393.59,39.20235999,6.84941604,1404.194253,0.199178409,73.46179918,6.534015403,1403.90162,0.19919349,71.58273491,6.359764188,1403.891695,0.199221415,68.08249058,6.033142417,1403.873101,0.199186086,72.51060457,6.445930555,1403.896602,1033.13,85.28,41.95,0.92
0.98,0.93,31.83,62.58,1395.02,39.34102978,7.084262658,1404.235863,0.205132025,76.67037343,6.971378688,1403.941897,0.205147983,74.27418251,6.786003073,1403.930903,0.205177101,70.00262906,6.438620388,1403.910302,0.205140227,75.44585502,6.877668952,1403.936339,1035.06,85.71,41.47,0.93
0.99,0.94,31.55,62.9,1395.11,39.27267141,7.126160851,1404.243414,0.206190445,73.66887943,7.052528182,1403.949372,0.206206559,71.85615815,6.864627978,1403.938182,0.20623589,68.44482181,6.512738382,1403.917212,0.206198741,72.75328864,6.957529449,1403.943715,1034.51,86.12,40.99,0.94
1,0.95,31.27,63.21,1395.11,39.30205165,7.178337781,1404.252897,0.207513471,73.82381019,7.145707167,1403.958703,0.20752978,71.98112159,6.956224614,1403.947263,0.207559376,68.52951646,6.601028466,1403.925825,0.207521884,72.89218318,7.0499298,1403.95292,1035.61,86.53,40.52,0.95
1.01,0.96,30.99,63.52,1396.16,39.40697155,7.273476085,1404.270222,0.209917623,74.41421079,7.323190861,1403.975905,0.2099344,72.564995,7.129311833,1403.96401,0.209964675,69.09991265,6.765862481,1403.941719,0.209926307,73.47940547,7.225193451,1403.969893,1037.36,86.94,40.04,0.96
1.02,0.97,30.71,63.83,1397.21,39.41128047,7.321172227,1404.279144,0.211119699,74.75170952,7.412642414,1403.984986,0.211136709,72.8731091,7.216557439,1403.972852,0.211167325,69.35703942,6.848965475,1403.950112,0.211128518,73.80166658,7.313531243,1403.978853,1036.63,87.34,39.57,0.97
1.03,0.98,30.44,64.13,1398.45,39.36287724,7.559679011,1404.324045,0.217130081,76.80306248,7.861928676,1404.030954,0.217148259,74.72229828,7.654637711,1404.017612,0.217180574,70.85631672,7.266026615,1403.992603,0.217139576,75.74812506,7.75715733,1404.024211,1038.93,87.73,39.09,0.98
1.04,0.99,30.17,64.44,1398.55,39.50751211,7.602028142,1404.332184,0.218198593,75.42960708,7.943993684,1404.039432,0.218216978,73.54666698,7.734494914,1404.025868,0.218249596,70.02098024,7.341773578,1404.000443,0.218208209,74.47746565,7.838104238,1404.032577,1039.2,88.12,38.62,0.99
1.05,1,29.9,64.73,1398.74,39.51319879,7.655336416,1404.342406,0.219534233,75.01142453,8.041913316,1404.050081,0.219552878,73.14333208,7.83023543,1404.036236,0.219585874,69.64385814,7.433377445,1404.010284,0.219543999,74.066992,7.934927816,1404.043084,1039.2,88.5,38.15,1
1.06,1.01,29.63,65.03,1400.65,39.59606797,7.751962717,1404.361074,0.221960985,75.66391628,8.22394742,1404.069619,0.221980192,73.78051575,8.007777265,1404.055264,0.222014034,70.24653311,7.602483883,1404.028351,0.221971071,74.71173564,8.114693732,1404.062365,1039.76,88.88,37.68,1.01
1.07,1.02,29.37,65.32,1400.55,39.61449579,7.800377193,1404.370674,0.223174361,74.21808538,8.31575619,1404.079886,0.223193849,72.37950382,8.097321505,1404.065262,0.223228114,68.95106461,7.687768797,1404.037846,0.223184607,73.28957047,8.20535911,1404.072496,1041.05,89.25,37.21,1.02
1.08,1.03,29.11,65.61,1401.03,39.66985862,8.04256223,1404.418974,0.22924124,61.89223362,8.766028357,1404.131804,0.229262134,60.43110436,8.536540964,1404.115826,0.229298514,57.87731836,8.106329358,1404.085866,0.229252287,61.16323177,8.650056754,1404.12373,1043.53,89.61,36.75,1.03
1.09,1.04,28.85,65.89,1401.79,39.69427706,8.085677519,1404.42772,0.230319796,76.71971576,8.832782617,1404.141391,0.23034094,74.79907994,8.601734416,1404.125164,0.230377696,71.18765501,8.168789534,1404.094734,0.230330986,75.74757959,8.716033449,1404.133192,1043.44,89.97,36.29,1.04
1.1,1.05,28.6,66.17,1402.08,39.6897212,8.139593101,1404.438706,0.231667992,76.10316951,8.956803741,1404.153315,0.231689448,74.20415247,8.722554379,1404.136778,0.231726674,70.64847637,8.283312575,1404.105767,0.231679359,75.14293095,8.838422166,1404.144959,1043.99,90.32,35.83,1.05
1.11,1.06,28.35,66.45,1402.08,39.75681485,8.23764324,1404.458762,0.234117713,76.58352101,9.143235294,1404.17528,0.234139697,74.68962463,8.904373015,1404.158171,0.234177723,71.13903344,8.456475424,1404.126087,0.234129381,75.62636266,9.022523978,1404.166635,1045.93,90.67,35.38,1.06
1.12,1.07,28.11,66.73,1403.32,39.77173356,8.286751184,1404.469062,0.235342574,76.74428147,9.237039434,1404.186776,0.235364821,74.79498324,8.995877097,1404.169369,0.235403247,71.15455694,8.543658038,1404.136724,0.235354392,75.75751178,9.115167094,1404.177981,1045.28,91.02,34.94,1.07
1.13,1.08,27.87,67,1405.04,39.81644323,8.532383042,1404.520871,0.241466877,78.48520753,9.707044681,1404.244855,0.241490443,76.08510198,9.454042891,1404.225942,0.241530868,71.71069459,8.97966623,1404.190469,0.241479446,77.25772786,9.579185966,1404.2353,1047.86,91.35,34.5,1.08
1.14,1.09,27.63,67.27,1404.56,39.82996717,8.576100018,1404.530243,0.242555642,76.08700923,9.792496629,1404.255503,0.242579443,74.23288418,9.536899527,1404.236317,0.242620223,70.74923966,9.057784629,1404.200329,0.242568344,75.15088038,9.663311793,1404.24581,1047.77,91.69,34.06,1.09
1.15,1.1,27.4,67.54,1405.99,39.83856429,8.630763373,1404.542017,0.243916598,76.93319824,9.893687513,1404.268872,0.243940692,75.01917039,9.636311463,1404.249337,0.243981917,71.43421154,9.153660551,1404.212694,0.243929468,75.965495,9.763627307,1404.259003,1048.69,92.01,33.63,1.1
1.16,1.11,27.18,67.8,1405.99,39.90628217,8.730188993,1404.563504,0.246390154,77.47713347,10.08398608,1404.293369,0.246414778,75.55847883,9.821915317,1404.273199,0.246456813,71.96270488,9.330452808,1404.235366,0.246403324,76.507365,9.951555061,1404.283179,1048.69,92.34,33.21,1.11
1.17,1.12,26.96,68.07,1407.04,39.92133908,8.779986306,1404.574526,0.247626932,77.33096504,10.17980809,1404.306146,0.247651821,75.3751775,9.915384392,1404.285647,0.247694261,71.72117452,9.419502919,1404.247195,0.247640253,76.34100046,10.04618919,1404.295791,1050.72,92.66,32.79,1.12
1.18,1.13,26.75,68.33,1408,39.99751771,9.029066811,1404.629954,0.253810821,76.70572658,10.65801424,1404.370654,0.253837035,74.40381911,10.38159601,1404.348491,0.253881502,70.20294876,9.86325907,1404.306912,0.253824895,75.52799679,10.51833094,1404.359458,1051.46,92.97,32.38,1.13
1.19,1.14,26.54,68.58,1407.81,39.96023662,9.073432288,1404.639973,0.25491018,77.36373161,10.74234131,1404.382465,0.254936629,75.52945742,10.46340997,1404.359999,0.254981456,72.06805901,9.940479075,1404.317851,0.254924387,76.43964649,10.60137336,1404.371117,1052.1,93.28,31.98,1.14
1.2,1.15,26.34,68.84,1409.33,39.97437788,9.128775421,1404.652557,0.256284377,77.62616838,10.8500627,1404.397262,0.256311121,75.69685649,10.56918972,1404.374413,0.256356398,72.08308654,10.04241126,1404.331546,0.256298751,76.65077051,10.70814,1404.38572,1052.66,93.59,31.58,1.15
1.21,1.16,26.15,69.09,1410.58,40.03153853,9.229562796,1404.67552,0.258783204,77.63496153,11.04403703,1404.424399,0.258810454,75.70854881,10.7583814,1404.400851,0.25885632,72.09916383,10.22261332,1404.356669,0.25879792,76.66117661,10.8997032,1404.412505,1054.87,93.89,31.19,1.16
1.22,1.17,25.96,69.34,1410.58,40.03575955,9.280028543,1404.687288,0.260032617,78.04845985,11.14103518,1404.438513,0.260060121,76.11511391,10.85299184,1404.414602,0.26010628,72.49196429,10.31273445,1404.369738,0.260047504,77.0712868,10.9954978,1404.426436,1053.76,94.18,30.81,1.17
1.23,1.18,25.78,69.59,1410.77,40.02239539,9.532383885,1404.746446,0.266279684,80.25026113,11.6286091,1404.509688,0.266308454,78.30995917,11.32858444,1404.483949,0.266356084,74.6601398,10.76579502,1404.435644,0.266295426,79.27152096,11.47703314,1404.496689,1056.81,94.48,30.44,1.18
1.24,1.19,25.61,69.83,1411.25,40.0867696,9.577232081,1404.757133,0.267390273,78.23848722,11.71773421,1404.52265,0.267419269,76.26773522,11.4155723,1404.496578,0.267467161,72.5851949,10.84874813,1404.447648,0.267406167,77.24089063,11.56508331,1404.509484,1057.64,94.77,30.08,1.19
1.25,1.2,25.44,70.08,1412.87,40.09124975,9.633462597,1404.770552,0.26877851,78.12244935,11.82280242,1404.539015,0.268807787,76.17535025,11.51792363,1404.512524,0.268856006,72.5303035,10.946032,1404.462803,0.268794594,77.1377751,11.66877616,1404.525638,1058.01,95.05,29.72,1.2
1.26,1.21,25.28,70.32,1413.73,40.14323071,9.735582197,1404.795037,0.271302621,78.23020055,12.01999212,1404.568882,0.271332305,76.27920604,11.71022968,1404.541623,0.27138096,72.627367,11.12916767,1404.49046,0.271318992,77.2434753,11.8635026,1404.555118,1059.39,95.33,29.38,1.21
1.27,1.22,25.12,70.56,1414.11,40.15478703,9.7867082,1404.807572,0.272564676,77.97588584,12.11872296,1404.584376,0.272594564,76.10813879,11.8065138,1404.556719,0.272643437,72.58509859,11.22085805,1404.504808,0.272581191,77.03537021,11.96099923,1404.570411,1059.39,95.61,29.04,1.22
1.28,1.23,24.98,70.79,1414.11,40.18880205,10.0424118,1404.870574,0.278874953,75.15722886,12.61077235,1404.662472,0.278905859,74.03396026,12.28685473,1404.632813,0.278955822,71.66710009,11.67904312,1404.577134,0.278892186,74.62929821,12.44716905,1404.647498,1060.13,95.88,28.72,1.23
1.29,1.24,24.84,71.03,1416.12,40.2003644,10.08790873,1404.881948,0.27999678,78.42147043,12.69508575,1404.676694,0.280027867,76.38584414,12.36992143,1404.646668,0.280078023,72.60879579,11.75946807,1404.590302,0.28001414,77.38617027,12.53089973,1404.661535,1060.68,96.15,28.4,1.24
1.3,1.25,24.7,71.26,1415.74,40.2067849,10.14479626,1404.896229,0.281399063,78.51931058,12.80985603,1404.694578,0.281430377,76.56702521,12.48060556,1404.664097,0.281480776,72.91084046,11.86293256,1404.606873,0.281416584,77.53223474,12.64353832,1404.67919,1062.81,96.42,28.09,1.25
1.31,1.26,24.58,71.49,1416.21,40.25932602,10.24826273,1404.922281,0.283945567,78.63355795,13.00980572,1404.727223,0.28397739,76.67578843,12.6756227,1404.695908,0.284028438,73.01769408,12.04868479,1404.637114,0.283963417,77.64355084,12.84100002,1404.711415,1064.47,96.68,27.79,1.26
1.32,1.27,24.46,71.72,1417.65,40.27100681,10.30006356,1404.935607,0.285218818,78.99254041,13.10992603,1404.744119,0.285250896,77.03008885,12.77326978,1404.712372,0.28530227,73.32875582,12.14169702,1404.652767,0.285236834,78.00036729,12.93987261,1404.728093,1063.36,96.94,27.5,1.27
1.33,1.28,24.35,71.95,1417.65,40.3052302,10.55914289,1405.002571,0.291585077,82.2975376,13.61281297,1404.829241,0.291618426,80.28254929,13.26376119,1404.795322,0.291671426,76.21185672,12.60873935,1404.731631,0.291603918,81.28005228,13.43650749,1404.81212,1066.13,97.2,27.23,1.28
1.34,1.29,24.25,72.17,1418.51,40.31715942,10.60524058,1405.014653,0.292716856,78.41697526,13.70595562,1404.844706,0.292750431,76.47090093,13.35464147,1404.810392,0.292803721,72.84917613,12.69503361,1404.74596,0.292735844,77.43335891,13.52851049,1404.827386,1066.68,97.45,26.96,1.29
1.35,1.3,24.15,72.4,1420.04,40.32365372,10.66288009,1405.029821,0.29413158,78.85689101,13.81172313,1404.86418,0.294165438,76.894268,13.45775447,1404.82937,0.294219089,73.21959471,12.79365458,1404.764004,0.294150751,77.86445423,13.63293727,1404.846611,1067.79,97.7,26.7,1.3
1.36,1.31,24.06,72.62,1420.23,40.37685375,10.76771512,1405.057489,0.296701783,78.95972776,14.01440133,1404.899705,0.296736175,77.00690112,13.65542943,1404.86399,0.296790536,73.34561748,12.98193488,1404.796921,0.296721295,77.97308794,13.8330913,1404.881679,1069.08,97.95,26.45,1.31
1.37,1.32,23.98,72.85,1422.05,40.38868104,10.82020179,1405.071629,0.297986884,78.61212085,14.11587258,1404.918054,0.298021544,76.62307541,13.75441168,1404.881872,0.298076259,72.92351129,13.07623706,1404.813924,0.298006568,77.60073445,13.93330794,1404.899793,1067.98,98.2,26.21,1.32
1.38,1.33,23.91,73.08,1423.19,40.42379539,11.08271202,1405.142674,0.304412391,75.68881124,14.62099528,1405.010454,0.304448387,73.41924454,14.24685617,1404.971922,0.304504877,69.43943169,13.54503441,1404.899554,0.304432928,74.48131836,14.43199826,1404.991008,1067.98,98.44,25.99,1.33
1.39,1.34,23.85,73.3,1422.72,40.43512603,11.12942107,1405.155486,0.305554703,79.34500165,14.70745554,1405.027236,0.305590937,77.41517404,14.33074132,1404.98828,0.305647742,73.77015281,13.62439432,1404.915112,0.305575393,78.37621709,14.5170905,1405.007577,1071.21,98.68,25.77,1.34
1.4,1.35,23.79,73.53,1423,40.44176559,11.18782317,1405.171568,0.306982594,78.91982544,14.82576248,1405.04832,0.307019124,76.95632237,14.44679835,1405.008824,0.307076323,73.27750923,13.73575423,1404.934645,0.307003473,77.92761907,14.63436727,1405.028389,1072.69,98.92,25.57,1.35
1.41,1.36,23.74,73.76,1424.34,40.49547992,11.29404861,1405.200899,0.309578992,79.19045818,15.03066977,1405.08684,0.309616017,77.23155515,14.64664565,1405.046365,0.309673882,73.56135478,13.92609688,1404.970344,0.309600185,78.20006283,14.83672291,1405.066415,1073.8,99.16,25.37,1.36
1.42,1.37,23.69,73.98,1424.72,40.50747864,11.34723187,1405.215879,0.310877191,78.88763544,15.13347475,1405.106698,0.310914463,76.87750441,14.74692668,1405.065719,0.310972662,73.12941549,14.02163686,1404.98875,0.310898542,77.86888939,14.93825445,1405.086019,1073.7,99.39,25.19,1.37
1.43,1.38,23.66,74.2,1426.73,40.54297818,11.61322696,1405.291129,0.317368186,76.69250146,15.64553403,1405.206673,0.317406695,74.27018928,15.24603323,1405.163156,0.317466559,69.90174249,14.49653177,1405.081414,0.317390323,75.44357049,15.44376227,1405.184715,1076.57,99.62,25.01,1.38
1.44,1.39,23.63,74.43,1426.73,40.55388806,11.66055642,1405.304693,0.318522141,79.4379307,15.7340337,1405.224819,0.318560869,77.49836369,15.33175399,1405.180844,0.31862103,73.85331373,14.57723128,1405.09824,0.318544418,78.45931093,15.53083128,1405.20263,1076.48,99.86,24.85,1.39
1.45,1.4,23.6,74.65,1426.92,40.5629597,11.71973642,1405.321716,0.319964584,79.1051541,15.85246507,1405.247582,0.320003587,77.1369925,15.44812484,1405.203026,0.320064118,73.44249732,14.68943356,1405.11933,0.319987036,78.11038302,15.64826508,1405.2251,1078.79,100.09,24.7,1.4
1.46,1.41,23.59,74.88,1428.46,40.6232965,11.82737914,1405.352761,0.322587172,78.87531149,16.05992524,1405.289183,0.322626713,76.92705325,15.65046485,1405.243573,0.32268803,73.28341871,14.8821402,1405.157894,0.32260996,77.89097908,15.8531427,1405.26617,1078.88,100.32,24.55,1.41
1.47,1.42,23.58,75.1,1429.22,40.63671119,11.88128056,1405.368606,0.323898466,79.94108272,16.16335394,1405.310596,0.323938275,77.91268253,15.75135951,1405.264443,0.323999986,74.11595502,14.97828482,1405.177745,0.323921422,78.91296371,15.95529377,1405.287309,1079.62,100.54,24.42,1.42
1.48,1.43,23.57,75.33,1429.6,40.66837656,12.15087665,1405.448187,0.330454934,88.25373393,16.68748513,1405.418327,0.330496089,85.61073936,16.26229636,1405.369447,0.330559766,80.6657344,15.46446915,1405.277621,0.330478733,86.88897494,16.4727506,1405.393666,1080.73,100.77,24.3,1.43
1.49,1.44,23.58,75.55,1430.85,40.6930207,12.19884219,1405.462526,0.331620528,78.13586087,16.79035319,1405.437793,0.331661923,76.19460098,16.36210424,1405.388422,0.331725949,72.56547887,15.55854017,1405.295676,0.331644477,77.1544052,16.57404091,1405.412885,1080.73,101,24.18,1.44
1.5,1.45,23.58,75.78,1431.13,40.70216099,12.2588538,1405.480519,0.333077521,79.23996799,16.88972051,1405.462392,0.333119214,77.27559486,16.459746,1405.412395,0.333183678,73.59387266,15.65294469,1405.318471,0.333101658,78.24736847,16.67258431,1405.437168,1081.28,101.22,24.08,1.45
1.51,1.46,23.6,76,1432,40.76929708,12.36798157,1405.51333,0.335725594,79.26115874,17.0995537,1405.507144,0.335767723,77.24778101,16.66441109,1405.456014,0.335832837,73.49527241,15.84790663,1405.359958,0.335750005,78.23992413,16.87981055,1405.481349,1083.96,101.44,23.98,1.46
1.52,1.47,23.62,76.23,1432.95,40.78422417,12.42263545,1405.530065,0.33704963,78.91631227,17.20449836,1405.530146,0.337091978,77.16496993,16.76670681,1405.478433,0.337157417,73.79237534,15.94525699,1405.381283,0.337074179,78.04801837,16.9834138,1405.504057,1084.52,101.67,23.9,1.47
1.53,1.48,23.65,76.46,1433.82,40.82820338,12.6960049,1405.614111,0.343669812,75.72841709,17.72693868,1405.64585,0.34371325,76.10726471,17.27763708,1405.591205,0.343780317,75.82700282,16.43397649,1405.488547,0.343695048,76.10272645,17.50015952,1405.618282,1086.28,101.89,23.82,1.48
1.54,1.49,23.68,76.68,1434.77,40.8430644,12.74465633,1405.629248,0.344846733,79.65900426,17.81606505,1405.666794,0.344890365,77.48730724,17.36722409,1405.611608,0.344957721,73.50323476,16.52325553,1405.507939,0.344872091,78.54576158,17.58973573,1405.638953,1085.91,102.11,23.76,1.49
1.55,1.5,23.71,76.91,1434.77,40.85136572,12.80549266,1405.64824,0.346317885,79.22034789,17.9387298,1405.693101,0.346361759,77.26425978,17.48297131,1405.637264,0.346429477,73.59429178,16.6277347,1405.532364,0.346343396,78.23267574,17.70859229,1405.664933,1088.87,102.33,23.7,1.5
1.56,1.51,23.76,77.14,1435.35,40.91921174,12.91615334,1405.682872,0.348992113,79.65751456,18.15058307,1405.741102,0.349036604,77.65295466,17.68964124,1405.684054,0.349105245,73.90884796,16.82465594,1405.576877,0.349018003,78.6422267,17.91783398,1405.712323,1088.68,102.55,23.65,1.51
1.57,1.52,23.8,77.37,1435.54,40.93427596,12.97157557,1405.700525,0.350329227,78.75680742,18.25709424,1405.76574,0.350374026,76.80575165,17.79349605,1405.708071,0.350443129,73.14801178,16.9235374,1405.599726,0.350355307,77.77108469,18.02300252,1405.736648,1090.63,102.77,23.61,1.52
1.58,1.53,23.85,77.6,1436.78,40.97854496,13.24878876,1405.789171,0.357014796,72.62532852,18.78362838,1405.889664,0.357061139,71.00108016,18.30710478,1405.82887,0.357132548,67.87864233,17.41285515,1405.714651,0.357041825,71.8185591,18.5430203,1405.858998,1092.29,102.99,23.57,1.53
1.59,1.54,23.91,77.83,1438.6,40.99377873,13.2981244,1405.805131,0.358203342,79.56974012,18.86994691,1405.91212,0.358249959,77.55916423,18.39151229,1405.850757,0.358321778,73.80675908,17.49357848,1405.735468,0.358230539,78.55086372,18.62839206,1405.881166,1091.83,103.21,23.54,1.54
1.6,1.55,23.97,78.06,1438.89,41.00213853,13.3598171,1405.825152,0.359689024,79.25233071,18.99918262,1405.940196,0.359735984,77.27180794,18.51718348,1405.878131,0.359808316,73.56617195,17.61272487,1405.761519,0.359716432,78.25040751,18.75579926,1405.908889,1091.83,103.43,23.52,1.55
1.61,1.56,24.03,78.29,1439.94,41.07068987,13.47203653,1405.86166,0.362390452,79.5495226,19.21327703,1405.991549,0.362438264,77.5693241,18.72599349,1405.928195,0.362511639,73.86114181,17.81159796,1405.809153,0.362418377,78.54838034,18.96722752,1405.959593,1092.75,103.65,23.51,1.56
1.62,1.57,24.1,78.53,1440.14,41.08593161,13.52824006,1405.88026,0.363741165,78.6758485,19.32072566,1406.017877,0.363789403,76.71694464,18.83080049,1405.953862,0.3638633,73.04769113,17.9114332,1405.833575,0.363769349,77.68564526,19.07334421,1405.985588,1095.07,103.88,23.51,1.57
1.63,1.58,24.17,78.76,1442.15,41.14025735,13.80936197,1405.973646,0.370494734,72.24873157,19.85206838,1406.150257,0.370545102,70.49268215,19.34907702,1406.082923,0.370621606,67.17551099,18.40511186,1405.956376,0.370524211,71.36628351,19.59809998,1406.116297,1096.74,104.1,23.51,1.58
1.64,1.59,24.24,79,1442.05,41.14133292,13.85940528,1405.990454,0.371695368,79.85268512,19.93881269,1406.174215,0.371746115,77.80571068,19.43373965,1406.10628,0.371823083,73.99987064,18.48582167,1405.978602,0.371725075,78.81265216,19.6838012,1406.139952,1097.11,104.32,23.51,1.59
1.65,1.6,24.32,79.23,1443.3,41.14888316,13.92193898,1406.011537,0.373196161,79.18219956,20.07019538,1406.204199,0.373247381,77.21042624,19.56173745,1406.135512,0.373324928,73.51765457,18.60753598,1406.006414,0.373226155,78.18538578,19.81346095,1406.169557,1099.05,104.54,23.52,1.6
1.66,1.61,24.39,79.47,1443.3,41.2119718,14.03572788,1406.049978,0.375924753,79.47905667,20.28625129,1406.258992,0.375977008,77.50116592,19.77249314,1406.188934,0.376055864,73.77862791,18.80830798,1406.057252,0.375955372,78.47922797,20.02684578,1406.22366,1099.89,104.77,23.54,1.61
1.67,1.62,24.48,79.71,1444.16,41.22599824,14.09270956,1406.069553,0.377289049,78.46942106,20.39468425,1406.287052,0.377341822,76.52877656,19.87826779,1406.216293,0.377421332,72.94988408,18.90905033,1406.083288,0.37731998,77.48972036,20.13393917,1406.251367,1100.16,104.99,23.56,1.62
1.68,1.63,24.56,79.95,1445.02,41.28919987,14.37771491,1406.167824,0.384110529,70.30351803,20.92996183,1406.428107,0.38416589,68.65871285,20.40050537,1406.353825,0.384248672,66.22102613,19.40710397,1406.214169,0.384143021,69.48334858,20.66265469,1406.390649,1103.13,105.21,23.59,1.63
1.69,1.64,24.64,80.19,1446.17,41.26651716,14.42846021,1406.185504,0.385323236,79.93387552,21.01521944,1406.453618,0.385379058,77.97758264,20.4837999,1406.378699,0.385462421,74.23757735,19.48747969,1406.237837,0.385356006,78.94781169,20.74693695,1406.415839,1102.94,105.44,23.62,1.64
1.7,1.65,24.73,80.43,1447.32,41.27964265,14.49181069,1406.207681,0.386839121,79.35369226,21.15127837,1406.485538,0.386895517,77.37413836,20.61639747,1406.409822,0.386979608,73.66833995,19.61237506,1406.267462,0.386872237,78.35267499,20.88123702,1406.447358,1104.8,105.66,23.65,1.65
1.71,1.66,24.82,80.68,1449.15,41.33201113,14.60714649,1406.248114,0.389594171,79.21815169,21.36990175,1406.543841,0.389651859,77.24940866,20.82966706,1406.466675,0.389737633,73.55987097,19.81555421,1406.321575,0.38962806,78.22332415,21.09716313,1406.504932,1104.8,105.89,23.69,1.66
1.72,1.67,24.91,80.92,1449.15,41.34172425,14.66488754,1406.268693,0.390971696,79.99329324,21.47902673,1406.57367,0.39103003,77.97770092,20.93612995,1406.495763,0.391116646,74.17435628,19.91699421,1406.349263,0.391005971,78.98407776,21.20494795,1406.534388,1106.37,106.12,23.73,1.67
1.73,1.68,25,81.17,1450.01,41.36621006,14.95366067,1406.371994,0.397859321,86.65385127,22.02999053,1406.72356,0.397920885,84.29971542,21.47346296,1406.641929,0.398011709,79.58210098,20.4284311,1406.488392,0.397895529,85.56286023,21.74911332,1406.682405,1108.04,106.35,23.77,1.68
1.74,1.69,25.09,81.42,1450.68,41.38943014,15.00502852,1406.390574,0.399083787,78.24601968,22.13609528,1406.75057,0.399145926,76.27224381,21.57673356,1406.668269,0.399237498,72.65162566,20.52598197,1406.513468,0.39912034,77.23248836,21.85391159,1406.709078,1108.87,106.58,23.82,1.69
1.75,1.7,25.18,81.67,1451.16,41.39043081,15.06928694,1406.413877,0.400614371,79.25384268,22.24354863,1406.784582,0.400677227,77.28523591,21.68187158,1406.701435,0.400769735,73.59517202,20.62736296,1406.545033,0.400651352,78.25921677,21.960014,1406.742664,1109.34,106.81,23.86,1.7
1.76,1.71,25.27,81.92,1452.5,41.43577253,15.18613458,1406.456361,0.403396539,78.88699706,22.46404619,1406.846498,0.403460795,76.90090882,21.89700033,1406.761815,0.403555209,73.19094027,20.83236043,1406.602512,0.403434353,77.88127424,22.17780942,1406.803808,1111.38,107.05,23.91,1.71
1.77,1.72,25.36,82.17,1452.5,41.44585088,15.2446224,1406.477974,0.404787624,79.24312991,22.57378466,1406.878146,0.40485258,77.30928419,22.0040298,1406.792679,0.404947947,73.6665589,20.93429618,1406.631895,0.404825853,78.2692118,22.28618122,1406.835062,1111.93,107.29,23.96,1.72
1.78,1.73,25.45,82.43,1452.31,41.47556694,15.53713264,1406.586454,0.411743045,81.45882845,23.12495404,1407.037129,0.411811501,79.89852748,22.54201901,1406.947722,0.411911633,76.74064216,21.44728699,1406.779492,0.411783354,80.71162132,22.83073932,1406.992063,1113.42,107.53,24.02,1.73
1.79,1.74,25.55,82.69,1454.71,41.48557299,15.58917174,1406.605959,0.412979565,79.34052432,23.22567946,1407.065757,0.413048642,77.35079751,22.6408648,1406.975636,0.413149622,73.60191698,21.54229104,1406.806061,0.413020243,78.34205136,22.93057064,1407.020332,1114.35,107.77,24.07,1.74
1.8,1.75,25.64,82.95,1455.38,41.49117793,15.65423621,1406.630423,0.414525214,79.13685556,23.34438607,1407.101817,0.414595069,77.16391056,22.75584333,1407.01081,0.414697107,73.46884141,21.65061242,1406.839554,0.414566354,78.13949496,23.04734061,1407.055947,1114.81,108.02,24.12,1.75
1.81,1.76,25.73,83.21,1456.72,41.53608548,15.7725879,1406.675017,0.417332659,79.08187432,23.56655847,1407.167387,0.41740401,77.05854427,22.97259221,1407.074758,0.417508357,73.29555223,21.8571517,1406.900443,0.417374612,78.05447568,23.26677649,1407.120699,1116.57,108.26,24.17,1.76
1.82,1.77,25.82,83.47,1457.4,41.53734,15.83182779,1406.697694,0.418736382,78.69162257,23.67756749,1407.200873,0.418808481,76.98156015,23.08081866,1407.107417,0.418913982,73.64828034,21.96017776,1406.93154,0.418778741,77.84969313,23.37637505,1407.153769,1116.57,108.51,24.23,1.77
1.83,1.78,25.91,83.73,1457.97,41.51301307,16.1280362,1406.811506,0.425754996,75.02080491,24.22987358,1407.369082,0.425830833,75.87266945,23.62141031,1407.271466,0.425942108,76.05930902,22.4777871,1407.087741,0.425799387,75.6946611,23.92293016,1407.319882,1118.24,108.76,24.28,1.78
1.84,1.79,26,84,1458.55,41.57920487,16.18066463,1406.831963,0.427002749,79.9461532,24.32348105,1407.399401,0.427079251,77.69697992,23.71613113,1407.301022,0.427191552,73.61726242,22.57281898,1407.115866,0.427047502,78.78626034,24.01740579,1407.349816,1119.17,109.01,24.33,1.79
1.85,1.8,26.09,84.27,1459.7,41.57934457,16.24664828,1406.85762,0.428562441,79.09651501,24.45507707,1407.437458,0.428639774,77.12323891,23.83947675,1407.338157,0.428753358,73.42781787,22.68327898,1407.151251,0.428607645,78.09894621,24.14438484,1407.387409,1120.75,109.26,24.38,1.8
1.86,1.81,26.17,84.53,1458.84,41.61263188,16.36648772,1406.904387,0.431396667,79.63615054,24.67925444,1407.506801,0.43147564,77.60632278,24.05818787,1407.405791,0.431591759,73.82745033,22.8916966,1407.215659,0.431442764,78.60624855,24.3658046,1407.455892,1122.23,109.51,24.43,1.81
1.87,1.82,26.26,84.8,1461.14,41.62002838,16.42645541,1406.928159,0.43281378,78.6561765,24.79210786,1407.542187,0.432893572,76.90427164,24.16822841,1407.440306,0.43301096,73.50892488,22.99647258,1407.248528,0.432860323,77.78846216,24.47723361,1407.490839,1122.51,109.77,24.48,1.82
1.88,1.83,26.34,85.07,1461.14,41.65258496,16.72634716,1407.047454,0.439899344,72.02498635,25.34943125,1407.719953,0.439983236,72.54101517,24.7134538,1407.613691,0.440106963,72.20981861,23.51809217,1407.413643,0.439948119,72.48321804,25.02858236,1407.666398,1124.37,110.02,24.53,1.83
1.89,1.84,26.43,85.34,1461.81,41.64355107,16.77970295,1407.068891,0.441159,79.42516463,25.44015795,1407.752042,0.44124362,77.1841536,24.80488338,1407.644979,0.441368475,73.19785268,23.60918571,1407.443425,0.441208171,78.27036827,25.11991503,1407.698083,1123.81,110.28,24.57,1.84
1.9,1.85,26.51,85.61,1463.73,41.64717489,16.84635716,1407.095776,0.44273357,79.11439792,25.57766705,1407.792132,0.442819101,77.12845704,24.93463987,1407.684097,0.442945365,73.41512438,23.72694349,1407.480699,0.442783237,78.10948742,25.2531342,1407.737685,1126.04,110.54,24.62,1.85
1.91,1.86,26.59,85.88,1464.6,41.67433863,16.9676453,1407.144778,0.445596145,79.3845254,25.80413795,1407.865382,0.445683179,77.41961426,25.15554183,1407.755541,0.44581202,73.731936,23.93739931,1407.54874,0.445646622,78.39248389,25.47679172,1407.810025,1127.16,110.8,24.66,1.86
1.92,1.87,26.67,86.15,1465.65,41.67614716,17.02832892,1407.169676,0.447027432,78.61421709,25.91776004,1407.902737,0.447115219,76.59375864,25.26640976,1407.791975,0.447245347,72.83834089,24.04308132,1407.583439,0.447078314,77.58819706,25.58902564,1407.846916,1127.99,111.06,24.7,1.87
1.93,1.88,26.75,86.42,1466.04,41.68222389,17.33176019,1407.294612,0.45418387,73.25801687,26.48035779,1408.090341,0.454275415,70.79845551,25.81483613,1407.974957,0.454411984,66.49939235,24.56508728,1407.757713,0.454236776,71.96472303,26.14443781,1408.032191,1127.99,111.32,24.74,1.88
1.94,1.89,26.82,86.7,1466.61,41.69116353,17.38571139,1407.317057,0.455456125,79.40088155,26.57356071,1408.124162,0.455548339,77.5032613,25.90495717,1408.007949,0.455686053,73.9082177,24.64981209,1407.789142,0.455509392,78.44827406,26.23602124,1408.065594,1129.85,111.57,24.78,1.89
1.95,1.9,26.9,86.97,1467.96,41.69585511,17.45317926,1407.345204,0.457046445,78.8925649,26.70985723,1408.166493,0.457139494,76.91843221,26.03915906,1408.049231,0.457278639,73.22336698,24.77947061,1407.82845,0.457100161,77.89426054,26.37135947,1408.107396,1131.8,111.83,24.81,1.9
1.96,1.91,26.97,87.24,1468.53,41.70987296,17.57587847,1407.396504,0.45993877,79.07431724,26.93804017,1408.24378,0.460033057,77.10599474,26.2617274,1408.124607,0.460174416,73.40424253,24.99150912,1407.90023,0.45999314,78.08252567,26.59670592,1408.18372,1132.17,112.09,24.84,1.91
1.97,1.92,27.04,87.51,1469.98,41.7129825,17.6372487,1407.422561,0.461384933,78.60281461,27.05239449,1408.283166,0.461479839,76.56942652,26.37328293,1408.163019,0.461622304,72.83924512,25.09779026,1407.936811,0.46143963,77.5597295,26.70965147,1408.222615,1133.66,112.35,24.87,1.92
1.98,1.93,27.11,87.79,1471.03,41.72194253,17.94412273,1407.553295,0.468615745,74.97524039,27.62075672,1408.480935,0.468713746,72.36166854,26.92717911,1408.355901,0.468861746,68.31474774,25.62510571,1408.120497,0.468672077,73.48828482,27.27059811,1408.41792,1135.61,112.6,24.9,1.93
1.99,1.94,27.18,88.06,1471.03,41.72534449,17.99868983,1407.576774,0.469901223,79.45620508,27.71713573,1408.516555,0.469999775,77.61262227,27.02023825,1408.390645,0.470148758,74.11625742,25.7130276,1408.153586,0.469957845,78.54422881,27.36508703,1408.453099,1136.36,112.86,24.92,1.94
2,1.95,27.25,88.34,1471.42,41.72711873,18.0669048,1407.60622,0.47150807,78.63534579,27.85126504,1408.561184,0.47160731,76.67724127,27.15261181,1408.434167,0.471757522,73.00702586,25.84055552,1408.195032,0.471565056,77.64598686,27.49865462,1408.497169,1139.24,113.11,24.94,1.95
2.01,1.96,27.31,88.61,1472.28,41.74142257,18.19098168,1407.659883,0.474429682,78.97823264,28.08100694,1408.642589,0.474530641,76.98817145,27.37676477,1408.513574,0.474682756,73.26931953,26.05411815,1408.270647,0.474487598,77.97092166,27.72557832,1408.577567,1138.4,113.36,24.97,1.96
2.02,1.97,27.38,88.89,1474.2,41.74459558,18.25304139,1407.687129,0.475890487,78.30508344,28.19637879,1408.684047,0.475992306,76.35203596,27.48929573,1408.554014,0.476145373,72.62889735,26.16128311,1408.309157,0.47594887,77.3181526,27.83951499,1408.618513,1139.98,113.62,24.98,1.97
2.03,1.98,27.44,89.16,1474.2,41.8027543,18.56336351,1407.823823,0.483194515,73.28096757,28.76832131,1408.8922,0.483300634,71.57665651,28.04730145,1408.75706,0.483458458,67.69074837,26.69242441,1408.502509,0.483255226,72.4301211,28.40442897,1408.824093,1140.82,113.87,25,1.98
2.04,1.99,27.5,89.44,1475.84,41.72399012,18.61860875,1407.848367,0.484493009,79.22755736,28.8634762,1408.929693,0.484599892,77.20464996,28.14029801,1408.793632,0.484758562,73.51141572,26.78042943,1408.537333,0.484554134,78.20170805,28.49850902,1408.861122,1140.82,114.12,25.01,1.99
2.05,2,27.56,89.72,1477.19,41.73796549,18.68742457,1407.879146,0.486116126,78.77489004,29.00187825,1408.976611,0.486223965,76.77595505,28.27495228,1408.839403,0.486383692,73.04739258,26.90940538,1408.580922,0.486177768,77.76219029,28.63499032,1408.907463,1141.84,114.37,25.03,2
2.06,2.01,27.62,89.99,1476.7,41.73883579,18.81283482,1407.935236,0.489068073,78.39724828,29.23441754,1409.062258,0.489177214,76.45283685,28.50169078,1408.922937,0.48933828,72.80335066,27.12523029,1408.660454,0.489130404,77.41549092,28.86459374,1408.992044,1143.98,114.62,25.04,2.01
2.07,2.02,27.67,90.27,1478.24,41.73902018,18.87554125,1407.963704,0.490544047,78.48342569,29.3501298,1409.105854,0.490653839,76.5180826,28.61458291,1408.965458,0.490815574,72.83849735,27.23278222,1408.700937,0.490606722,77.48968146,28.97888361,1409.035098,1145.66,114.87,25.04,2.02
2.08,2.03,27.73,90.55,1479.4,41.74744871,19.18907479,1408.10652,0.497923914,78.51553203,29.92932705,1409.324662,0.498036961,76.46619219,29.17952528,1409.178873,0.498202042,72.6737274,27.77080149,1408.904132,0.497988311,77.47212076,29.55088061,1409.251187,1146.77,115.12,25.05,2.03
2.09,2.04,27.78,90.83,1479.88,41.73668017,19.24482534,1408.132156,0.49923589,78.47041769,30.03233758,1409.363976,0.499349516,76.57806652,29.27989137,1409.217222,0.499515192,72.98959543,27.86623299,1408.940651,0.499300594,77.52027929,29.65254592,1409.290015,1147.24,115.37,25.06,2.04
2.1,2.05,27.83,91.1,1479.88,41.73442307,19.31447413,1408.164305,0.500875861,78.43251357,30.16071449,1409.413406,0.50099021,76.46882532,29.40540686,1409.265427,0.50115663,72.79641411,27.98617896,1408.986538,0.500940947,77.43969259,29.77950367,1409.338827,1149.1,115.62,25.06,2.05
2.11,2.06,27.88,91.38,1480.94,41.72835931,19.44119027,1408.222888,0.503857146,78.19031481,30.39454418,1409.503359,0.503973382,76.22049922,29.63352653,1409.35318,0.504141954,72.55686516,28.20349985,1409.070112,0.503923259,77.19361744,30.01045302,1409.427672,1149.38,115.88,25.06,2.06
2.12,2.07,27.93,91.66,1482.48,41.72700096,19.50453913,1408.252612,0.505347788,78.30653015,30.51109799,1409.54912,0.505464968,76.20636179,29.74721596,1409.397823,0.505634616,72.27111916,28.31180272,1409.112629,0.505414416,77.23507282,30.12556077,1409.47287,1150.96,116.13,25.06,2.07
2.13,2.08,27.98,91.94,1482.86,41.7475698,19.82127315,1408.401714,0.512801001,78.46751839,31.09473324,1409.778778,0.512922898,75.19779398,30.31555768,1409.621866,0.513097926,68.91102564,28.8511845,1409.326005,0.512870197,76.72386253,30.70140856,1409.6997,1152.27,116.37,25.06,2.08
2.14,2.09,28.03,92.22,1484.21,41.70500073,19.87760917,1408.428472,0.514126017,78.66602513,31.19870393,1409.820037,0.514248753,76.84717117,30.415259,1409.66212,0.514424736,73.45189268,28.94261638,1409.364352,0.514195669,77.75690951,30.80310391,1409.740454,1152.73,116.62,25.06,2.09
2.15,2.1,28.08,92.5,1485.55,41.70980893,19.94789944,1408.462028,0.515782287,78.38599369,31.32869642,1409.871877,0.51590607,76.43579593,30.54468218,1409.712689,0.51608325,72.7691942,29.07121317,1409.412503,0.515852509,77.40089631,30.9329926,1409.791653,1152.73,116.87,25.06,2.1
2.16,2.11,28.12,92.78,1486.52,41.68986105,20.07587225,1408.52317,0.518793746,78.3435212,31.56475266,1409.966259,0.518919269,76.38627569,30.77499841,1409.804759,0.519098426,72.6951961,29.29062508,1409.500184,0.518864909,77.3543319,31.16615503,1409.88487,1154.41,117.12,25.06,2.11
2.17,2.12,28.17,93.07,1487.77,41.68541381,20.13982805,1408.554183,0.520299476,78.0781946,31.68271683,1410.014249,0.520425868,76.07355117,30.89008191,1409.851575,0.520606013,72.44911477,29.40021948,1409.544769,0.520371109,77.06144678,31.28266611,1409.932269,1156.74,117.37,25.06,2.12
2.18,2.13,28.21,93.35,1488.25,41.68177543,20.45957295,1408.709737,0.527828125,75.43064875,32.27054014,1410.255088,0.527958865,72.96432781,31.4631437,1410.086517,0.528143953,69.91027912,29.94633652,1409.768515,0.527902108,74.14534901,31.8630158,1410.170138,1157.58,117.62,25.05,2.13
2.19,2.14,28.25,93.63,1489.31,41.66362859,20.51641152,1408.737646,0.529166551,79.17073312,32.37149851,1410.298374,0.529298064,77.38464409,31.56085748,1410.128745,0.529484031,73.64107797,30.04002175,1409.808727,0.529240952,78.28080144,31.96228488,1410.212891,1158.6,117.87,25.05,2.14
2.2,2.15,28.29,93.91,1489.98,41.65942659,20.58740347,1408.772646,0.530839584,78.30801151,32.50916307,1410.352669,0.530972063,76.36915463,31.69658419,1410.181711,0.531159129,72.67999336,30.16842466,1409.859175,0.530914507,77.32931415,32.09906807,1410.266516,1159.25,118.12,25.05,2.15
2.21,2.16,28.34,94.19,1489.98,41.63212104,20.71656754,1408.836415,0.533880267,77.91258084,32.74727291,1410.451557,0.534013556,75.87868657,31.92886045,1410.278149,0.534202384,72.31328837,30.38960845,1409.951013,0.533955595,76.87226268,32.33423329,1410.364168,1160.28,118.37,25.04,2.16
2.22,2.17,28.38,94.48,1491.14,41.622146,20.78110725,1408.86875,0.535400609,79.16286336,32.86572664,1410.501815,0.535534303,77.23083453,32.04425269,1410.327163,0.535724012,73.00704413,30.49964236,1409.997689,0.535476139,78.21304659,32.45112094,1410.413798,1162.14,118.62,25.04,2.17
2.23,2.18,28.42,94.76,1492.97,41.59616845,21.10372847,1409.030924,0.543002316,88.77905758,33.46749956,1410.753979,0.543138035,87.4596462,32.63149531,1410.573076,0.543332151,77.94285655,31.05509009,1410.23188,0.543078858,88.43457749,33.04575278,1410.662806,1162.42,118.87,25.04,2.18
2.24,2.19,28.46,95.05,1493.74,41.58826042,21.16104755,1409.060015,0.544353731,77.5720549,33.58747688,1410.799204,0.54448981,75.49587434,32.74972104,1410.617167,0.544684709,72.19544556,31.16051232,1410.273898,0.544430453,76.4914132,33.16528047,1410.707456,1164.66,119.12,25.04,2.19
2.25,2.2,28.5,95.33,1494.6,41.58608865,21.23268916,1409.096495,0.546042999,78.03519768,33.69861157,1410.856151,0.546179528,76.11015725,32.85619384,1410.672723,0.546375406,72.48848579,31.27233081,1410.326764,0.546119946,77.06398573,33.27340902,1410.763704,1164.38,119.36,25.03,2.2
2.26,2.21,28.53,95.62,1495.47,41.54437006,21.36298507,1409.162958,0.549115564,78.08937275,33.93837979,1410.95973,0.549252665,76.09473477,33.09009073,1410.773729,0.549449733,72.37966844,31.49518411,1410.422933,0.549192855,77.07859468,33.51021966,1410.865987,1164.38,119.61,25.03,2.21
2.27,2.22,28.57,95.91,1496.43,41.53507921,21.42806767,1409.196649,0.550651847,78.05480633,34.05834713,1411.012349,0.550789233,76.10438169,33.20701547,1410.825041,0.550986897,72.44832346,31.6064435,1410.471788,0.55072931,77.06917263,33.62864743,1410.917947,1166.62,119.86,25.03,2.22
2.28,2.23,28.61,96.19,1496.63,41.50766351,21.75340788,1409.365611,0.558333259,78.24093744,34.6579183,1411.276367,0.558472074,76.45463058,33.79171331,1411.082496,0.558672714,73.01269932,32.16326808,1410.716912,0.558411583,77.34901665,34.22071388,1411.178657,1168.11,120.11,25.03,2.23
2.29,2.24,28.65,96.48,1498.07,41.49851233,21.81120797,1409.395912,0.559698844,77.62324456,34.76476291,1411.323792,0.559837912,75.72207471,33.89613798,1411.128734,0.560039082,72.14906812,32.26303027,1410.760926,0.559777321,76.66512205,34.32635234,1411.225483,1169.88,120.36,25.03,2.24
2.3,2.25,28.68,96.77,1498.17,41.49335345,21.88344237,1409.433911,0.561405824,77.9712585,34.8968478,1411.383257,0.56154521,76.02757503,34.02466788,1411.186735,0.561747041,72.38166894,32.38507603,1410.816166,0.561484493,76.9893925,34.45662582,1411.284211,1170.35,120.61,25.03,2.25
2.31,2.26,28.72,97.05,1499.9,41.45060762,22.01482084,1409.503137,0.564509243,77.98240929,35.1388253,1411.491596,0.564649407,75.99317809,34.26067248,1411.292389,0.564852847,72.28576099,32.60987942,1410.916776,0.564588372,76.97458313,34.69559163,1411.391197,1172.03,120.86,25.04,2.26
2.32,2.27,28.76,97.34,1499.9,41.43068662,22.0804424,1409.538218,0.566060953,78.88460606,35.25983135,1411.54661,0.566201506,76.96449463,34.3786214,1411.34604,0.56640575,73.3392927,32.72213218,1410.967867,0.566140312,77.9175635,34.81505155,1411.445525,1172.87,121.11,25.04,2.27
2.33,2.28,28.79,97.63,1500.67,41.33868619,22.40839251,1409.714139,0.573819501,87.2032517,35.87186135,1411.82262,0.573962,85.76770531,34.97590387,1411.61521,0.574170263,82.6157542,33.29157613,1411.224184,0.573900011,86.52503718,35.4196684,1411.718088,1174.64,121.36,25.05,2.28
2.34,2.29,28.83,97.92,1503.18,41.40111654,22.46656529,1409.745683,0.575198798,76.45811337,35.99214057,1411.87215,0.575341643,74.39925282,35.09423271,1411.663504,0.575550621,70.74030576,33.40561545,1411.270162,0.575279513,75.40828149,35.53902986,1411.766995,1175.76,121.61,25.05,2.29
2.35,2.3,28.86,98.21,1502.7,41.38076979,22.53950837,1409.785237,0.57692292,78.06630646,36.10697759,1411.934345,0.577066197,76.09322476,35.20450037,1411.724169,0.577276069,72.39918125,33.50854523,1411.327948,0.577003891,77.07002519,35.65145519,1411.82842,1177.16,121.86,25.06,2.3
2.36,2.31,28.9,98.5,1503.66,41.3164478,22.67191598,1409.857295,0.580057386,77.43514971,36.35167375,1412.047561,0.580200776,75.53849763,35.44302061,1411.834556,0.580411764,71.97128279,33.73556696,1411.433049,0.580138453,76.4767405,35.89303596,1411.940209,1177.53,122.11,25.07,2.31
2.37,2.32,28.93,98.79,1504.72,41.30212802,22.73801687,1409.8938,0.581624619,79.03244505,36.47303266,1412.105032,0.581768066,76.89805099,35.56141131,1411.890591,0.581979611,72.96705264,33.84840695,1411.486401,0.581705734,77.94715264,36.01289649,1411.996956,1177.53,122.36,25.08,2.32
2.38,2.33,28.96,99.08,1505.21,41.25996848,23.0684068,1410.076851,0.589460783,91.82884163,37.09234387,1412.39329,0.589604514,87.84159051,36.16401889,1412.17165,0.589818848,81.09487961,34.42041297,1411.754011,0.589542139,89.7477293,36.62372193,1412.281584,1180.15,122.61,25.09,2.33
2.39,2.34,29,99.37,1506.46,41.24570789,23.12708283,1410.109665,0.590853879,76.32152896,37.22027025,1412.444921,0.59099766,74.55889839,36.28639507,1412.222004,0.59121249,71.18203574,34.53343021,1411.801976,0.590935277,75.43878264,36.74875296,1412.332571,1181.64,122.85,25.1,2.34
2.4,2.35,29.03,99.66,1506.94,41.23774877,23.20040259,1410.150815,0.592595248,77.64619148,37.32626113,1412.50999,0.592739093,75.70649238,36.39323421,1412.285429,0.592954543,72.06963837,34.64037311,1411.862335,0.5926767,76.66625416,36.85531348,1412.396811,1182.95,123.1,25.12,2.35
2.41,2.36,29.06,99.95,1507.62,41.16784517,23.33375042,1410.225773,0.595762568,77.5659002,37.57219146,1412.628255,0.595906267,75.5720431,36.63300986,1412.400729,0.596122527,71.86608597,34.8686886,1411.972105,0.595843967,76.55484552,37.09813593,1412.51358,1183.88,123.35,25.13,2.36
2.42,2.37,29.1,100.24,1507.91,41.14841287,23.40031131,1410.263737,0.597346228,77.27511845,37.69502947,1412.688264,0.597489854,75.52407546,36.75268477,1412.459234,0.59770652,72.13483987,34.98252392,1412.027804,0.5974276,76.4027352,37.21937072,1412.57283,1185,123.6,25.15,2.37
2.43,2.38,29.13,100.54,1507.91,41.08487665,23.73295867,1410.454091,0.605264528,74.01591029,38.30691701,1412.989275,0.60540779,74.52472287,37.35067952,1412.752693,0.605626481,74.13126015,35.55382905,1412.307183,0.605345766,74.43345974,37.82434026,1412.87003,1186.87,123.85,25.17,2.38
2.44,2.39,29.16,100.83,1510.12,41.08655613,23.79200467,1410.488208,0.606672226,79.10140933,38.41110904,1413.0433,0.606815422,76.38827425,37.45558298,1412.805349,0.607034474,71.68400502,35.65820535,1412.357294,0.60675344,77.68028588,37.9291183,1412.923364,1187.62,124.09,25.19,2.39
2.45,2.4,29.19,101.12,1512.54,41.07284361,23.86584429,1410.53099,0.608431848,77.5550053,38.55704453,1413.11105,0.608574964,75.61747514,37.5920472,1412.871417,0.608794465,71.98475594,35.78022181,1412.420214,0.608513032,76.57624096,38.06987326,1412.990266,1189.11,124.34,25.21,2.4
2.46,2.41,29.22,101.41,1512.83,40.99220707,24.00006778,1410.608918,0.61162638,77.87762757,38.80479651,1413.234263,0.611771952,75.91656949,37.8337954,1412.991635,0.6119958,72.24701009,36.01066913,1412.534789,0.611708994,76.88588708,38.314608,1413.111975,1191.08,124.59,25.24,2.41
2.47,2.42,29.25,101.7,1514.56,40.97425739,24.06704776,1410.648375,0.613223646,75.89956783,38.92918781,1413.29676,0.613370446,74.24419744,37.9551476,1413.052614,0.613596468,71.03133618,36.12631257,1412.592906,0.613306975,75.08027415,38.43747019,1413.17371,1191.45,124.84,25.26,2.42
2.48,2.43,29.28,102,1515.43,40.92156523,24.40180104,1410.846204,0.621209977,59.63289839,39.53534689,1413.610265,0.621362918,60.69138032,38.54854222,1413.358502,0.621599805,61.52116652,36.69480032,1412.884439,0.62129688,60.34657499,39.03735443,1413.483389,1191.45,125.08,25.29,2.43
2.49,2.44,29.31,102.29,1516.59,40.90342844,24.46123621,1410.881653,0.62262977,79.39941736,39.62001321,1413.666622,0.622783802,77.01916915,38.63477762,1413.413479,0.623022621,72.7365441,36.78233359,1412.936821,0.622717307,78.16933144,39.12307236,1413.539052,1192.76,125.33,25.32,2.44
2.5,2.45,29.34,102.59,1517.94,40.89066869,24.53549091,1410.926106,0.62440451,77.55399063,39.79560328,1413.737006,0.624559906,75.59788827,38.80048083,1413.482168,0.62480114,71.9383397,36.93200317,1413.002308,0.624492842,76.56461953,39.29328497,1413.608586,1194.26,125.58,25.35,2.45
2.51,2.46,29.37,102.88,1518.71,40.79421203,24.67053798,1411.007074,0.627631884,77.4261844,40.04589906,1413.865483,0.627790384,75.46728175,39.04469812,1413.60755,0.628035888,71.81758048,37.1647056,1413.121804,0.627722016,76.43502616,39.54052547,1413.735511,1196.41,125.83,25.38,2.46
2.52,2.47,29.4,103.17,1519.49,40.7727426,24.73790224,1411.048059,0.629245572,78.22904568,40.17084071,1413.930631,0.629405623,76.19346397,39.16659581,1413.671128,0.629653262,72.36814898,37.2808615,1413.1824,0.629336603,77.19503802,39.66393648,1413.799871,1198,126.09,25.41,2.47
2.53,2.48,29.42,103.47,1520.65,40.70974749,25.07454624,1411.253536,0.637314008,85.55289601,40.80202679,1414.257368,0.637481817,82.83134577,39.78194902,1413.989996,0.637740133,77.49249697,37.86609337,1413.486305,0.637409539,84.13576587,40.28712706,1414.122661,1199.31,126.34,25.44,2.48
2.54,2.49,29.45,103.76,1520.65,40.68801533,25.13430159,1411.290347,0.638748397,76.36143928,40.9247429,1414.31594,0.638917585,74.45655367,39.9008756,1414.047159,0.639177799,70.96719495,37.97750169,1413.540792,0.638844728,75.39968484,40.40787775,1414.180527,1200.05,126.59,25.48,2.49
2.55,2.5,29.48,104.06,1522.58,40.67610018,25.20895545,1411.33651,0.640541383,77.23561489,41.045649,1414.38949,0.640712295,75.3013721,40.01999789,1414.118937,0.640974882,71.67595303,38.09385141,1413.609195,0.640638713,76.25838233,40.52797411,1414.253188,1201.46,126.84,25.51,2.5
2.56,2.51,29.51,104.35,1524.7,40.57560514,25.34472361,1411.420587,0.643802808,77.0536157,41.29754717,1414.523401,0.643976728,75.12074466,40.2658142,1414.249618,0.644243909,71.49895992,38.32816205,1413.733756,0.643901883,76.07691482,40.77681817,1414.385479,1202.95,127.1,25.55,2.51
2.57,2.52,29.53,104.65,1525.67,40.54606379,25.41243998,1411.463136,0.64543352,77.22695042,41.42319946,1414.591281,0.645608945,74.98069142,40.38842752,1414.315862,0.645878422,70.90998569,38.44502808,1413.796898,0.645533468,76.06994438,40.90094413,1414.452538,1203.8,127.35,25.59,2.52
2.58,2.53,29.56,104.94,1528.37,40.44036793,25.7507753,1411.676435,0.653587083,77.8453691,42.05287422,1414.931689,0.653770028,72.76603016,41.00035118,1414.648066,0.65405099,64.67649697,39.02454475,1414.113551,0.653691393,75.05680655,41.52151703,1414.78883,1205.95,127.6,25.63,2.53
2.59,2.54,29.58,105.24,1529.53,40.45971679,25.81076701,1411.714642,0.655036605,77.41597883,42.16571281,1414.992718,0.655220887,75.94865568,41.10592444,1414.707636,0.655503891,72.94068281,39.1185133,1414.170351,0.655141691,76.70820134,41.63037175,1414.849129,1205.95,127.85,25.68,2.54
2.6,2.55,29.61,105.54,1530.89,40.43988729,25.88586922,1411.762552,0.656848508,77.18293888,42.30442847,1415.069307,0.657034461,75.21635634,41.24820376,1414.782365,0.657320018,71.55141572,39.2642152,1414.241562,0.656954563,76.18646306,41.7713867,1414.924784,1206.79,128.11,25.72,2.55
2.61,2.56,29.63,105.83,1532.14,40.32588067,26.02228748,1411.849809,0.660143475,77.18295218,42.55874371,1415.208743,0.660332938,75.26790817,41.49630314,1414.918461,0.660623698,71.66195354,39.50059824,1414.37131,0.660251557,76.21751574,42.02257301,1415.062546,1209.41,128.36,25.77,2.56
2.62,2.57,29.66,106.13,1533.4,40.30050643,26.09030431,1411.893955,0.661790958,77.59555927,42.68590135,1415.279404,0.661982176,75.66909749,41.62043786,1414.98743,0.662275539,71.67175997,39.61897235,1414.437063,0.661900054,76.62247364,42.14821736,1415.132359,1210.73,128.62,25.82,2.57
2.63,2.58,29.68,106.42,1534.37,40.22573583,26.4301745,1412.115251,0.670028376,79.15982017,43.32508837,1415.633756,0.670228367,79.61773571,42.24441971,1415.333301,0.670534741,72.37219959,40.2109239,1414.766814,0.670142539,80.52387792,42.77977694,1415.482461,1212.32,128.88,25.86,2.58
2.64,2.59,29.7,106.72,1535.34,40.20056306,26.49048376,1412.154882,0.671492805,78.57178748,43.44101237,1415.697284,0.671694357,74.65128478,42.36113848,1415.395315,0.672003043,71.29734624,40.31718819,1414.825959,0.67160787,75.66162259,42.89777105,1415.54523,1213.25,129.13,25.92,2.59
2.65,2.6,29.73,107.02,1535.34,40.18347458,26.56581691,1412.204578,0.673323343,77.73274543,43.58143824,1415.776985,0.673526844,75.0984723,42.48911547,1415.473082,0.673838422,71.47123789,40.44642656,1414.900072,0.673439533,76.05623138,43.0276275,1415.623952,1214.57,129.39,25.97,2.6
2.66,2.61,29.75,107.32,1536.59,40.05278572,26.70281624,1412.295085,0.676587408,77.68329848,43.83516302,1415.919282,0.676860119,75.00610733,42.73943939,1415.614751,0.677177206,71.35327043,40.68505361,1415.035147,0.676771199,77.52498574,43.28102141,1415.767349,1215.78,129.65,26.02,2.61
2.67,2.62,29.77,107.61,1538.82,40.02369988,26.77109313,1412.340864,0.678219441,77.4864423,43.96194471,1415.991363,0.678526757,79.43417665,42.86444741,1415.686524,0.678846598,70.71687334,40.8041702,1415.103581,0.678437031,75.08773662,43.41016507,1415.839997,1216.91,129.91,26.08,2.62
2.68,2.63,29.79,107.91,1539.59,39.93824157,27.11222966,1412.570328,0.686379605,76.11500022,44.59424677,1416.352795,0.686859947,117.1442376,43.52638745,1416.046423,0.687193559,65.29817241,41.39444116,1415.446733,0.686766195,58.51727796,44.03558311,1416.204438,1218.59,130.17,26.13,2.63
2.69,2.64,29.81,108.21,1539.79,39.90897265,27.17274666,1412.611414,0.687830301,77.32937151,44.70466648,1416.417594,0.688341403,70.7083394,43.69993147,1416.110762,0.688677463,71.3258911,41.49133739,1415.508273,0.688246935,76.78836752,44.122232,1416.270037,1219.44,130.43,26.19,2.64
2.7,2.65,29.83,108.51,1540.56,39.89282705,27.24833713,1412.662936,0.68964367,77.60885146,44.84787432,1416.498814,0.690193222,75.59166767,43.74714612,1416.191913,0.690532343,71.28161929,41.63557517,1415.585383,0.69009786,76.56236828,44.30145169,1416.35155,1219.44,130.69,26.25,2.65
2.71,2.66,29.85,108.81,1540.37,39.76054483,27.38579994,1412.756762,0.692940205,77.74715521,45.1037146,1416.646702,0.693521279,75.67044557,43.9987195,1416.337547,0.693901727,72.66220034,41.87575032,1415.725702,0.693413414,76.67996291,44.55529832,1416.498477,1222.34,130.95,26.32,2.66
2.72,2.67,29.86,109.11,1540.66,39.73117222,27.45430344,1412.804208,0.694588472,76.78914097,45.2318627,1416.721594,0.695185308,75.60315083,44.12463728,1416.411306,0.695586419,71.15858707,41.99816376,1415.796773,0.695071191,76.46074466,44.68241658,1416.572887,1224.97,131.21,26.38,2.67
2.73,2.68,29.88,109.41,1541.04,39.66016663,27.79656789,1413.042017,0.702829809,69.17136565,45.86470789,1417.097127,0.70350545,75.60578699,44.75366626,1416.781155,0.70400988,62.10407119,42.59756529,1416.153275,0.703360074,75.28676908,45.31619079,1416.946003,1225.53,131.47,26.45,2.68
2.74,2.69,29.9,109.71,1541.14,39.61030008,27.85730616,1413.08459,0.704294936,78.29259376,45.96605269,1417.164492,0.704984587,75.22825022,44.86549754,1416.847465,0.705507384,72.00195686,42.69056639,1416.217397,0.704833653,76.31417659,45.42713181,1417.012907,1226.28,131.73,26.51,2.69
2.75,2.7,29.91,110.01,1541.62,39.58721895,27.93308322,1413.137975,0.706126344,77.37480442,46.12589522,1417.248791,0.706833507,75.46157723,45.00442019,1416.930551,0.707379264,71.79680157,42.84592766,1416.297172,0.706675628,76.4202399,45.57011979,1417.096708,1227.69,132,26.58,2.7
2.76,2.71,29.93,110.31,1541.62,39.43764569,28.07095338,1413.235191,0.709457479,77.54546371,46.38364109,1417.402489,0.710195238,75.60354708,45.25810165,1417.081885,0.710748687,72.02197287,43.08784148,1416.441572,0.710024776,76.55656332,45.82606251,1417.249373,1228.44,132.26,26.65,2.71
2.77,2.72,29.94,110.61,1542.69,39.40444589,28.13962801,1413.284339,0.711123046,78.01924177,46.51279827,1417.480304,0.711876103,76.04346206,45.38518102,1417.158512,0.712433399,71.36523413,43.20917773,1416.514689,0.71169935,77.06352866,45.95426215,1417.32667,1229.47,132.52,26.72,2.72
2.78,2.73,29.96,110.91,1544.91,39.3069371,28.48271207,1413.530664,0.719450882,83.33636097,47.16252973,1417.870469,0.720280428,80.88145861,46.02427502,1417.542726,0.720856957,66.39038434,43.81032694,1416.881316,0.720072221,82.59689506,46.59950512,1417.71424,1230.97,132.79,26.8,2.73
2.79,2.74,29.97,111.21,1545.88,39.2763388,28.54355386,1413.574753,0.720931386,75.73470751,47.28590956,1417.940393,0.72177453,73.1724363,46.14512019,1417.611586,0.722354478,71.58795417,43.90974797,1416.947079,0.721560731,74.08395834,46.72245145,1417.783696,1232.57,133.05,26.87,2.74
2.8,2.75,29.98,111.51,1547.43,39.25160494,28.61953978,1413.63004,0.722782016,77.4698009,47.41449865,1418.028025,0.723642158,75.33407741,46.2703978,1417.69789,0.72422638,71.66140093,44.05436544,1417.029364,0.723421369,76.31521045,46.84756223,1417.870755,1233.51,133.32,26.95,2.75
2.81,2.76,29.99,111.82,1547.82,39.09233499,28.75770741,1413.730716,0.726144035,77.29393824,47.67495357,1418.187481,0.727023714,75.09805498,46.52514419,1417.854399,0.72762234,71.63697449,44.29772468,1417.179006,0.726792187,76.15347265,47.10480693,1418.028715,1233.51,133.58,27.03,2.76
2.82,2.77,30,112.12,1549.56,39.05688989,28.8265109,1413.781601,0.727825044,76.81415456,47.8048854,1418.268194,0.728714492,77.02721047,46.65211832,1417.933622,0.72932032,72.69289236,44.41936282,1417.254756,0.728477596,77.4298906,47.23315668,1418.10867,1235.29,133.85,27.11,2.77
2.83,2.78,30.01,112.42,1550.63,38.95238378,29.17021646,1414.036615,0.736230091,72.45312069,48.45051196,1418.672836,0.737168382,93.50872703,47.30329786,1418.330792,0.73781022,82.75855047,45.03651818,1417.634539,0.736904642,88.32978267,47.88566188,1418.509514,1238.39,134.12,27.2,2.78
2.84,2.79,30.02,112.72,1551.5,38.91730575,29.23115617,1414.082252,0.737724322,78.29594872,48.55877363,1418.745346,0.738671295,73.55272702,47.44383341,1418.401858,0.739319535,69.71937806,45.16142695,1417.70255,0.738402783,75.4206195,48.01799239,1418.581272,1239.52,134.39,27.28,2.79
2.85,2.8,30.03,113.02,1552.08,38.89679201,29.30726099,1414.139479,0.73959211,77.07641936,48.71448859,1418.836231,0.740549937,75.06029024,47.54450283,1418.491211,0.74120618,71.39646738,45.26996731,1417.787907,0.74027546,76.04989835,48.13442488,1418.671399,1240.93,134.66,27.37,2.8
2.86,2.81,30.03,113.32,1553.34,38.72759272,29.44565062,1414.243683,0.74298559,77.02514968,48.97604593,1419.001591,0.743966292,74.92915966,47.8009354,1418.653683,0.74463561,71.38287888,45.51481649,1417.943192,0.743678724,75.92956179,48.39324275,1418.835259,1242.05,134.93,27.46,2.81
2.87,2.82,30.04,113.63,1553.34,38.68993835,29.51454443,1414.296339,0.744682331,76.62014705,49.1067376,1419.08527,0.74567447,76.40170217,47.9289277,1418.735905,0.746350324,72.27876589,45.63721778,1418.02178,0.745380356,76.79153434,48.52244692,1418.91818,1243.18,135.2,27.55,2.82
2.88,2.83,30.04,113.93,1554.31,38.59562407,29.8586786,1414.560216,0.753166032,73.27271844,49.75676006,1419.504767,0.754215356,89.36454397,48.58146598,1419.148096,0.754923899,80.34054968,46.25690518,1418.415765,0.753888516,84.48575869,49.17580156,1419.333874,1245.06,135.47,27.64,2.83
2.89,2.84,30.05,114.23,1555.86,38.5320159,29.91970887,1414.60743,0.754674246,77.25393521,49.86727097,1419.579937,0.755733736,73.11527836,48.71715531,1419.22187,0.75644809,70.28363769,46.37935952,1418.486317,0.755401077,74.63764544,49.30359149,1419.408302,1246.19,135.75,27.74,2.84
2.9,2.85,30.05,114.54,1557.12,38.51196852,29.99582326,1414.666635,0.756559513,76.94420048,50.02048549,1419.674115,0.757631711,74.95942347,48.82634891,1419.314531,0.758353329,71.28502318,46.49465757,1418.574841,0.75729178,75.95148745,49.42726796,1419.501709,1246.75,136.02,27.83,2.85
2.91,2.86,30.05,114.84,1558.38,38.33271328,30.13431842,1414.774437,0.759988958,76.90984497,50.28436138,1419.845707,0.761082602,74.92761971,49.08502567,1419.48307,0.761818505,71.21438267,46.7416727,1418.735989,0.76072934,75.8877385,49.6883558,1419.671665,1248.26,136.29,27.93,2.86
2.92,2.87,30.05,115.14,1560.42,38.29298951,30.20324368,1414.828898,0.76170368,76.35681782,50.41624041,1419.932521,0.762808047,75.9099058,49.21430918,1419.568344,0.763551093,71.49538413,46.86505788,1418.817526,0.76244812,76.18771623,49.81879015,1419.757653,1248.26,136.57,28.03,2.87
2.93,2.88,30.05,115.44,1560.9,38.17672613,30.54751285,1415.101807,0.770277292,71.59989851,51.07089415,1420.367719,0.771435273,84.42868943,49.86920112,1419.995825,0.772214032,73.76254322,47.48441805,1419.226273,0.771042022,78.3883667,50.47353989,1420.188707,1250.51,136.85,28.14,2.88
2.94,2.89,30.05,115.75,1562.94,38.13565013,30.60853043,1415.150629,0.77180149,77.29660436,51.18002655,1420.4457,0.772969002,74.23762203,49.99869186,1420.07236,0.77375411,71.16338695,47.59801813,1419.299479,0.772569827,76.26558029,50.593302,1420.265906,1252.86,137.12,28.24,2.89
2.95,2.9,30.04,116.05,1564.68,38.11355195,30.68471776,1415.21185,0.773706737,76.7860727,51.3379822,1420.543375,0.774886164,74.84197107,50.12117876,1420.168398,0.775679208,71.24550486,47.72977086,1419.39128,0.774479583,75.79936499,50.73357725,1420.362712,1253.8,137.4,28.35,2.9
2.96,2.91,30.04,116.35,1565.36,37.93176417,30.82325787,1415.323318,0.777171294,77.06582114,51.60401197,1420.721289,0.778372289,74.74989429,50.38208728,1420.343172,0.77918002,71.03984183,47.97918798,1419.55841,0.777951133,75.73549745,50.99671855,1420.538884,1255.5,137.68,28.46,2.91
2.97,2.92,30.04,116.65,1567.5,37.87893391,30.89219752,1415.379619,0.778903573,75.48803207,51.73751146,1420.811283,0.780115352,74.31943,50.51238105,1420.431582,0.780930426,70.76548528,48.10353655,1419.642957,0.779686908,75.38701015,51.12817834,1420.627998,1256.72,137.96,28.57,2.92
2.98,2.93,30.03,116.95,1567.5,36.72768491,31.23641573,1415.661732,0.787564967,63.27858,52.39134305,1421.262435,0.788830667,71.00603425,51.16009824,1420.874761,0.789682456,68.5444317,48.72287822,1420.066762,0.788365783,72.69765195,51.78245281,1421.074702,1258.7,138.24,28.69,2.93
2.99,2.94,30.02,117.26,1569.53,38.50455892,31.29575021,1415.712194,0.789104771,77.94834172,52.48877962,1421.343344,0.790380056,74.95567745,51.27011423,1420.954152,0.791238373,71.31014736,48.82952763,1420.142665,0.789908695,76.03269903,51.89461883,1421.154721,1260.11,138.53,28.81,2.94
3,2.95,30.01,117.56,1571.77,37.98316128,31.3760871,1415.775475,0.791029525,76.33827583,52.66651899,1421.444459,0.792316792,74.36423888,51.42252096,1421.05362,0.793183268,70.79127915,48.97313479,1420.237819,0.791837334,75.30155687,52.04686529,1421.254978,1261.71,138.81,28.93,2.95
3.01,2.96,30,117.86,1572.74,37.78505856,31.51288047,1415.888406,0.794529734,76.34303107,52.93371891,1421.628854,0.795839921,74.77421651,51.68451576,1421.234834,0.796719215,70.84035413,49.22344896,1420.411023,0.795345599,75.69721043,52.31104317,1421.437621,1262.46,139.1,29.05,2.96
3.02,2.97,29.99,118.16,1574.29,37.74065179,31.58092042,1415.945426,0.796279838,77.03115144,53.06732719,1421.722104,0.797601486,73.53028658,51.81623536,1421.32648,0.798487188,70.77970063,49.34869281,1420.49862,0.797099732,74.25122922,52.44382614,1421.529986,1264.72,139.38,29.18,2.97
3.03,2.98,29.98,118.47,1576.33,37.60877729,31.92072038,1416.231119,0.805030361,83.92989917,53.74139001,1422.189524,0.806409308,64.61741697,52.46387705,1421.785908,0.807327054,71.27712558,49.9743759,1420.937721,0.805870397,63.24723007,53.09505877,1421.993009,1264.72,139.67,29.31,2.98
3.04,2.99,29.97,118.77,1577.79,37.56710175,31.98091818,1416.282208,0.806586009,74.82015917,53.87195543,1422.273203,0.807975143,75.10915748,52.56505726,1421.868293,0.808898586,69.9475202,50.08639017,1421.016371,0.807429626,76.56723222,53.1936757,1422.076043,1267.07,139.96,29.44,2.99
3.05,3,29.96,119.07,1579.92,37.54237178,32.05608693,1416.346267,0.80853057,76.09604446,54.00119691,1422.378131,0.809932437,74.27932309,52.73318849,1421.971238,0.810863001,70.5186856,50.22244023,1421.114897,0.809378663,75.19958379,53.36868241,1422.179785,1268.67,140.25,29.57,3
3.06,3.01,29.94,119.37,1581.38,37.34158784,32.19275051,1416.462891,0.812066097,75.85362379,54.27023656,1422.569106,0.813489132,73.81141186,52.99737744,1422.158841,0.81443413,70.32430248,50.47427161,1421.294286,0.812920039,74.9853812,53.63499243,1422.368834,1270.18,140.54,29.71,3.01
3.07,3.02,29.93,119.67,1582.74,37.29656762,32.26071685,1416.521763,0.813833861,75.75021908,54.40432784,1422.665664,0.81526748,74.43643243,53.1286398,1422.2537,0.816219695,70.23623051,50.59984022,1421.384992,0.814690727,74.62889376,53.76776815,1422.464419,1270.94,140.84,29.85,3.02
3.08,3.03,29.91,119.97,1583.23,37.18710412,32.60013882,1416.816722,0.822672679,74.83877951,55.07387028,1423.149616,0.824159219,79.05367725,53.79050914,1422.729116,0.82514752,69.51594083,51.22689696,1421.839626,0.823544167,71.61982911,54.42849062,1422.943501,1271.69,141.13,30,3.03
3.09,3.04,29.89,120.27,1583.23,37.10499508,32.66030341,1416.86946,0.824244025,75.6034424,55.19146786,1423.236249,0.825739973,73.65293588,53.91547353,1422.814163,0.826734689,70.02952673,51.33723049,1421.921018,0.825118112,75.31253567,54.54121629,1423.029278,1273.29,141.43,30.15,3.04
3.1,3.05,29.87,120.57,1584.2,37.08350028,32.73527717,1416.935584,0.826208207,75.80869038,55.34203133,1423.344871,0.827715915,73.85732336,54.04977262,1422.92097,0.82871865,70.36558654,51.47800967,1422.023061,0.827085544,74.85128348,54.6964302,1423.13679,1275.08,141.72,30.3,3.05
3.11,3.06,29.85,120.87,1586.63,36.86298898,32.87172776,1417.055967,0.829779764,75.86225355,55.61278644,1423.542583,0.831309819,73.63938016,54.31520877,1423.115268,0.832326878,70.26504938,51.7319048,1422.208845,0.830662381,74.54805655,54.96416104,1423.332481,1276.68,142.02,30.45,3.06
3.12,3.07,29.83,121.17,1587.5,36.81357529,32.93954737,1417.116723,0.831565543,74.97030047,55.74825964,1423.642526,0.833106771,75.44761168,54.44753521,1423.21349,0.834130993,70.8130489,51.85867098,1422.302767,0.832450799,76.0721279,55.09748416,1423.431404,1278.1,142.32,30.61,3.07
3.13,3.08,29.81,121.47,1588.48,36.64812602,33.27819084,1417.421107,0.840494437,67.26358339,56.41766152,1424.143459,0.842091532,90.64454056,55.12541393,1423.705769,0.843151564,75.38713208,52.49744515,1422.773513,0.841392891,88.3877751,55.77772816,1423.927181,1280.46,142.62,30.78,3.08
3.14,3.09,29.79,121.77,1590.03,36.63153761,33.33812356,1417.475521,0.842081796,76.87681577,56.52443297,1424.233194,0.843688823,72.03436902,55.27019961,1423.793797,0.844755221,69.87658669,52.61834027,1422.857762,0.842982597,73.47105265,55.91823867,1424.015838,1280.46,142.92,30.94,3.09
3.15,3.1,29.76,122.07,1591,36.60233588,33.41306634,1417.543748,0.844065995,75.77203051,56.69530392,1424.345507,0.845685436,73.95689849,55.37780486,1423.904396,0.846759793,70.13095344,52.74695073,1422.963431,0.844969728,74.83782387,56.03480246,1424.127217,1282.53,143.23,31.11,3.1
3.16,3.11,29.74,122.37,1592.85,36.38043305,33.54920333,1417.667955,0.847674271,75.96689078,56.96871029,1424.550135,0.8493177,73.97866779,55.64643581,1424.105592,0.850405631,70.58333467,53.00263687,1423.155778,0.848583606,75.16785874,56.30525718,1424.329772,1285.83,143.53,31.29,3.11
3.17,3.12,29.71,122.67,1594.89,36.32829067,33.61685915,1417.730628,0.849478408,75.77492883,57.10576503,1424.653558,0.851133831,73.45297865,55.78079082,1424.207288,0.852228551,69.12451182,53.13130459,1423.253,0.850390545,73.90350657,56.44108089,1424.432149,1287.44,143.84,31.47,3.12
3.18,3.13,29.69,122.97,1596.65,36.16623432,33.95465344,1418.044599,0.858499097,75.50706517,57.78930711,1425.171932,0.86021449,69.81995021,56.44779228,1424.71699,0.861343147,58.32882823,53.76134664,1423.74033,0.859425238,64.97716142,57.10877643,1424.945295,1289.23,144.15,31.65,3.13
3.19,3.14,29.66,123.26,1597.62,36.13414128,34.01443787,1418.10072,0.860102776,75.2429883,57.91039613,1425.264767,0.86182883,73.89101878,56.56050537,1424.80827,0.86296352,70.82837389,53.85586108,1423.827705,0.861031406,74.84946541,57.21314065,1425.037263,1291.12,144.46,31.84,3.14
3.2,3.15,29.63,123.56,1597.62,36.10566259,34.08914103,1418.171083,0.862107373,75.49948277,58.06163215,1425.380982,0.863846754,73.73962289,56.71854898,1424.92256,0.864988986,70.03989011,54.02552311,1423.936825,0.863039116,74.60014563,57.38489987,1425.152205,1293.95,144.77,32.03,3.15
3.21,3.16,29.6,123.86,1599.47,35.87905645,34.22488592,1418.299177,0.865753902,75.68708289,58.33694316,1425.592761,0.867515829,73.464905,56.98910518,1425.130715,0.868673519,70.04283663,54.28358742,1424.135925,0.866689882,74.90275481,57.65724758,1425.361757,1295.65,145.08,32.22,3.16
3.22,3.17,29.57,124.16,1600.93,35.82844659,34.29233239,1418.363799,0.867577166,74.7994256,58.47494071,1425.699781,0.869350366,74.09992856,57.1238793,1425.235909,0.870515786,69.27057545,54.41262501,1424.236544,0.868515265,72.90689708,57.79397381,1425.467652,1297.35,145.4,32.42,3.17
3.23,3.18,29.54,124.46,1601.41,35.68899792,34.62908905,1418.687516,0.876693487,67.88313511,59.15683628,1426.236155,0.878523054,78.94914818,57.80357477,1425.763089,0.87972712,62.65060536,55.05069939,1424.740831,0.877642181,56.74566387,58.45938895,1425.998404,1298.96,145.72,32.63,3.18
3.24,3.19,29.51,124.75,1602.58,35.62578041,34.68872388,1418.745371,0.878314166,75.93520272,59.26685307,1426.332234,0.880153754,73.43937119,57.93231714,1425.857393,0.88136469,70.53811115,55.15329417,1424.831143,0.879264744,76.05518243,58.55146235,1426.093546,1300.56,146.03,32.84,3.19
3.25,3.2,29.47,125.05,1603.95,35.59462348,34.76310371,1418.817906,0.880340015,75.42375078,59.43740579,1426.452428,0.882192129,73.63812541,58.07023203,1425.975733,0.883411653,70.00833929,55.3139682,1424.944195,0.881292948,74.54996476,58.74513529,1426.212382,1300.56,146.36,33.05,3.2
3.26,3.21,29.44,125.35,1604.04,35.3561512,34.89837963,1418.949953,0.884023962,75.14132686,59.71526287,1426.671449,0.885896944,73.55636009,58.34304768,1426.190924,0.887134091,70.06829994,55.57456987,1425.150139,0.884982697,74.379465,59.02020594,1426.429191,1303.02,146.68,33.27,3.21
3.27,3.22,29.4,125.64,1604.73,35.30278217,34.96556444,1419.016555,0.885865935,76.94387337,59.8536712,1426.782112,0.887749351,74.83738171,58.47930404,1426.299656,0.88899531,70.12880076,55.7049823,1425.254203,0.886827571,74.91664852,59.15742671,1426.538738,1306.23,147,33.49,3.22
3.28,3.23,29.37,125.94,1605.11,35.14494087,35.30098142,1419.350175,0.895075802,91.79399568,60.56231402,1427.33667,0.897011389,85.84575442,59.17245071,1426.844573,0.898301403,70.75400654,56.35760749,1425.775741,0.896051944,79.02917187,59.84848577,1427.087718,1307.46,147.33,33.72,3.23
3.29,3.24,29.33,126.23,1605.99,35.09354277,35.3603445,1419.409791,0.896713112,73.53632219,60.71260922,1427.435802,0.898657974,72.41942117,59.313803,1426.942034,0.89995582,70.01415841,56.4746641,1425.869099,0.897691832,74.02192738,59.97808479,1427.18593,1308.88,147.66,33.95,3.24
3.3,3.25,29.29,126.53,1605.5,35.06395897,35.43444371,1419.484534,0.898759749,75.51484164,60.82673202,1427.560338,0.900716204,73.61502924,59.43558873,1427.064338,0.902023841,70.16110896,56.61817906,1425.986051,0.899741692,74.55515702,60.11969082,1427.30911,1309.73,147.99,34.19,3.25
3.31,3.26,29.25,126.82,1605.5,34.82218566,35.56915194,1419.620596,0.902480367,75.62840057,61.10769389,1427.78671,0.904460816,73.30670916,59.71124839,1427.286953,0.905784917,69.90587641,56.88206034,1426.199039,0.903469587,74.23833146,60.39762458,1427.533286,1311.24,148.32,34.43,3.26
3.32,3.27,29.21,127.12,1606.19,34.76797159,35.63604164,1419.68921,0.904340676,73.81481049,61.24838608,1427.901072,0.906333121,74.21662052,59.84850095,1427.399422,0.907665455,69.00214735,57.01352101,1426.306649,0.905333534,75.79185689,60.53600091,1427.646539,1312.47,148.65,34.67,3.27
3.33,3.28,29.17,127.41,1609.01,34.60729747,35.96996941,1420.032891,0.91364222,59.36269811,61.93497785,1428.474203,0.915694649,81.32806394,60.54328192,1427.963021,0.917068146,61.00968405,57.66232686,1426.84591,0.91465327,88.88059801,61.24236103,1428.214062,1313.61,148.99,34.92,3.28
3.34,3.29,29.13,127.7,1610.77,34.55574681,36.02906001,1420.094297,0.915295828,75.84207505,62.03314048,1428.576883,0.917358921,73.32658437,60.67863391,1428.063803,0.918739735,70.66617103,57.76431,1426.94244,0.916310112,72.71286935,61.38962213,1428.315512,1315.03,149.32,35.18,3.29
3.35,3.3,29.09,128,1614.37,34.52592012,36.10281897,1420.171281,0.917362838,75.18070863,62.22553117,1428.70523,0.91943926,73.36838376,60.81320686,1428.190312,0.920829222,69.73711385,57.93171163,1427.063352,0.918381165,74.21677331,61.50719231,1428.442934,1316.73,149.66,35.44,3.3
3.36,3.31,29.05,128.29,1617.59,34.28093766,36.23690504,1420.311421,0.921115585,75.15007214,62.50766537,1428.938807,0.923218829,72.96686665,61.0905077,1428.420213,0.924629945,69.57308607,58.19676309,1427.283578,0.922145888,74.275972,61.78659788,1428.674548,1316.73,150.01,35.71,3.31
3.37,3.32,29.01,128.58,1620.51,34.22603434,36.30347237,1420.382077,0.922991959,74.37828123,62.64867498,1429.056786,0.925108613,73.62915326,61.22839935,1428.536343,0.926530307,70.4534347,58.32897711,1427.394824,0.924028249,73.84086452,61.9264121,1428.791539,1318.34,150.35,35.98,3.32
3.38,3.33,28.96,128.87,1623.64,34.06365754,36.63577593,1420.735975,0.932373827,67.70246688,63.34648221,1429.648004,0.934557535,78.56053797,61.92411545,1429.118251,0.936032115,78.17426718,58.99841212,1427.952294,0.933440056,70.6351994,62.62138805,1429.377814,1321.28,150.7,36.25,3.33
3.39,3.34,28.92,129.16,1625.68,34.01098861,36.69457184,1420.799198,0.934041715,76.12965188,63.45940232,1429.753837,0.936237343,72.83337308,62.05608209,1429.222298,0.937721325,68.38448326,59.13046489,1428.051989,0.935113266,74.34239499,62.73957558,1429.48276,1322.22,151.05,36.53,3.34
3.4,3.35,28.87,129.45,1627.73,33.98051005,36.76795748,1420.878458,0.936126574,74.94600441,63.63457598,1429.886333,0.938337104,73.12518731,62.1965295,1429.352895,0.939832838,69.5190438,59.2550672,1428.177069,0.937204778,73.93244575,62.90270796,1429.614148,1322.98,151.41,36.82,3.35
3.41,3.36,28.83,129.74,1628.91,33.73185892,36.90136547,1421.022739,0.93991737,74.92310279,63.91868098,1430.12762,0.942155436,72.9341211,62.47574577,1429.590436,0.943671805,69.42183958,59.52194849,1428.404592,0.941009185,74.09812564,63.18397705,1429.853514,1324.4,151.77,37.1,3.36
3.42,3.37,28.78,130.03,1628.91,33.67625109,36.96758137,1421.095469,0.941812768,74.9254886,64.06069008,1430.249475,0.944064602,73.03687835,62.61498913,1429.710407,0.945591288,69.96430068,59.65520256,1428.519506,0.942911389,73.15900844,63.32492675,1429.9744,1325.16,152.13,37.4,3.37
3.43,3.38,28.73,130.32,1629.49,33.51074718,37.29811504,1421.459739,0.951289758,74.95437582,64.77075817,1430.860094,0.953610433,73.76387704,63.31218683,1430.311567,0.955188705,75.14952904,60.32667912,1429.095344,0.952422405,65.39600565,64.02074332,1430.580192,1326.77,152.5,37.7,3.38
3.44,3.39,28.68,130.61,1630.96,33.45906083,37.3565878,1421.524807,0.952974556,75.14455592,64.89704116,1430.96935,0.95530747,73.18373961,63.43736683,1430.419105,0.956894912,68.55050796,60.4548998,1429.198342,0.954113253,75.1735561,64.13131799,1430.688661,1329.99,152.86,38,3.39
3.45,3.4,28.63,130.9,1632.23,33.42754053,37.42957268,1421.606376,0.955080554,74.67598485,65.05471492,1431.106229,0.957428766,72.73769668,63.59034455,1430.553914,0.959027672,69.32855595,60.58789677,1429.327484,0.956226812,73.60980914,64.30916354,1430.824352,1331.13,153.23,38.31,3.4
3.46,3.41,28.58,131.18,1633.79,33.17533168,37.56224434,1421.754861,0.958911733,74.73996717,65.34081196,1431.355528,0.961285542,72.92643749,63.87087761,1430.799224,0.962906612,69.3828376,60.85681813,1429.562546,0.960071477,73.42903115,64.59216857,1431.071658,1333.21,153.61,38.62,3.41
3.47,3.42,28.53,131.47,1635.55,33.11886068,37.62807968,1421.829695,0.960827322,74.20133979,65.48398305,1431.48141,0.963213931,73.00142477,64.0115081,1430.923096,0.964846083,69.04366689,60.99138408,1429.681251,0.961993809,75.31455507,64.73332357,1431.196536,1333.21,153.98,38.94,3.42
3.48,3.43,28.48,131.76,1637.11,32.9503785,37.95669603,1422.204493,0.970405269,70.04935106,66.19467954,1432.112202,0.972855872,75.17683447,64.71538359,1431.543835,0.974543434,67.00898019,61.6609248,1430.276085,0.971605471,91.42280717,65.45722158,1431.822259,1335.11,154.37,39.26,3.43
3.49,3.44,28.43,132.04,1639.06,32.89855595,38.01481951,1422.271432,0.972108015,75.25931787,66.3139558,1432.225098,0.974569995,71.60043621,64.84424593,1431.65492,0.976267408,69.19979317,61.77644652,1430.382543,0.973314211,71.92242901,65.61343938,1431.934083,1335.49,154.75,39.58,3.44
3.5,3.45,28.38,132.33,1640.33,32.86680005,38.08736837,1422.355346,0.974236448,74.4558019,66.48458764,1432.366419,0.976712649,72.57949734,64.99206534,1431.793996,0.978422375,69.09573544,61.93081911,1430.515826,0.975450135,73.47082754,65.72554672,1432.074503,1336.15,155.14,39.91,3.45
3.51,3.46,28.33,132.61,1641.8,32.61129371,38.21924307,1422.508096,0.978105086,74.57248871,66.7726302,1432.623688,0.980608667,72.8472576,65.27483634,1432.047264,0.98234125,69.38236646,62.20159669,1430.758571,0.97933473,73.41781856,66.01095108,1432.329881,1337.48,155.54,40.25,3.46
3.52,3.47,28.27,132.9,1642.78,32.55410312,38.28466782,1422.585067,0.980039405,74.08078888,66.9168772,1432.753576,0.982556676,72.76443512,65.41674344,1432.175137,0.984300688,68.56749061,62.33754711,1430.881138,0.981277027,75.07565451,66.15355031,1432.458817,1338.52,155.93,40.59,3.47
3.53,3.48,28.22,133.18,1642.78,32.3847776,38.6112179,1422.970545,0.989711001,70.04136736,67.63335664,1433.404425,0.99229672,72.91334824,66.12547224,1432.815916,0.994097876,62.29611405,63.00931572,1431.495337,0.990988513,89.14458048,66.88264647,1433.104876,1339.47,156.34,40.93,3.48
3.54,3.49,28.17,133.47,1642.78,32.32998362,38.66896929,1423.039384,0.991430396,74.87556191,67.75378541,1433.520904,0.994028283,72.42384976,66.25172632,1432.930598,0.995839599,69.64948975,63.11781826,1431.60531,0.992714999,72.09146226,67.03655338,1433.220358,1340.8,156.74,41.28,3.49
3.55,3.5,28.11,133.75,1644.93,32.29828985,38.74104144,1423.125676,0.993579639,74.52431307,67.9251737,1433.666695,0.996192737,72.74351828,66.40833634,1433.074128,0.998016752,69.21181996,63.28594944,1431.742829,0.994873107,73.6557041,67.15585031,1433.36528,1342.32,157.15,41.63,3.5
3.56,3.51,28.06,134.03,1646.2,32.03927796,38.87205684,1423.282754,0.99748954,74.79672277,68.21655633,1433.932341,1.000130723,72.43505502,66.6947993,1433.335701,1.001977363,68.86105614,63.56007056,1431.993527,0.998798938,73.48012579,67.44501015,1433.628984,1343.74,157.56,41.98,3.51
3.57,3.52,28,134.31,1647.67,31.9813291,38.93703921,1423.361891,0.99944449,73.28792099,68.3627802,1434.066446,1.002099716,72.40040089,66.83742342,1433.467757,1.003957669,69.59867225,63.6964365,1432.120098,1.000761854,72.79468659,67.58924542,1433.762113,1344.4,157.98,42.34,3.52
3.58,3.53,27.95,134.59,1648.45,31.77642053,39.26136341,1423.758204,1.009219241,62.79357542,69.07915136,1434.738431,1.011944681,72.72402186,67.55020284,1434.129405,1.013859197,76.58697723,64.38556973,1432.75426,1.010576431,67.78637656,68.3036945,1434.429155,1344.4,158.4,42.71,3.53
3.59,3.54,27.89,134.87,1649.52,31.77668722,39.31865162,1423.828969,1.010956974,74.19676506,69.18826986,1434.858765,1.013694897,71.9504826,67.67748559,1434.247725,1.015619469,67.2815067,64.52038362,1432.867614,1.012321245,73.52495045,68.4219691,1434.548495,1346.21,158.82,43.07,3.54
3.6,3.55,27.83,135.15,1650.41,31.73644276,39.39037083,1423.917673,1.013129141,73.75863019,69.37598806,1435.009142,1.015882667,72.15841774,67.83395626,1434.396052,1.017819809,68.78952155,64.65013317,1433.009855,1.014502262,72.97004954,68.59504688,1434.697947,1347.73,159.25,43.44,3.55
3.61,3.56,27.78,135.43,1651.19,31.48348489,39.52052191,1424.079141,1.017075099,74.4432495,69.66703653,1435.282963,1.019860441,72.055297,68.12098611,1434.66594,1.021823167,68.45648882,64.92552227,1433.268721,1.018468556,73.17216923,68.88446756,1434.970078,1349.34,159.68,43.82,3.56
3.62,3.57,27.72,135.71,1651.29,31.42685814,39.58507877,1424.160475,1.019048078,71.9924848,69.81391151,1435.421166,1.021849328,72.08358666,68.26429593,1434.802168,1.023824846,69.41375479,65.0625502,1433.399394,1.020451703,73.24965274,69.02957874,1435.107435,1350.39,160.12,44.19,3.57
3.63,3.58,27.66,135.99,1652.85,31.26013707,39.90728247,1424.567777,1.028912974,52.99718328,70.52410985,1436.113711,1.031793761,71.95905134,68.98112639,1435.484723,1.033833242,77.63151778,65.75727053,1434.054092,1.030367439,74.94653931,69.75590293,1435.795684,1352,160.56,44.58,3.58
3.64,3.59,27.61,136.26,1652.85,31.2042757,39.96425925,1424.640498,1.030666733,75.38391662,70.61705415,1436.237824,1.033561661,72.70852832,69.10834275,1435.606796,1.035612512,67.17450069,65.89539798,1434.171096,1.032130236,72.12707424,69.8880185,1435.918818,1353.42,161,44.96,3.59
3.65,3.6,27.55,136.54,1653.34,31.17321102,40.03535525,1424.731646,1.032858932,73.93074387,70.8326467,1436.392619,1.035771535,71.93596334,69.26899789,1435.759758,1.0378366,68.22385332,66.02207461,1434.317942,1.034333733,72.798713,70.04199387,1436.072968,1353.33,161.45,45.35,3.6
3.66,3.61,27.49,136.82,1655.3,30.91656473,40.1646025,1424.897564,1.036847564,73.22325631,71.12752925,1436.675212,1.039787796,71.07779786,69.55791149,1436.038021,1.041877516,68.16245087,66.29776145,1434.584781,1.038336231,72.1472515,70.33337058,1436.353375,1354.66,161.9,45.74,3.61
3.67,3.62,27.43,137.09,1656.18,30.86578094,40.22869408,1424.981126,1.03884188,72.43949087,71.27355957,1436.817832,1.041795926,72.75786787,69.70064498,1436.178459,1.043897974,68.16124647,66.43548081,1434.719454,1.04033748,72.79953069,70.4777552,1436.494891,1355.8,162.35,46.13,3.62
3.68,3.63,27.37,137.36,1657.06,30.71693005,40.5486256,1425.399568,1.048813461,64.27230401,71.99589579,1437.532303,1.051836579,85.51848329,70.43118145,1436.881972,1.054000263,69.03344818,67.12406544,1435.394202,1.050343725,76.74444217,71.20620516,1437.203835,1355.89,162.8,46.53,3.63
3.69,3.64,27.31,137.64,1659.51,30.65260534,40.60522802,1425.474268,1.050586186,74.37051557,72.10983294,1437.660025,1.053621584,70.67389474,70.58383236,1437.007567,1.055796225,67.56774962,67.24804693,1435.514876,1.052122613,72.87151557,71.34272493,1437.330493,1355.89,163.26,46.93,3.64
3.7,3.65,27.25,137.91,1661.37,30.61810455,40.67579355,1425.567897,1.052802093,73.10039637,72.29540377,1437.820195,1.05585284,71.21601771,70.70662727,1437.165524,1.058041179,67.75514297,67.39700849,1435.666045,1.054346223,72.13792426,71.49332641,1437.489534,1357.98,163.72,47.34,3.65
3.71,3.66,27.19,138.18,1662.45,30.3676704,40.80413516,1425.738325,1.056828833,72.73040132,72.58976007,1438.11138,1.059909663,70.90159311,70.99553806,1437.452431,1.062125937,67.39730992,67.67377186,1435.941396,1.058389244,71.83756792,71.78498152,1437.778648,1360.65,164.19,47.74,3.66
3.72,3.67,27.14,138.46,1663.03,30.3116737,40.86778109,1425.824144,1.058842203,72.53305674,72.73619329,1438.258305,1.061938074,70.74602086,71.13935566,1437.597203,1.064168316,69.21048599,67.81142272,1436.080343,1.060410754,72.05201761,71.9302019,1437.924532,1363.02,164.66,48.15,3.67
3.73,3.68,27.08,138.73,1664.5,30.13899464,41.18542396,1426.253873,1.068909054,70.90890784,73.46637271,1438.994362,1.072080132,70.04491182,71.85686589,1438.322482,1.074380211,85.13675176,68.51819296,1436.77644,1.070518306,74.10471591,72.65847137,1438.655383,1365.49,165.13,48.57,3.68
3.74,3.69,27.02,139,1665.58,30.09301967,41.2415721,1426.330583,1.070698716,72.46650741,73.59327571,1439.125946,1.073883165,69.88301444,71.98315914,1438.452146,1.076195659,65.1706467,68.67275432,1436.900762,1.072315204,71.68966961,72.79162999,1438.786023,1367.21,165.61,48.98,3.69
3.75,3.7,26.96,139.27,1665.58,30.06738888,41.31168489,1426.426721,1.072935794,72.50198036,73.75933297,1439.290879,1.076136955,70.72931212,72.14252948,1438.614653,1.078464969,67.56407845,68.77764098,1437.056919,1.074561326,71.60349363,72.94688092,1438.949812,1370.35,166.09,49.4,3.7
3.76,3.71,26.9,139.54,1667.34,29.82333492,41.43910355,1426.601717,1.077003908,72.90342091,74.0542793,1439.591011,1.080232777,71.31232559,72.43222417,1438.910199,1.08259331,67.45616151,69.05656848,1437.340908,1.078642837,72.16039025,73.23913138,1439.247613,1373.58,166.58,49.82,3.71
3.77,3.72,26.84,139.81,1670.87,29.7691359,41.50229575,1426.689823,1.079037965,72.93287839,74.20256902,1439.742428,1.082280689,69.99459111,72.57826547,1439.059308,1.08465748,67.88636738,69.19580948,1437.484198,1.080683593,70.4157795,73.3863931,1439.397855,1376.53,167.07,50.24,3.72
3.78,3.73,26.78,140.07,1671.75,29.599148,41.81768257,1427.130988,1.08920825,75.0829543,74.94431719,1440.501067,1.092520244,61.45076953,73.29497899,1439.806419,1.094978331,72.54117999,69.89645453,1438.202071,1.090887371,57.68068648,74.10490007,1440.15064,1378.72,167.56,50.67,3.73
3.79,3.74,26.72,140.34,1674.01,29.55908236,41.87343118,1427.209732,1.091016301,71.84335951,75.08007098,1440.636785,1.09434061,70.58739676,73.40684185,1439.940191,1.096813148,66.20469202,70.02955439,1438.330402,1.092701376,72.42175486,74.20953312,1440.285445,1380.82,168.06,51.09,3.74
3.8,3.75,26.66,140.61,1675.68,29.53245381,41.9430627,1427.308414,1.093276364,72.40451564,75.23654009,1440.806575,1.096616067,70.60067051,73.59090802,1440.107235,1.099106671,67.28680366,70.16874043,1438.491241,1.094968882,71.42495724,74.40828114,1440.453738,1380.82,168.57,51.52,3.75
3.81,3.76,26.59,140.88,1677.05,29.29505836,42.06959022,1427.488039,1.09738764,72.20676029,75.53421503,1441.115965,1.100753663,70.56702421,73.88302507,1440.411789,1.1032797,67.01200328,70.4495302,1438.78411,1.099095183,71.71032715,74.70300205,1440.760837,1382.44,169.08,51.95,3.76
3.82,3.77,26.53,141.14,1678.33,29.24209017,42.13234544,1427.578462,1.099443278,73.26598493,75.68264598,1441.272038,1.102822461,70.34699463,74.02901399,1440.565427,1.105366214,66.87429358,70.58935171,1438.931862,1.101158334,70.63859227,74.85095126,1440.915755,1383.39,169.6,52.39,3.77
3.83,3.78,26.47,141.41,1679.01,29.08548671,42.44555419,1428.031216,1.109721468,81.94714861,76.43568768,1442.053899,1.11316645,68.42039751,74.75668259,1441.335117,1.115798786,64.63744258,71.28702261,1439.672048,1.111474088,62.27393364,75.57964158,1441.691909,1385.48,170.12,52.82,3.78
3.84,3.79,26.41,141.67,1679.6,29.03391378,42.50093755,1428.112021,1.111548702,71.4870578,76.58542428,1442.1936,1.115005382,70.86622302,74.88250302,1441.47275,1.117653466,68.04597484,71.40690435,1439.804366,1.113308,72.33774433,75.69384647,1441.830801,1386.34,170.64,53.26,3.79
3.85,3.8,26.35,141.93,1681.07,29.00462121,42.57004743,1428.21328,1.113832744,72.17237697,76.72435247,1442.368829,1.117304046,70.56108414,75.05077949,1441.645108,1.119971815,67.06890144,71.57052463,1439.970205,1.115600389,71.45318989,75.88279902,1442.004444,1388.25,171.17,53.7,3.8
3.86,3.81,26.29,142.2,1681.07,28.77191944,42.69567988,1428.397597,1.117986959,72.1803094,77.02417205,1442.687633,1.121484871,70.25600347,75.345783,1441.958948,1.124187602,66.82902728,71.85327284,1440.271984,1.119769659,71.20729613,76.18070664,1442.32089,1389.49,171.71,54.14,3.81
3.87,3.82,26.23,142.46,1682.94,28.72390056,42.75799213,1428.490367,1.120064067,72.41087705,77.17409832,1442.848436,1.123575283,70.42721737,75.49264701,1442.117256,1.126295496,67.65839596,71.99414132,1440.424215,1.121854294,71.46956646,76.32914785,1442.480511,1390.82,172.24,54.58,3.82
3.88,3.83,26.17,142.72,1686.86,28.57368198,43.06903341,1428.954863,1.130449605,74.09636252,77.92612423,1443.65401,1.134027344,70.38059505,76.22875659,1442.91029,1.136834964,73.65698709,72.70722481,1441.186823,1.132277468,72.84840195,77.0740876,1443.280127,1390.92,172.79,55.02,3.83
3.89,3.84,26.11,142.98,1688.73,28.53108173,43.12404046,1429.037757,1.132295922,72.18291577,78.06292966,1443.798025,1.135885488,71.30095128,76.35953389,1443.052018,1.138708647,67.04187518,72.84523467,1441.323082,1.134130477,71.27162524,77.20907633,1443.423036,1392.82,173.33,55.47,3.84
3.9,3.85,26.05,143.25,1690.2,28.50230184,43.19270738,1429.141628,1.13460382,72.35039393,78.22503016,1443.978427,1.138208169,70.36357206,76.52462865,1443.229709,1.141050751,67.04642989,72.98515422,1441.494005,1.136446738,71.42419316,77.37022596,1443.602181,1393.59,173.88,55.91,3.85
3.91,3.86,25.99,143.51,1692.27,28.27939827,43.31752129,1429.330699,1.138803378,72.09213139,78.52886987,1444.307013,1.142434406,70.53492262,76.82200181,1443.553187,1.145310176,67.15440802,73.2707335,1441.804935,1.14065834,71.1866423,77.67103628,1443.928106,1393.59,174.44,56.36,3.86
3.92,3.87,25.93,143.77,1693.54,28.22992423,43.37944019,1429.425849,1.140903157,72.18266237,78.68024743,1444.472742,1.144547525,70.3789145,76.97105048,1443.716341,1.147439889,66.48472037,73.4137531,1441.961768,1.142764142,71.72056862,77.8209412,1444.092493,1394.83,175.01,56.81,3.87
3.93,3.88,25.87,144.03,1694.13,28.05780101,43.68849306,1429.902246,1.151402054,72.32459966,79.43808571,1445.302941,1.155113118,69.86465736,77.71464548,1444.533707,1.158088453,61.30147425,74.1217199,1442.747473,1.153293148,76.13853358,78.57608754,1444.915977,1397.02,175.58,57.26,3.88
3.94,3.89,25.81,144.29,1695.7,28.05131429,43.74310079,1429.987258,1.153268524,72.56210907,79.57307744,1445.451317,1.156991446,70.20006992,77.8458742,1444.679878,1.159981531,67.40604469,74.23776838,1442.888013,1.155164972,70.63245309,78.71860542,1445.063127,1398.64,176.15,57.71,3.89
3.95,3.9,25.75,144.54,1697.28,28.0195068,43.81143524,1430.093775,1.155601612,72.11598633,79.74174951,1445.637285,1.159339356,70.30992876,78.01212763,1444.862826,1.162347879,67.00751748,74.41214259,1443.063852,1.157504751,71.18900623,78.87129121,1445.24762,1399.69,176.73,58.16,3.9
3.96,3.91,25.69,144.8,1699.14,27.80403243,43.93548387,1430.287664,1.159844159,72.04403063,80.04770497,1445.97567,1.16361153,70.23084307,78.31250392,1445.196176,1.166650201,67.08424389,74.70043056,1443.384053,1.161761539,71.3760893,79.17432773,1445.583431,1400.27,177.31,58.61,3.91
3.97,3.92,25.63,145.06,1699.14,27.75631891,43.9970312,1430.385227,1.161965433,73.00209955,80.20053006,1446.146323,1.165747618,70.93206834,78.46252313,1445.364295,1.168801363,67.34462995,74.84473959,1443.545549,1.163889933,70.38531507,79.32624417,1445.752788,1401.51,177.9,59.06,3.92
3.98,3.93,25.57,145.32,1701.7,27.58106789,44.30423979,1430.873688,1.1725718,81.36008597,80.97481714,1447.0012,1.176428054,76.92053292,79.22010857,1446.206482,1.17955717,69.92799263,75.56908542,1444.354592,1.174531904,62.7740591,80.07528261,1446.601217,1403.13,178.49,59.51,3.93
3.99,3.94,25.51,145.57,1705.73,27.58610608,44.35850981,1430.960847,1.174457376,71.28106166,81.1282278,1447.153953,1.178326798,69.50351572,79.36616099,1446.356984,1.181469313,66.91365089,75.70279777,1444.49923,1.176423809,71.43525937,80.19404522,1446.752991,1404.08,179.09,59.96,3.94
4,3.95,25.45,145.83,1707.41,27.56068271,44.42648741,1431.070047,1.176814347,71.99347601,81.27244209,1447.345451,1.180700228,70.26541963,79.51396181,1446.545626,1.183859492,67.00618932,75.85538741,1444.680378,1.178788692,71.26543403,80.38500978,1446.942794,1405.32,179.69,60.42,3.95
4.01,3.96,25.39,146.08,1709.18,27.36347408,44.54984551,1431.26882,1.181100456,72.05899422,81.581014,1447.693873,1.185017548,70.07227413,79.81732007,1446.888984,1.188204306,67.01816561,76.14651678,1445.010012,1.183090435,71.04787655,80.69157536,1447.288664,1407.14,180.29,60.87,3.96
4.02,3.97,25.33,146.34,1710.55,27.32016876,44.61108322,1431.368828,1.183243511,72.47227304,81.73544036,1447.869572,1.187176207,70.54690439,79.96858226,1447.062137,1.190376712,65.90379833,76.29210748,1445.176253,1.185241306,70.71785604,80.84439021,1447.463083,1407.14,180.9,61.32,3.97
4.03,3.98,25.27,146.59,1711.74,27.18558405,44.91678718,1431.869522,1.193958784,76.30462004,82.51200058,1448.74973,1.197969506,73.28100009,80.73001605,1447.929505,1.201238745,56.44537329,77.0079567,1446.009038,1.195995664,67.41642451,81.60491531,1448.336791,1409.33,181.52,61.77,3.98
4.04,3.99,25.21,146.85,1712.72,27.14911123,44.97086682,1431.95886,1.195863722,71.58027993,82.65735611,1448.907052,1.199888314,70.84870294,80.87062827,1448.084493,1.203169773,68.04561167,77.1169543,1446.157995,1.197907549,70.91407414,81.73380781,1448.492963,1412.01,182.14,62.22,3.99
4.05,4,25.16,147.1,1713.9,27.13031067,45.03840529,1432.070778,1.198244894,72.23874368,82.81746396,1449.10411,1.202286825,70.20836129,81.03214058,1448.278791,1.205583558,66.99822173,77.30895783,1446.344336,1.200297407,71.20712947,81.91274569,1448.688592,1413.54,182.76,62.67,4
4.06,4.01,25.1,147.35,1715.87,26.94532304,45.16117191,1432.274506,1.202573824,71.66829039,83.13018047,1449.462702,1.206649787,70.25328317,81.33845696,1448.632403,1.209971693,66.35101252,77.60295509,1446.683636,1.204636244,71.18865586,82.22170186,1449.044075,1415.74,183.38,63.11,4.01
4.07,4.02,25.04,147.6,1717.35,26.91522879,45.22213668,1432.376995,1.204738289,73.31918593,83.28530399,1449.643521,1.208831267,70.05416299,81.49171315,1448.810713,1.212165761,66.7515066,77.7485337,1446.854738,1.206805663,70.33136365,82.37613987,1449.223324,1416.98,184.01,63.56,4.02
4.08,4.03,24.98,147.85,1717.35,26.86177872,45.52662008,1432.890099,1.215560616,87.09139495,84.07878815,1450.549213,1.219738671,69.51090837,82.25582219,1449.70394,1.223136099,69.16751198,78.4808203,1447.711749,1.217652757,63.99473671,83.13903078,1450.121244,1418.79,184.65,64,4.03
4.09,4.04,24.93,148.1,1719.91,26.7505586,45.58064297,1432.981647,1.217484585,70.1745354,84.24634931,1450.710895,1.221677765,69.67427114,82.39061037,1449.863633,1.225086382,66.58601576,78.61571648,1447.864801,1.219581129,71.08054593,83.26243645,1450.281806,1420.9,185.29,64.45,4.04
4.1,4.05,24.87,148.35,1722.08,26.73177521,45.64769987,1433.096326,1.219889546,71.68338951,84.374939,1450.913952,1.224101633,69.63501271,82.56028322,1450.063547,1.227524234,66.32823365,78.7703927,1448.056889,1.221991594,70.70517778,83.45171136,1450.482723,1422.81,185.94,64.89,4.05
4.11,4.06,24.82,148.59,1723.36,26.56175898,45.76999263,1433.305081,1.224265845,71.14392017,84.68864691,1451.283285,1.228510564,69.48813564,82.86729923,1450.427623,1.231957819,66.45251228,79.06446453,1448.406184,1.226375658,70.49324128,83.76168737,1450.848659,1425.68,186.58,65.33,4.06
4.12,4.07,24.76,148.84,1724.93,26.52571234,45.83075011,1433.410088,1.226453994,72.45035171,84.84432042,1451.469495,1.23071503,71.28124143,83.02048344,1450.611184,1.234174611,66.15277752,79.21177594,1448.582298,1.22856769,69.63586694,83.9162108,1451.033156,1427.79,187.24,65.76,4.07
4.13,4.08,24.71,149.09,1726.81,26.4248303,46.13412525,1433.93579,1.23739474,82.7333879,85.63698133,1452.402174,1.241737359,87.02069033,83.80616873,1451.530657,1.245258573,64.36869895,79.94501077,1449.464521,1.23952785,62.12114053,84.67943102,1451.957302,1427.79,187.9,66.2,4.08
4.14,4.09,24.65,149.33,1728.29,26.37632083,46.18785349,1434.029582,1.239339762,70.54256111,85.79789955,1452.568691,1.243696884,67.00398346,83.97668796,1451.694851,1.247229055,66.05473937,80.07184813,1449.622259,1.241476323,71.15303148,84.80047237,1452.122504,1429.79,188.56,66.63,4.09
4.15,4.1,24.6,149.58,1729.96,26.36128375,46.25487663,1434.147061,1.241771039,71.31226359,85.93914462,1452.77774,1.24614629,69.68238714,84.09473427,1451.900866,1.249692157,66.25178457,80.2398195,1449.819662,1.243911914,70.66621432,84.99639322,1452.329336,1434.01,189.23,67.06,4.1
4.16,4.11,24.55,149.82,1731.44,26.21198272,46.37679753,1434.360914,1.246192197,71.71545812,86.25442747,1453.157775,1.250595399,69.44037231,84.40475876,1452.275088,1.254171994,65.83717516,80.53661673,1450.179184,1.248340589,70.15734099,85.30935096,1452.705836,1435.06,189.9,67.48,4.11
4.17,4.12,24.5,150.07,1733.32,26.17944911,46.43741272,1434.468476,1.248402777,70.29960528,86.41296019,1453.349361,1.252819953,67.92285119,84.55923263,1452.463751,1.256411913,66.22569714,80.68408665,1450.360441,1.250554927,71.02786853,85.46470301,1452.895646,1437.26,190.58,67.9,4.12
4.18,4.13,24.44,150.31,1734.79,26.08522687,46.7401125,1435.006959,1.259455674,60.70805111,87.18997451,1454.309103,1.263942724,55.17429112,85.31472294,1453.408747,1.267611507,69.86895011,81.42578753,1451.268314,1.261626616,78.28508282,86.25110149,1453.84634,1439.94,191.27,68.32,4.13
4.19,4.14,24.39,150.55,1734.79,26.0485385,46.79373211,1435.103029,1.261420634,71.03408799,87.30926338,1454.480813,1.265920105,70.27289042,85.42382357,1453.577712,1.269602545,65.09719869,81.56489933,1451.430475,1.263594916,69.30528596,86.40519003,1454.0161,1442.63,191.96,68.74,4.14
4.2,4.15,24.34,150.79,1736.97,26.03057139,46.86065302,1435.223349,1.263876833,70.93239498,87.51183581,1454.695332,1.268391832,68.90245295,85.63443037,1453.789135,1.272091344,65.41480349,81.71516497,1451.633833,1.266055292,70.03846568,86.55379621,1454.229112,1444.74,192.65,69.15,4.15
4.21,4.16,24.29,151.04,1739.93,25.88211225,46.98236758,1435.442386,1.268341638,70.42956953,87.82853513,1455.086141,1.272883916,68.57719397,85.94394599,1454.173889,1.276619405,65.55863101,82.01136721,1452.003906,1.270532025,69.42429446,86.86733974,1454.616672,1447.13,193.35,69.55,4.16
4.22,4.17,24.24,151.28,1741.31,25.88136214,47.04287778,1435.552545,1.270574041,70.9419034,87.98576228,1455.283137,1.275129959,69.21706151,86.09797325,1454.36783,1.278883436,66.25500422,82.15979396,1452.190452,1.272770392,69.37872712,87.02273677,1454.812031,1448.09,194.05,69.96,4.17
4.23,4.18,24.2,151.52,1742.59,25.98256655,47.34542,1436.104022,1.281736054,73.81185841,88.77761672,1456.269794,1.286360169,73.09916203,86.87529542,1455.339217,1.290203589,72.83511136,82.90981075,1453.124884,1.283962225,66.94196144,87.7992119,1455.790471,1449.63,194.76,70.36,4.18
4.24,4.19,24.15,151.76,1744.37,25.74394093,47.3994156,1436.202404,1.283720412,70.82445451,88.92408586,1456.44599,1.288356651,69.49396504,87.02123657,1455.512707,1.292216061,64.71449997,83.05638934,1453.291859,1.285951884,70.26159129,87.93240359,1455.965218,1449.63,195.47,70.75,4.19
4.25,4.2,24.1,152,1745.46,25.73708703,47.46570685,1436.325622,1.286200859,70.87059271,89.09139138,1456.667009,1.290852253,68.83288118,87.18269295,1455.730276,1.29473165,65.58707526,83.19969785,1453.501003,1.288438958,69.72410686,88.11380257,1456.184382,1452.12,196.19,71.14,4.2
4.26,4.21,24.06,152.24,1748.02,25.61684839,47.58737152,1436.549927,1.29071249,70.3824633,89.41113332,1457.069045,1.295386994,68.90496765,87.49483224,1456.125706,1.29930515,64.74099264,83.4996603,1453.88158,1.292956011,69.56619305,88.42875006,1456.582479,1457.11,196.91,71.53,4.21
4.27,4.22,24.01,152.48,1748.52,25.59452693,47.64791966,1436.662726,1.292968305,70.52514584,89.56990316,1457.271686,1.297654365,66.82980205,87.65106533,1456.325013,1.301591899,65.55350893,83.64770675,1454.073412,1.295214538,70.96750738,88.58586715,1456.783129,1460.85,197.63,71.91,4.22
4.28,4.23,23.97,152.71,1750.99,25.51679062,47.95039654,1437.227419,1.304247382,71.79342865,90.3653617,1458.286605,1.308991217,51.14928318,88.40870493,1457.323332,1.313025648,72.10486939,84.39722909,1455.03413,1.30650717,84.83560575,89.38727715,1457.788126,1462.96,198.36,72.28,4.23
4.29,4.24,23.92,152.95,1753.66,25.50402239,48.00400689,1437.328161,1.306252551,70.42052133,90.50931967,1458.467872,1.311006657,68.37477354,88.51179326,1457.501907,1.315058314,63.43602155,84.54379424,1455.205588,1.308514749,66.89149121,89.55759135,1457.967588,1464.4,199.09,72.65,4.24
4.3,4.25,23.88,153.19,1753.66,25.48777103,48.07100447,1437.454312,1.308759012,69.90867445,90.68105485,1458.695147,1.313525958,68.02248742,88.7307199,1457.725037,1.317599147,64.69590418,84.6845187,1455.42092,1.311024223,69.24082074,89.68392249,1458.192641,1465.27,199.83,73.02,4.25
4.31,4.26,23.84,153.43,1755.24,25.38048408,48.19281478,1437.683976,1.31331396,69.6894122,90.99948518,1459.108285,1.318093327,67.89868626,89.04140371,1458.130383,1.322216671,64.5287945,84.9832536,1455.812018,1.315586465,68.50923042,89.99981584,1458.601886,1467,200.57,73.38,4.26
4.32,4.27,23.8,153.66,1758.01,25.35757033,48.25346357,1437.799462,1.315591433,70.20386753,91.15820098,1459.316485,1.320377012,68.19823826,89.1964629,1458.334652,1.324525433,63.9847155,85.13223523,1456.009118,1.317867586,69.13956899,90.15609367,1458.80813,1468.53,201.31,73.73,4.27
4.33,4.28,23.76,153.9,1758.99,25.24744914,48.55643372,1438.377602,1.326978802,74.62209561,91.95763828,1460.359261,1.331795435,70.91583891,89.97517923,1459.357751,1.336069243,59.56762718,85.87086263,1456.996315,1.32927319,73.63175681,90.94467221,1459.841015,1470.65,202.06,74.08,4.28
4.34,4.29,23.72,154.14,1760.48,25.28947501,48.61006118,1438.480742,1.329003223,69.65214917,92.10870482,1460.54551,1.333825377,67.47759417,90.11913426,1459.540516,1.338121476,64.65539952,85.99310927,1457.172727,1.331300853,67.82677625,91.0939726,1460.025386,1473.53,202.81,74.42,4.29
4.35,4.3,23.68,154.37,1760.97,25.27435728,48.67736766,1438.609886,1.331533749,69.64852948,92.2716367,1460.778949,1.336362804,67.70967252,90.28162191,1459.769492,1.340686768,64.37701896,86.17251621,1457.393603,1.333835431,68.70744574,91.25207127,1460.256785,1473.53,203.57,74.76,4.3
4.36,4.31,23.64,154.61,1762.56,25.19263961,48.79948523,1438.845003,1.336126675,69.30891175,92.59152724,1461.202837,1.340978934,67.59685831,90.5941786,1460.186325,1.345354943,64.62106603,86.47303943,1457.795938,1.338442848,68.37400413,91.56863508,1460.677308,1474.78,204.33,75.09,4.31
4.37,4.32,23.6,154.85,1763.55,25.18804873,48.86034659,1438.963225,1.338423138,69.71877925,92.75069259,1461.416435,1.343287,68.07409293,90.75019656,1460.396366,1.347689031,64.37091173,86.62387067,1457.998684,1.340746556,69.11529467,91.72614883,1460.88921,1477.09,205.09,75.41,4.32
4.38,4.33,23.56,155.08,1764.73,25.19808985,49.16459798,1439.555059,1.349905453,71.88516503,93.55122556,1462.486195,1.354827326,73.09612636,91.53579381,1461.448349,1.35935947,64.12764583,87.37510747,1459.014213,1.352265096,74.66199419,92.52225617,1461.950483,1477.86,205.86,75.73,4.33
4.39,4.34,23.53,155.31,1766.61,25.12405422,49.21870868,1439.660642,1.351946753,70.07841392,93.69796478,1462.677235,1.35687894,65.77594114,91.68575881,1461.636252,1.361434215,63.57172737,87.50815596,1459.195742,1.354312837,68.6349284,92.67514456,1462.139982,1479.01,206.63,76.04,4.34
4.4,4.35,23.49,155.55,1767.9,25.11931774,49.28597517,1439.792832,1.354498379,69.24432415,93.86904031,1462.916735,1.359443456,67.46161675,91.83896984,1461.871672,1.364027645,63.92609908,87.67319763,1459.422822,1.356872513,68.44345375,92.83351513,1462.377613,1481.51,207.4,76.35,4.35
4.41,4.36,23.46,155.78,1767.9,25.05745875,49.40867752,1440.033507,1.359141667,69.27833653,94.19056165,1463.35269,1.36409911,67.06747494,92.15304774,1462.299326,1.368744351,64.11084853,87.97471823,1459.836418,1.361521565,68.17592959,93.15171234,1462.809289,1482.86,208.18,76.64,4.36
4.42,4.37,23.43,156.01,1770.37,25.04472412,49.46987761,1440.154519,1.361463311,69.17580998,94.35140128,1463.572347,1.366426937,68.9332325,92.3091692,1462.514798,1.371102704,62.77605047,88.12591424,1460.044816,1.363846091,67.7896468,93.31018907,1463.026792,1484.3,208.96,76.93,4.37
4.43,4.38,23.39,156.24,1772.75,24.97604745,49.77572255,1440.760314,1.373071531,68.81544113,95.1544093,1464.672506,1.37806607,84.06221229,93.11149229,1463.593911,1.382894469,51.52835226,88.86615465,1461.088622,1.375468723,63.71238023,94.09808313,1464.116103,1486.42,209.75,77.22,4.38
4.44,4.39,23.36,156.48,1772.95,25.01269313,49.82994588,1440.86839,1.375135214,68.73374398,95.2964226,1464.869082,1.380135249,66.0498954,93.28543208,1463.78648,1.384990782,65.56688622,88.97417424,1461.275266,1.377534968,68.97346097,94.22972855,1464.3107,1488.54,210.54,77.49,4.39
4.45,4.4,23.33,156.71,1775.72,24.99867847,49.897936,1441.003687,1.377714819,69.19979484,95.47492382,1465.115167,1.382721723,67.38092809,93.40929731,1464.028222,1.387611175,63.94648315,89.18145847,1461.508575,1.380117775,68.18916202,94.42017665,1464.554442,1490.46,211.33,77.76,4.4
4.46,4.41,23.3,156.94,1777.01,24.94907938,50.02139128,1441.25003,1.382404764,69.38990044,95.79946707,1465.563035,1.387423831,67.18788134,93.72612968,1464.467528,1.392372911,63.66632079,89.48595475,1461.933303,1.38481777,68.08297316,94.74066535,1464.998306,1490.46,212.12,78.02,4.41
4.47,4.42,23.27,157.17,1778.6,24.97400381,50.08299645,1441.373887,1.384749737,67.73188126,95.96218449,1465.788682,1.389774885,66.87695979,93.884092,1464.688857,1.394753779,64.16083176,89.63753587,1462.147298,1.387167767,68.39800159,94.90066016,1465.221934,1494.32,212.91,78.28,4.42
4.48,4.43,23.24,157.41,1780.18,25.16168382,50.39133,1441.993926,1.3964746,54.89714349,96.75633153,1466.918855,1.401530154,64.05283936,94.67024866,1465.797327,1.406658119,68.65328134,90.40132826,1463.21903,1.398917754,71.44017461,95.70433577,1466.341932,1498.36,213.71,78.52,4.43
4.49,4.44,23.21,157.64,1782.26,24.92300672,50.44655679,1442.104541,1.39855902,69.54865246,96.87076024,1467.120945,1.403619979,67.9425124,94.80410792,1465.995347,1.408774447,62.73723275,90.54662107,1463.410406,1.40100664,67.4210686,95.85356619,1466.54198,1500.77,214.51,78.76,4.44
4.5,4.45,23.18,157.87,1783.06,24.92973796,50.51425275,1442.243016,1.401164545,68.93872426,97.09207957,1467.373498,1.406232261,66.94277728,94.98996527,1466.243338,1.411419856,63.4270995,90.69772178,1463.650298,1.403617749,67.83125926,96.0195177,1466.792581,1503.08,215.3,78.99,4.45
4.51,4.46,23.16,158.1,1784.34,24.90358086,50.63872073,1442.495144,1.405899277,68.64955712,97.41848594,1467.833301,1.410978138,66.69837713,95.30766742,1466.694236,1.416229148,63.46767401,91.00276126,1464.08656,1.408365552,67.68808763,96.34156715,1467.248556,1505.78,216.11,79.21,4.46
4.52,4.47,23.13,158.33,1784.34,24.89873258,50.70088942,1442.621907,1.408266643,68.16431974,97.58100457,1468.064941,1.413351076,67.67322411,95.46593855,1466.921381,1.418633795,63.96836882,91.15537857,1464.306342,1.410739453,67.54114538,96.50225201,1467.478263,1508.87,216.91,79.43,4.47
4.53,4.48,23.11,158.56,1786.53,24.82119633,51.01167237,1443.256495,1.420103473,63.20213678,98.38785402,1469.225018,1.425215768,76.03785836,96.26886047,1468.058944,1.430657026,68.79408494,91.92448507,1465.407093,1.422608961,66.30063461,97.30393214,1468.628684,1510.51,217.71,79.63,4.48
4.54,4.49,23.08,158.79,1788.61,24.91825483,51.06675062,1443.369712,1.422207798,70.00493589,98.52085188,1469.432241,1.427325046,65.35875933,96.42924549,1468.26203,1.432794489,62.03192391,92.07152991,1465.603709,1.424719095,67.56238385,97.44383541,1468.834184,1513.6,218.52,79.83,4.49
4.55,4.5,23.06,159.02,1790.29,24.90343653,51.13610768,1443.511422,1.424838205,68.59611122,98.7203323,1469.691783,1.429961644,66.73126425,96.57489071,1468.516658,1.435466319,63.7072623,92.22254244,1465.849959,1.427356764,67.73194867,97.62616149,1469.091536,1515.72,219.33,80.01,4.5
4.56,4.51,23.03,159.25,1792.08,24.90147758,51.26181136,1443.769462,1.429615409,68.78360066,99.04802993,1470.16349,1.434752602,67.76910732,96.89459738,1468.979433,1.440319984,63.6353843,92.53175617,1466.297648,1.432155733,68.07167275,97.95120503,1469.560135,1517.07,220.14,80.19,4.51
4.57,4.52,23.01,159.48,1793.57,24.90246487,51.32465826,1443.899195,1.432004011,69.49602982,99.21232659,1470.401105,1.437148081,65.84945455,97.05693684,1469.212544,1.442746816,63.11201276,92.68618859,1466.523182,1.434555217,69.18481979,98.11454196,1469.79619,1517.07,220.95,80.36,4.52
4.58,4.53,22.99,159.71,1795.26,24.87664859,51.6389052,1444.548658,1.443947022,75.24096503,100.0423184,1471.591176,1.449125475,51.64951564,97.84564172,1470.380226,1.45488098,58.01456085,93.45200005,1467.652709,1.446552641,79.17978419,98.94458152,1470.978484,1519.2,221.76,80.52,4.53
4.59,4.54,22.97,159.94,1796.45,24.91628662,51.69471341,1444.664532,1.446070224,68.52796313,100.2020702,1471.803752,1.451254789,68.75652326,97.95561978,1470.589208,1.457038164,64.98270716,93.57714816,1467.854525,1.448685516,67.00145008,99.11346212,1471.189674,1522.96,222.57,80.67,4.54
4.6,4.55,22.95,160.17,1797.94,24.92122553,51.76470221,1444.809554,1.448724226,69.11594255,100.366067,1472.069954,1.453916433,67.09331456,98.18401576,1470.849785,1.459734645,63.60400986,93.7686601,1468.107152,1.45135161,68.04133011,99.25992845,1471.454127,1525.57,223.39,80.81,4.55
4.61,4.56,22.93,160.4,1799.53,24.93258593,51.8918783,1445.073639,1.453553487,68.74597146,100.6998459,1472.554751,1.458755236,67.00737946,98.5086671,1471.324969,1.46463271,63.45185372,94.0801967,1468.56651,1.456200808,67.784057,99.58987434,1471.935554,1527.79,224.21,80.94,4.56
4.62,4.57,22.92,160.63,1801.11,24.93592548,51.95549532,1445.206411,1.455968117,68.77958133,100.865842,1472.798963,1.461174637,66.66468187,98.67078486,1471.564329,1.467081743,63.30374777,94.23559236,1468.797906,1.458625407,68.46625908,99.7542235,1472.178069,1530.5,225.03,81.06,4.57
4.63,4.58,22.9,160.86,1801.11,24.87910117,52.27362307,1445.871087,1.46804127,68.94905792,101.6962284,1474.021961,1.473271645,64.54542856,99.47722805,1472.763073,1.479326906,62.82998582,95.0107571,1469.956762,1.470748402,74.69846918,100.5842396,1473.392586,1532.92,225.85,81.17,4.58
4.64,4.59,22.88,161.09,1803.9,24.99061715,52.33005023,1445.989679,1.470187608,68.57179268,101.8442164,1474.240351,1.475422224,66.8169236,99.61603811,1472.97722,1.481503824,63.3198207,95.14753282,1470.163757,1.472903602,66.67287762,100.7452297,1473.60943,1534.27,226.68,81.27,4.59
4.65,4.6,22.87,161.31,1807.77,24.97919912,52.4011594,1446.138094,1.472870531,68.58069779,102.027187,1474.514021,1.478110448,66.61291911,99.80217729,1473.245305,1.484224972,62.89092921,95.32060628,1470.422976,1.475597601,67.51002616,100.9040498,1473.881234,1536.88,227.5,81.36,4.6
4.66,4.61,22.85,161.54,1808.96,25.01711796,52.53003312,1446.408367,1.477714586,68.17685976,102.3593956,1475.00835,1.48299901,65.88721841,100.1278186,1473.733288,1.489170486,62.88737141,95.63163428,1470.894461,1.480496211,66.89167011,101.2347551,1474.375622,1539.01,228.33,81.44,4.61
4.67,4.62,22.84,161.77,1810.55,25.04238265,52.59456779,1446.544252,1.480136614,67.27979768,102.5245219,1475.257326,1.48544329,66.42364419,100.2888655,1473.97907,1.491643243,62.06291186,95.78713948,1471.131934,1.482945516,67.48245262,101.3985932,1474.624639,1540.46,229.16,81.51,4.62
4.68,4.63,22.83,162,1811.85,25.17118644,52.91756704,1447.224515,1.492246751,59.13204278,103.3392895,1476.50413,1.497664693,69.40757594,101.1006556,1475.209817,1.504007029,55.78899959,96.55447205,1472.321221,1.495192042,71.1814976,102.2250188,1475.871618,1540.46,229.99,81.56,4.63
4.69,4.64,22.82,162.23,1814.33,25.07175462,52.97528447,1447.345893,1.494399665,69.35332159,103.4665956,1476.726822,1.499837387,65.88558449,101.251457,1475.429443,1.506205036,63.54949362,96.67709663,1472.533728,1.497369202,67.12789967,102.3799923,1476.094167,1543.85,230.83,81.61,4.64
4.7,4.65,22.81,162.45,1815.52,25.08241841,53.04680855,1447.497782,1.497090806,68.04589583,103.6793454,1477.005691,1.502553254,66.08509126,101.4199514,1475.705017,1.508952544,62.2328713,96.87148086,1472.799592,1.500090652,67.18179582,102.5505191,1476.373351,1546.66,231.66,81.65,4.65
4.71,4.66,22.8,162.68,1818.01,25.13211151,53.17763733,1447.774394,1.501978345,67.92421774,104.0119224,1477.512534,1.50748695,65.34287721,101.7459951,1476.205487,1.513944857,62.26629664,97.18216685,1473.283281,1.505038948,66.42311653,102.8829545,1476.880903,1549.95,232.5,81.67,4.66
4.72,4.67,22.79,162.9,1819.9,25.14369664,53.24318132,1447.913468,1.504422115,66.60886109,104.1779135,1477.767784,1.509953797,64.57829854,101.907186,1476.457532,1.516441014,62.62694123,97.33759328,1473.526871,1.507513096,66.07202849,103.0472951,1477.136529,1550.63,233.34,81.68,4.67
4.73,4.68,22.78,163.13,1821.79,25.10526516,53.57105233,1448.609703,1.516640962,56.16081528,104.991797,1479.046043,1.522288036,56.21602116,102.7037101,1477.719608,1.528921797,66.11084972,98.11922654,1474.746767,1.519883834,61.75782591,103.8646549,1478.416554,1552.18,234.18,81.69,4.68
4.74,4.69,22.78,163.35,1821.79,25.24180858,53.62925141,1448.733937,1.518813201,68.5312411,105.1137918,1479.274439,1.524480789,66.8266883,102.826978,1477.944921,1.531140603,61.25489153,98.26591369,1474.964628,1.522083077,67.39557963,104.0004753,1478.645041,1554.12,235.02,81.68,4.69
4.75,4.7,22.77,163.58,1824.38,25.22165232,53.70266966,1448.889389,1.521528501,67.38723405,105.3334499,1479.560149,1.527221731,65.61129729,103.0374928,1478.227335,1.53391411,62.39780303,98.42465032,1475.237438,1.52483213,66.52022939,104.1997104,1478.931534,1555.18,235.86,81.65,4.7
4.76,4.71,22.77,163.8,1826.57,25.29088687,53.83566906,1449.172497,1.526466838,67.47223781,105.6662308,1480.08043,1.532177875,65.95701129,103.3626718,1478.7381,1.53895459,62.132897,98.7391652,1475.733624,1.529829345,66.57995026,104.5321263,1479.452346,1557.8,236.7,81.62,4.71
4.77,4.72,22.77,164.02,1828.46,25.31583998,53.90235131,1449.314841,1.528936007,67.17738923,105.8328311,1480.34242,1.534655948,64.81765564,103.5261181,1478.995296,1.54147483,62.03367559,98.89575501,1475.9835,1.532327953,67.2794467,104.6984835,1479.714621,1559.74,237.54,81.58,4.72
4.78,4.73,22.76,164.25,1830.16,25.39163995,54.2360915,1450.027451,1.541281851,64.80787855,106.6621927,1481.654441,1.547046308,55.34654219,104.3292322,1480.283367,1.55407603,60.93674611,99.67745375,1477.234805,1.544820991,73.26572788,105.5390082,1481.028086,1562.16,238.38,81.52,4.73
4.79,4.74,22.76,164.47,1831.85,25.39173124,54.29560074,1450.154613,1.543476667,67.44376291,106.8044341,1481.88881,1.549249039,67.059267,104.4511457,1480.513596,1.556316243,61.64855727,99.81396506,1477.45824,1.547041975,65.79076309,105.7017302,1481.262629,1562.16,239.22,81.45,4.74
4.8,4.75,22.76,164.7,1832.15,25.40049987,54.36991184,1450.313718,1.546220188,67.65858641,106.9979483,1482.182102,1.552002453,65.9320453,104.66749,1480.801337,1.55911651,62.1426151,99.98996407,1477.738126,1.549818206,66.75020205,105.8646286,1481.556394,1563.71,240.06,81.37,4.75
4.81,4.76,22.76,164.92,1833.74,25.48925548,54.50532567,1450.603495,1.551211657,67.54562628,107.3356641,1482.71629,1.557007439,65.24365954,104.997479,1481.325295,1.564198045,62.04063359,100.305744,1478.246308,1.554865547,66.09535571,106.2015396,1482.090835,1568.18,240.89,81.28,4.76
4.82,4.77,22.77,165.15,1835.93,25.50903779,54.57326917,1450.749195,1.553707392,65.61771918,107.50424,1482.985281,1.559509932,65.86983791,105.1607509,1481.589133,1.566738813,63.31470606,100.4633748,1478.502205,1.557389217,67.38298101,106.3683425,1482.359969,1570.21,241.73,81.18,4.77
4.83,4.78,22.77,165.37,1837.53,25.54991527,54.91325032,1451.478622,1.566186064,48.57807238,108.3230621,1484.332317,1.572022399,69.32025955,105.984945,1482.910231,1.579442652,75.26564801,101.2677147,1479.783671,1.570007569,77.13041002,107.2186046,1483.707615,1572.15,242.57,81.06,4.78
4.84,4.79,22.77,165.6,1839.62,25.59514148,54.97378827,1451.608793,1.568404495,69.83401045,108.4308291,1484.573041,1.574246837,66.36526137,106.1391436,1483.145949,1.581701112,60.2444442,101.4376991,1480.012392,1.572250832,65.24866549,107.3916284,1483.948027,1574.48,243.41,80.94,4.79
4.85,4.8,22.78,165.82,1839.62,25.60885689,55.04967475,1451.771649,1.571177533,67.32824205,108.6808097,1484.874041,1.577027385,65.19310529,106.3107698,1483.441695,1.584524188,61.79153337,101.5671198,1480.299105,1.57505491,66.13808706,107.5405648,1484.249785,1576.43,244.24,80.8,4.8
4.86,4.81,22.78,166.05,1843.01,25.71095208,55.18769773,1452.06827,1.576218386,66.90202203,109.0202014,1485.421999,1.582079257,64.99304578,106.6401169,1483.978864,1.589657686,61.04455598,101.8843265,1480.820581,1.580145038,65.91215281,107.8772161,1484.797288,1579.05,245.08,80.65,4.81
4.87,4.82,22.79,166.27,1845.31,25.73365341,55.25698435,1452.217417,1.578738813,66.97883172,109.1888231,1485.697902,1.584605192,65.6567408,106.8042852,1484.249321,1.592224435,61.21912727,102.0410126,1481.083151,1.582690102,65.95011797,108.0449667,1485.072968,1580.89,245.91,80.49,4.82
4.88,4.83,22.8,166.5,1847.3,25.79226525,55.60372333,1452.964111,1.591340945,68.15730266,110.0328991,1487.079464,1.597234871,72.45765542,107.6335087,1485.603639,1.60505818,61.37967157,102.8266833,1482.397864,1.595415422,67.15260504,108.8842031,1486.453457,1583.62,246.74,80.31,4.83
4.89,4.84,22.81,166.73,1848.7,25.82403097,55.66550622,1453.09737,1.593581324,66.48431102,110.1855973,1487.326082,1.599480147,63.53475568,107.7961961,1485.845384,1.607339735,61.94360604,102.9667243,1482.632448,1.597677701,65.14045241,109.036121,1486.699938,1585.07,247.56,80.13,4.84
4.9,4.85,22.82,166.95,1850.99,25.84387632,55.74287681,1453.264081,1.596381797,66.44671393,110.367134,1487.635126,1.602286742,64.5663505,107.9511308,1486.148304,1.610191678,61.05089243,103.1422285,1482.926718,1.60050555,65.46575329,109.2156889,1487.008662,1585.07,248.39,79.93,4.85
4.91,4.86,22.83,167.18,1851.29,25.95337613,55.88369408,1453.567733,1.601471749,66.25672952,110.7053445,1488.197005,1.607392733,63.97638948,108.280806,1486.699604,1.615369823,62.05129131,103.4583589,1483.460887,1.605650952,65.08638117,109.5525365,1487.570731,1587.79,249.21,79.72,4.86
4.92,4.87,22.84,167.41,1852.69,25.96844938,55.95440104,1453.720422,1.604016724,64.72238233,110.8739663,1488.479882,1.609945729,65.20944257,108.4441375,1486.977149,1.617958896,62.92277712,103.6190142,1483.729813,1.608223654,65.29175593,109.7199844,1487.853716,1590.91,250.03,79.5,4.87
4.93,4.88,22.85,167.63,1854.59,25.92181802,56.30814114,1454.484857,1.616741602,49.29660338,111.6975507,1489.896374,1.622710707,70.08035256,109.2765346,1488.366838,1.630904258,71.43493052,104.4335723,1485.076729,1.62108716,63.13515169,110.5598652,1489.270717,1594.02,250.84,79.27,4.88
4.94,4.89,22.87,167.86,1855.69,26.10856712,56.37091535,1454.621289,1.619003803,68.55164677,111.8090695,1490.149418,1.624980036,66.97990806,109.43557,1488.614729,1.633205656,61.13696104,104.5979725,1485.317428,1.623374005,66.94086732,110.7042456,1489.523645,1596.06,251.66,79.03,4.89
4.95,4.9,22.88,168.09,1857.58,26.10184691,56.45039389,1454.791964,1.621831554,67.33909491,112.0570681,1490.465986,1.627816698,65.71840782,109.6096351,1488.925875,1.636082403,61.91028324,104.7441455,1485.618259,1.626232562,66.48912786,110.9039256,1489.840668,1597.23,252.47,78.77,4.9
4.96,4.91,22.9,168.32,1857.58,26.21905193,56.59417678,1455.102845,1.626973263,67.33937253,112.4033061,1491.04227,1.63297378,65.50884783,109.9485502,1489.491246,1.641292818,60.09467653,105.0667237,1486.164104,1.631421763,66.33690137,111.248951,1490.416283,1600.44,253.28,78.51,4.91
4.97,4.92,22.91,168.54,1859.28,26.24463888,56.66639104,1455.259176,1.629544117,67.67029038,112.5764258,1491.332415,1.63555232,63.45687639,110.1174675,1489.775898,1.643898026,61.39865928,105.2232828,1486.438918,1.634016363,65.81539377,111.4210688,1490.706105,1603.07,254.08,78.23,4.92
4.98,4.93,22.93,168.77,1861.88,26.29626823,57.0278147,1456.041856,1.642398389,74.86376482,113.4462782,1492.785365,1.648445024,49.43146712,110.9355982,1491.201294,1.656924064,69.75305638,106.0230641,1487.81465,1.646989365,65.75447394,112.274892,1492.157418,1605.5,254.88,77.95,4.93
4.99,4.94,22.95,169,1864.08,26.35966937,57.0921942,1456.181549,1.644683593,63.81605479,113.6173571,1493.044801,1.65073706,64.49566578,111.0488969,1491.455986,1.659239804,59.70622651,106.1845941,1488.059716,1.649295676,62.83300337,112.4265423,1492.416612,1607.94,255.67,77.65,4.94
5,4.95,22.97,169.23,1866.28,26.37422333,57.17297421,1456.356303,1.647540098,65.77318143,113.7736182,1493.369593,1.653602105,63.80131547,111.2801677,1491.774396,1.662134479,60.74173174,106.3284069,1488.368194,1.652178565,64.71780636,112.6064263,1492.740987,1612.13,256.47,77.34,4.95
5.01,4.96,22.99,169.46,1867.78,26.5052442,57.31985012,1456.674616,1.652734806,64.88779618,114.1152907,1493.960735,1.6588107,63.62464901,111.6124829,1492.354117,1.667399416,61.11255238,106.6482082,1488.928093,1.657407578,64.35857219,112.9448366,1493.329923,1612.13,257.25,77.02,4.96
5.02,4.97,23.01,169.69,1868.58,26.53384494,57.3936529,1456.834693,1.65533216,66.58695571,114.2838273,1494.258303,1.661414998,66.41708311,111.7781804,1492.645925,1.670031884,59.60137244,106.8090851,1489.209937,1.660022085,65.87961619,113.1131025,1493.626381,1614.08,258.03,76.69,4.97
5.03,4.98,23.03,169.92,1870.78,26.61663602,57.76306498,1457.636137,1.66831893,77.63420601,115.1485767,1495.748151,1.674436485,89.49791667,112.6430296,1494.107086,1.683194226,47.54833877,107.5935787,1490.621353,1.673094617,77.26359241,113.9743159,1495.1108,1618.37,258.81,76.35,4.98
5.04,4.99,23.06,170.15,1871.58,26.64885575,57.82894316,1457.779188,1.67062769,65.93386035,115.3278154,1496.013775,1.676751416,61.62339814,112.8502111,1494.367659,1.685534197,62.29115911,107.7048405,1490.873626,1.675418623,63.97396435,114.1538769,1495.375608,1620.81,259.58,76,4.99
5.05,5,23.08,170.38,1873.58,26.66469929,57.91140041,1457.958133,1.673513638,65.78066182,115.4797712,1496.347431,1.67964508,64.20530185,112.948716,1494.694719,1.688459162,60.57664384,107.9287935,1491.188751,1.67832363,64.97710288,114.3002758,1495.707794,1623.44,260.35,75.64,5
5.06,5.01,23.1,170.61,1874.18,26.79663282,58.06152173,1458.284094,1.678753826,65.78229179,115.8244742,1496.952691,1.684909318,63.66823605,113.286708,1495.289418,1.69377862,59.51287601,108.2510284,1491.762963,1.683609254,64.83722318,114.6437203,1496.31206,1624.51,261.12,75.26,5.01
5.07,5.02,23.13,170.84,1874.18,26.82532373,58.13695378,1458.448026,1.68137392,65.8379994,115.99683,1497.257353,1.687541437,63.23588206,113.4542904,1495.588769,1.696438349,59.10035673,108.4093165,1492.051997,1.686252067,63.8172731,114.8150729,1496.616235,1626.66,261.88,74.88,5.02
5.08,5.03,23.16,171.07,1876.58,26.90813663,58.51451786,1459.268777,1.69447439,69.08686068,116.8593387,1498.782923,1.700702032,61.40697283,114.2865122,1497.087619,1.709736995,54.36850274,109.1952712,1493.499044,1.699466128,57.93119141,115.6583582,1498.139347,1628.12,262.64,74.49,5.03
5.09,5.04,23.18,171.3,1879.68,26.94118909,58.58184758,1459.415278,1.696803362,64.13866858,117.0202401,1499.055312,1.703041694,62.18516883,114.4301837,1497.355144,1.712101198,59.28682184,109.3238094,1493.757169,1.701815294,63.441462,115.7944483,1498.411377,1631.35,263.39,74.08,5.04
5.1,5.05,23.21,171.53,1880.78,26.95688026,58.66612462,1459.598543,1.699714578,64.62329992,117.1944538,1499.396266,1.70596627,62.776394,114.6175178,1497.690283,1.715056453,59.78551106,109.5158883,1494.080991,1.704751752,63.74786207,116.0007794,1498.751691,1635.16,264.14,73.67,5.05
5.11,5.06,23.24,171.77,1882.18,27.08943722,58.81955428,1459.932373,1.705004408,64.57997179,117.5363001,1500.016332,1.711285049,63.0778275,114.9514115,1498.300021,1.720419903,60.3070551,109.8365449,1494.668465,1.710094195,62.90522613,116.3413488,1499.371539,1637.01,264.89,73.25,5.06
5.12,5.07,23.27,172,1883.99,27.11825494,58.89664635,1460.10027,1.707649323,63.84757832,117.7071087,1500.328399,1.713944438,63.99980758,115.11916,1498.606888,1.723101628,59.74905547,109.9982719,1494.964136,1.712765416,67.23021339,116.5093826,1499.68351,1637.01,265.63,72.81,5.07
5.13,5.08,23.3,172.23,1885.39,27.19719979,59.28251676,1460.940888,1.720873899,56.1174152,118.5514658,1501.890986,1.727241384,71.49583764,115.970162,1500.143519,1.736510255,55.5750526,110.7994247,1496.444779,1.726121524,100.8380604,117.4073165,1501.245427,1640.82,266.37,72.37,5.08
5.14,5.09,23.33,172.46,1886.69,27.23163246,59.35131564,1461.090941,1.723224934,66.46600043,118.6833999,1502.170025,1.729605286,62.33519951,116.1391711,1500.417848,1.738894011,60.8330654,110.931902,1496.709334,1.728495943,60.71946485,117.6467483,1501.523609,1644.54,267.1,71.92,5.09
5.15,5.1,23.36,172.69,1888.89,27.25756574,59.43746989,1461.27865,1.726163729,64.94054884,118.9062322,1502.519193,1.732560163,63.55114908,116.2973554,1500.761283,1.741873705,60.15981691,111.1281474,1497.03995,1.731463967,64.24261628,117.7074215,1501.873712,1645.42,267.83,71.45,5.1
5.16,5.11,23.39,172.92,1890.5,27.3984642,59.59431005,1461.620575,1.731506424,65.25366376,119.2531897,1503.154603,1.737926756,62.50748406,116.6384086,1501.385518,1.747293789,60.65234211,111.4542186,1497.642367,1.736852708,64.34657103,118.0536083,1502.50813,1647.96,268.56,70.98,5.11
5.17,5.12,23.42,173.15,1892.2,27.41695759,59.6731355,1461.792553,1.734177772,67.92262744,119.427505,1503.474393,1.740610052,66.36235224,116.8061347,1501.699695,1.750003831,59.68797631,111.618589,1497.945563,1.739547079,63.84350174,118.2269818,1502.827437,1650.8,269.29,70.5,5.12
5.18,5.13,23.46,173.39,1892.2,27.43081012,60.06752875,1462.653613,1.747534511,92.27485338,120.3347297,1505.075742,1.754026534,96.88609053,117.696484,1503.272602,1.763554039,52.96622607,112.4273735,1499.463885,1.753018931,59.88009914,119.087072,1504.426335,1652.95,270.01,70,5.13
5.19,5.14,23.49,173.62,1895.71,27.54310436,60.13767853,1462.807324,1.749909042,62.03612775,120.5538393,1505.361449,1.756411687,60.58726923,117.9275721,1503.552732,1.765962965,60.21297994,112.5549652,1499.735209,1.755413927,64.81819654,119.2304846,1504.711887,1655.3,270.73,69.5,5.14
5.2,5.15,23.52,173.86,1898.52,27.55589074,60.22600759,1462.9996,1.752877206,65.05805393,120.6509174,1505.719562,1.759393127,63.38673447,117.9990852,1503.9053,1.768974123,60.42125891,112.7610561,1500.07417,1.758407672,64.14530039,119.4386314,1505.069122,1658.14,271.44,68.99,5.15
5.21,5.16,23.56,174.09,1899.72,27.68960452,60.38630245,1463.349862,1.758275276,64.8622479,121.0021053,1506.370976,1.764810005,63.6001449,118.3424434,1504.544604,1.774444278,61.02045172,113.0915698,1500.691085,1.763850535,64.20735354,119.7877655,1505.719336,1661.27,272.15,68.47,5.16
5.22,5.17,23.59,174.32,1901.43,27.71845863,60.4668388,1463.526041,1.760974311,66.71907859,121.1771708,1506.698816,1.767518444,64.13987152,118.5147005,1504.866348,1.777179356,61.21198633,113.2584655,1501.001577,1.766571967,66.10698676,119.9625014,1506.046581,1665.58,272.85,67.94,5.17
5.23,5.18,23.63,174.56,1903.63,27.8001008,60.86994015,1464.408147,1.774469485,80.92702509,122.0775564,1508.340337,1.781060638,67.42635424,119.3832951,1506.477453,1.790854744,63.69595254,114.0955632,1502.556455,1.780179123,80.90484555,120.8620295,1507.685197,1665.58,273.55,67.39,5.18
5.24,5.19,23.67,174.79,1905.04,27.83633414,60.94181369,1464.565616,1.776868627,64.13239313,122.2717118,1508.633151,1.783468139,64.48905921,119.5456241,1506.765092,1.793285924,60.72042719,114.2504195,1502.834215,1.782598173,63.78732579,121.0577424,1507.977564,1667.93,274.24,66.84,5.19
5.25,5.2,23.7,175.03,1907.15,27.85215394,61.03179406,1464.762606,1.779867555,65.65890598,122.4134295,1509.000393,1.786477515,64.13792292,119.7282658,1507.125175,1.796324899,60.80811808,114.4256205,1503.181486,1.785621986,64.86321832,121.1972011,1508.34407,1673.32,274.93,66.28,5.2
5.26,5.21,23.74,175.27,1908.85,27.98560092,61.19558951,1465.121449,1.785319197,65.78792713,122.7713784,1509.667882,1.791948644,64.13473223,120.0791726,1507.780343,1.801852924,61.00503541,114.7617693,1503.814131,1.7911238,65.14181651,121.5540664,1509.011003,1674.79,275.61,65.71,5.21
5.27,5.22,23.78,175.5,1910.56,27.99428826,61.27787964,1465.301955,1.788045018,65.16719723,122.9507045,1510.003823,1.794684208,63.99051992,120.2546173,1508.110088,1.804616936,60.19250236,114.930388,1504.132543,1.793874707,64.22392775,121.7332655,1509.346678,1676.46,276.29,65.14,5.22
5.28,5.23,23.82,175.73,1913.27,27.92608273,61.68945797,1466.205727,1.801674123,60.05967282,123.8388751,1511.685998,1.808362029,63.57250445,121.1298681,1509.76121,1.818436997,53.78570494,115.7622521,1505.726985,1.807629241,57.83426964,122.6166357,1511.027586,1678.42,276.97,64.55,5.23
5.29,5.24,23.86,175.97,1913.27,28.13260737,61.76244918,1466.367072,1.804097075,65.79634506,123.9843968,1511.986433,1.810793641,63.65840561,121.2844518,1510.056013,1.820893897,61.64543655,115.8943981,1506.011806,1.810074492,64.81425546,122.758055,1511.327882,1680.78,277.63,63.95,5.24
5.3,5.25,23.9,176.21,1915.08,28.13505254,61.85495335,1466.568906,1.807125765,65.53456509,124.2014334,1512.362233,1.813833157,63.81153155,121.4791656,1510.424996,1.823965022,60.58001475,116.1066328,1506.367945,1.813131055,64.47444996,122.9786975,1511.703278,1684.9,278.29,63.35,5.25
5.31,5.26,23.94,176.44,1917.69,28.25623708,62.02222653,1466.936578,1.812618325,65.26343368,124.5613859,1513.044555,1.819363744,63.88582694,121.8320809,1511.09697,1.829552596,61.04160397,116.4451282,1507.016798,1.818681375,65.07681622,123.3365513,1512.38598,1687.06,278.95,62.73,5.26
5.32,5.27,23.98,176.68,1919.7,28.30291599,62.10622336,1467.121533,1.815364606,66.65588222,124.7406176,1513.387941,1.822129038,62.54432053,122.008744,1511.435153,1.832346384,59.16480187,116.6156654,1507.343353,1.821456535,63.13276161,123.5171499,1512.729566,1690.4,279.59,62.11,5.27
5.33,5.28,24.02,176.91,1921.51,28.52787489,62.52690133,1468.04759,1.829096006,77.73873146,125.6558962,1515.107267,1.835955507,51.50081741,122.873511,1513.128528,1.84631532,44.30557009,117.4421348,1508.978619,1.835332335,48.66137053,124.3931674,1514.450143,1693.74,280.23,61.48,5.28
5.34,5.29,24.06,177.15,1923.22,28.39165406,62.60228296,1468.212909,1.831537144,65.10974749,125.8456672,1515.413986,1.838413545,64.73249521,123.000102,1513.431022,1.848798687,62.18610549,117.5521618,1509.270924,1.837799144,65.00373524,124.5132057,1514.757722,1693.74,280.87,60.84,5.29
5.35,5.3,24.11,177.39,1923.92,28.41311435,62.69548592,1468.419741,1.834588566,65.32414695,126.0031482,1515.798574,1.841486094,63.48865057,123.2391267,1513.809219,1.851902895,60.56036869,117.8004777,1509.63587,1.840882655,64.32524157,124.7666829,1515.141638,1697.38,281.49,60.19,5.3
5.36,5.31,24.15,177.63,1925.73,28.53448639,62.86626783,1468.796505,1.84012837,64.88818046,126.3650312,1516.496747,1.847072706,63.68312337,123.5938132,1514.497834,1.857549207,60.9445548,118.1424204,1510.301109,1.846474763,64.77154594,125.1263966,1515.83948,1703.37,282.11,59.53,5.31
5.37,5.32,24.19,177.87,1927.64,28.56070853,62.95202354,1468.986042,1.842898272,66.45068468,126.5447651,1516.84809,1.849866013,64.27312639,123.7716997,1514.844371,1.860372363,61.48057883,118.3144764,1510.635901,1.849270817,64.0979163,125.3075014,1516.190664,1707.21,282.72,58.87,5.32
5.38,5.33,24.24,178.12,1929.05,28.63527443,63.38119615,1469.935049,1.85674778,77.81213483,127.4650744,1518.607189,1.863832544,68.12563725,124.6693723,1516.579586,1.874488143,67.62792974,119.1823228,1512.312384,1.863251087,57.89192601,126.2036076,1517.949226,1712.13,283.33,58.2,5.33
5.39,5.34,24.28,178.36,1930.96,28.66819389,63.4576927,1470.104473,1.859209915,64.26982624,127.6566584,1518.920925,1.866315482,64.66286878,124.8385241,1516.889358,1.876997615,59.52291099,119.3520332,1512.611745,1.865736468,66.45506693,126.3474911,1518.263388,1716.76,283.92,57.52,5.34
5.4,5.35,24.33,178.6,1930.96,28.67822741,63.55342754,1470.316435,1.862287584,65.76556356,127.8131097,1519.314498,1.869419156,63.92261327,125.0244945,1517.277171,1.880134455,60.53590218,119.5152357,1512.986292,1.868843195,64.66109632,126.5765069,1518.656098,1720.3,284.51,56.83,5.35
5.41,5.36,24.37,178.85,1933.38,28.78645534,63.72769571,1470.702551,1.867876927,65.73187468,128.180696,1520.029033,1.875059511,63.55718112,125.3850408,1517.982482,1.885837986,61.06004588,119.8605042,1513.668054,1.874489661,64.49882721,126.9416136,1519.370944,1723.16,285.09,56.14,5.36
5.42,5.37,24.42,179.09,1935.59,28.82977864,63.81515863,1470.8968,1.870671599,64.24574377,128.364395,1520.388612,1.877879689,63.96757903,125.5642833,1518.337425,1.888689752,60.59832569,120.0346331,1514.011151,1.877312894,64.62783491,127.1237088,1519.730687,1727.69,285.67,55.44,5.37
5.43,5.38,24.47,179.34,1937.61,29.04206441,64.25313136,1471.869406,1.884644958,51.8775931,129.2621238,1522.189068,1.891980578,65.44679439,126.466283,1520.114582,1.902948582,56.76444203,120.8986943,1515.729248,1.891429059,64.4593055,128.036006,1521.531933,1731.84,286.24,54.73,5.38
5.44,5.39,24.52,179.58,1939.92,28.90792162,64.33156651,1472.043039,1.88712911,66.54091421,129.3909957,1522.510652,1.894487402,64.57205758,126.6303466,1520.431691,1.905483484,61.22579839,121.0425866,1516.036197,1.8939386,65.18124576,128.1977692,1521.853438,1734.7,286.8,54.02,5.39
5.45,5.4,24.56,179.83,1942.34,28.92749971,64.42858797,1472.26029,1.890234301,65.57475018,129.6439266,1522.912777,1.897620933,64.37177972,126.8281914,1520.829117,1.908652113,61.50115689,121.2525344,1516.419832,1.897075525,65.21562119,128.404257,1522.256094,1734.7,287.35,53.31,5.4
5.46,5.41,24.61,180.08,1944.25,29.03577458,64.60629937,1472.656019,1.895881608,66.23603776,130.0142473,1523.645063,1.90331278,64.40838712,127.1945857,1521.551134,1.914410492,61.88423574,121.6066814,1517.118156,1.902775062,65.0793944,128.7759558,1522.988078,1739.73,287.9,52.58,5.41
5.47,5.42,24.66,180.32,1945.97,29.06021099,64.69548766,1472.855112,1.898705262,66.67315825,130.2012749,1524.013559,1.906158704,65.42281516,127.3778871,1521.914489,1.917289681,62.22242655,121.7848578,1517.469612,1.905624831,66.6763274,128.961417,1523.356454,1746.15,288.44,51.85,5.42
5.48,5.43,24.71,180.57,1948.38,29.13347699,65.14180438,1473.851977,1.912823529,69.90185538,131.1425844,1525.858842,1.920388322,73.10468102,128.3088287,1523.733883,1.931685628,65.27888302,122.6806085,1519.229556,1.919873674,78.62124085,129.9114775,1525.200942,1752.77,288.97,51.12,5.43
5.49,5.44,24.77,180.82,1949.49,29.15469179,65.22134962,1474.029949,1.915333443,66.92212222,131.318032,1526.188415,1.922918031,64.18182191,128.4937624,1524.058588,1.934244907,61.64277244,122.8476754,1519.543852,1.922406801,65.1496279,130.1106352,1525.530006,1756.82,289.49,50.38,5.44
5.5,5.45,24.82,181.07,1951.41,29.16844391,65.32084444,1474.252622,1.918470835,66.65573527,131.5164877,1526.600559,1.926080169,65.02953411,128.668406,1524.465352,1.937444007,61.89049571,123.0329483,1519.937059,1.925573211,65.87571501,130.2723941,1525.942577,1761.76,290.01,49.64,5.45
5.51,5.46,24.87,181.32,1951.41,29.27579025,65.50199933,1474.658229,1.924172969,66.74905766,131.8965676,1527.350634,1.931833407,65.33198882,129.0425364,1525.205746,1.943258942,61.89223846,123.3928375,1520.652595,1.931323063,66.30394637,130.6511697,1526.691766,1765.03,290.51,48.89,5.46
5.52,5.47,24.93,181.56,1954.03,29.27977387,65.59291012,1474.862298,1.927024036,65.60192469,132.0868736,1527.72811,1.934710026,65.43824758,129.2304717,1525.578364,1.946166409,62.51613331,123.5727872,1521.012718,1.934197989,65.80351678,130.8417886,1527.068812,1769.29,291.01,48.14,5.47
5.53,5.48,24.98,181.81,1957.46,29.19445045,66.04752593,1475.884089,1.94127937,54.99937609,133.022051,1529.618226,1.949093123,66.44645913,130.1716763,1527.444238,1.960703746,67.65781143,124.4816053,1522.815949,1.948572619,62.08322987,131.7876898,1528.956886,1773.25,291.49,47.39,5.48
5.54,5.49,25.04,182.06,1958.77,29.4039733,66.128111,1476.066517,1.943813652,68.2135582,133.1614349,1529.95583,1.951650117,65.48840948,130.3415795,1527.777442,1.963288162,61.74787159,124.6564612,1523.137817,1.951128109,66.60474524,131.9463429,1529.294167,1777.6,291.97,46.63,5.49
5.55,5.5,25.09,182.31,1960.69,29.39522779,66.2301886,1476.29476,1.946981504,66.87412399,133.4177682,1530.378018,1.954846361,65.19530323,130.5464779,1528.194316,1.966518681,61.72288366,124.8350656,1523.54094,1.954322471,66.09880656,132.1731167,1529.715832,1781.27,292.44,45.87,5.5
5.56,5.51,25.15,182.56,1962.2,29.49132023,66.41474791,1476.710512,1.952738534,67.46202414,133.8027646,1531.146261,1.960659068,65.21075832,130.9254391,1528.953281,1.972397026,60.68723867,125.1978939,1524.274874,1.960130721,66.05535736,132.557035,1530.483672,1781.27,292.9,45.11,5.51
5.57,5.52,25.21,182.81,1964.42,29.51286172,66.50732922,1476.919692,1.955617049,65.65406228,133.996955,1531.532877,1.963565421,64.57472345,131.1149646,1529.335242,1.975336198,60.63627401,125.3762642,1524.64424,1.963034845,65.20739245,132.748868,1530.870101,1785.83,293.35,44.34,5.52
5.58,5.53,25.27,183.06,1966.04,29.57628103,66.9705739,1477.967074,1.970009624,54.07975528,134.9418861,1533.468899,1.978097188,62.11584354,132.0533494,1531.247806,1.990032058,58.62864283,126.2673664,1526.493421,1.977555469,60.58212044,133.69572,1532.80502,1792.28,293.79,43.58,5.53
5.59,5.54,25.33,183.31,1968.06,29.59711861,67.05310548,1478.154067,1.972568304,66.61869872,135.0802589,1533.814939,1.980680614,63.91763518,132.2138211,1531.589342,1.992644656,61.23398988,126.4205394,1526.823219,1.980136913,65.09431545,133.8521094,1533.150555,1796.45,294.22,42.81,5.54
5.6,5.55,25.39,183.56,1969.47,29.60923093,67.15634145,1478.388043,1.975766655,65.98241345,135.3365834,1534.246935,1.983909895,63.94413017,132.4284774,1532.01659,1.995910402,60.54338177,126.6268017,1527.237014,1.983363719,64.86927928,134.0787957,1533.5828,1799.43,294.64,42.04,5.55
5.61,5.56,25.45,183.81,1971.49,29.69846974,67.34427406,1478.814213,1.981584761,65.43464256,135.7204761,1535.034494,1.989777921,63.89790192,132.8037032,1532.793824,2.001819982,60.45147574,126.9845876,1527.985438,1.989229808,64.68379831,134.4593247,1534.369467,1802.9,295.05,41.27,5.56
5.62,5.57,25.51,184.07,1971.49,29.7085173,67.43852356,1479.028641,1.984493814,65.87309187,135.9108289,1535.430787,1.992711934,63.89214592,132.9911805,1533.184918,2.004774772,59.05130211,127.1632091,1528.362028,1.992162852,64.96305179,134.6490452,1534.765312,1804.89,295.46,40.5,5.57
5.63,5.58,25.57,184.32,1974.02,29.67217031,67.90993052,1480.102302,1.99903908,68.67851975,136.8689706,1537.414879,2.007382,66.12944693,133.9284824,1535.143127,2.019548722,49.50864973,128.03563,1530.247596,2.006828075,69.13908019,135.6017428,1536.747271,1807.47,295.86,39.73,5.58
5.64,5.59,25.64,184.57,1976.34,29.81638188,67.99363367,1480.293989,2.001624905,65.78470563,137.0465612,1537.768834,2.009990011,62.2969912,134.1009488,1535.492679,2.022175202,60.08654729,128.1656635,1530.584338,2.009435226,63.25263115,135.7819988,1537.100984,1809.66,296.25,38.95,5.59
5.65,5.6,25.71,184.82,1978.06,29.80734646,68.09916536,1480.533842,2.004857186,65.15950813,137.2466488,1538.212552,2.013250026,62.86343506,134.2938091,1535.930218,2.025458302,59.27984344,128.3993354,1531.005415,2.012694165,63.7702227,135.9703178,1537.543963,1811.45,296.63,38.18,5.6
5.66,5.61,25.77,185.08,1979.68,29.89128396,68.28958889,1480.968816,2.010737388,64.13735917,137.6297998,1539.01975,2.019178757,62.51408318,134.6665096,1536.726553,2.031426023,59.65319414,128.7531009,1531.771781,2.018622818,63.39121634,136.3483893,1538.350236,1814.13,297,37.41,5.61
5.67,5.62,25.84,185.33,1982,29.91054107,68.38506877,1481.187671,2.013677489,64.44042631,137.8183701,1539.425885,2.022143123,61.03796658,134.8518242,1537.127206,2.034409883,58.90092689,128.9310977,1532.157339,2.021587144,61.83545181,136.5363015,1538.755894,1814.13,297.37,36.64,5.62
5.68,5.63,25.91,185.58,1984.53,29.9682973,68.86277574,1482.283501,2.028377994,65.71885865,138.7656769,1541.459059,2.036964953,48.25679841,135.7565185,1539.133128,2.049329184,53.04124627,129.8098584,1534.087888,2.036408776,48.07390153,137.4528039,1540.786871,1816.82,297.73,35.87,5.63
5.69,5.64,25.98,185.84,1985.44,29.98445153,68.94786541,1482.479141,2.030991417,63.94584916,138.9374281,1541.821605,2.039599945,63.644005,135.8836748,1539.491251,2.051981504,60.40223371,129.9505408,1534.432705,2.039043733,65.05447343,137.5794765,1541.14947,1821.79,298.08,35.1,5.64
5.7,5.65,26.05,186.1,1987.67,29.99505799,69.05427466,1482.723951,2.034258196,64.28843046,139.1408457,1542.276466,2.042893685,62.37330186,136.143865,1539.939349,2.055296904,59.4168968,130.1740452,1534.863699,2.042337429,63.21611854,137.8479349,1541.603181,1823.38,298.43,34.34,5.65
5.71,5.66,26.12,186.35,1989.9,30.08117429,69.24794004,1483.169729,2.040140415,63.60834878,139.5190044,1543.095085,2.048884038,63.0878954,136.5175031,1540.755045,2.061322078,59.69230583,130.5320423,1535.648137,2.048321778,63.74441024,138.2262423,1542.428266,1826.87,298.77,33.57,5.66
5.72,5.67,26.19,186.61,1991.72,30.10097926,69.34505075,1483.394025,2.043081525,65.2967904,139.7060835,1543.506898,2.051879215,61.21291269,136.7064625,1541.165411,2.064334665,58.34863966,130.7118706,1536.042783,2.051313953,62.7965811,138.4169766,1542.843356,1830.55,299.1,32.81,5.67
5.73,5.68,26.27,186.87,1991.72,30.16157619,69.83092393,1484.517101,2.057787074,77.06646772,140.6663086,1545.568533,2.066855098,46.53614208,137.6231799,1543.220269,2.079397599,47.45189241,131.5907723,1538.018799,2.066274825,55.57492977,139.3564683,1544.921805,1833.44,299.42,32.04,5.68
5.74,5.69,26.34,187.13,1994.05,30.17593423,69.91747528,1484.717609,2.060401394,63.88006735,140.867785,1545.936061,2.069517477,64.19760863,137.7470768,1543.587536,2.082075454,60.54665248,131.7178416,1538.371777,2.068934535,64.25223408,139.5042815,1545.293096,1836.83,299.74,31.28,5.69
5.75,5.7,26.42,187.39,1997.18,30.18398048,70.02568545,1484.968508,2.063669294,64.40668679,141.0305011,1546.397328,2.072845451,62.58783315,138.0191685,1544.045895,2.085422773,59.50052303,131.9645093,1538.812856,2.072259174,63.64938729,139.7473435,1545.756999,1839.62,300.05,30.52,5.7
5.76,5.71,26.49,187.65,1999.51,30.2568535,70.22269145,1485.425479,2.069596805,64.48004619,141.4122725,1547.233453,2.078899635,62.6585255,138.3980868,1544.881638,2.091512925,59.15669484,132.3268765,1539.616659,2.078209524,63.29602221,140.1260796,1546.588701,1844.21,300.35,29.77,5.71
5.77,5.72,26.57,187.92,2001.64,30.29636214,70.32143226,1485.655411,2.07256056,64.21358133,141.6033756,1547.654063,2.081926727,62.84094611,138.5877599,1545.302091,2.094558001,60.34399013,132.5070131,1540.021044,2.0811847,64.23291632,140.3143964,1547.007088,1849.7,300.65,29.02,5.72
5.78,5.73,26.65,188.18,2002.96,30.51428019,70.815781,1486.806707,2.087379338,62.44417414,142.5549424,1549.75996,2.097062188,64.33294462,139.5388865,1547.407245,2.10978338,69.89942433,133.4257733,1542.045613,2.096060577,70.82520354,141.2699174,1549.101728,1849.7,300.94,28.27,5.73
5.79,5.74,26.73,188.45,2005.19,30.33996909,70.90429736,1487.012247,2.090013787,64.34718318,142.7194484,1550.135882,2.099752936,62.54143842,139.7119903,1547.782997,2.112490115,58.61176654,133.6149724,1542.406697,2.098705178,63.81942226,141.4572218,1549.475341,1855.89,301.22,27.52,5.74
5.8,5.75,26.81,188.71,2008.03,30.35788815,71.01357825,1487.269468,2.093306849,64.27201101,142.9381127,1550.606244,2.103116372,62.59791104,139.9158576,1548.253321,2.115873532,59.23477413,133.7740313,1542.859437,2.102010928,63.54381,141.6416263,1549.943669,1864.68,301.5,26.77,5.75
5.81,5.76,26.89,188.98,2009.25,30.43277656,71.21388024,1487.737942,2.099294935,64.65806208,143.322979,1551.462339,2.109230059,62.58756295,140.2985617,1549.108876,2.122023692,58.98844083,134.1383347,1543.682291,2.107972683,63.03251153,142.0204589,1550.78826,1868.48,301.76,26.03,5.76
5.82,5.77,26.97,189.25,2011.27,30.45032858,71.31427829,1487.973666,2.102288978,63.7193522,143.516568,1551.89298,2.112286903,61.58668808,140.4898821,1549.539286,2.125098772,58.78445905,134.3197288,1544.096239,2.11095356,63.73351758,142.2083511,1551.213097,1872.68,302.02,25.3,5.77
5.83,5.78,27.05,189.51,2013.4,30.47016827,71.81655806,1489.153967,2.117259192,57.50863529,144.4704604,1554.049189,2.12757112,53.92676885,141.4311864,1551.694257,2.14047417,58.44763131,135.2235633,1546.168696,2.125857947,69.4576263,143.1582601,1553.339944,1875.98,302.27,24.56,5.78
5.84,5.79,27.14,189.78,2013.4,30.54372762,71.90591042,1489.364692,2.119920564,64.66519048,144.6235122,1554.43428,2.130288314,62.79940793,141.5777159,1552.079026,2.143207575,57.89638991,135.3833243,1546.538537,2.128507615,62.2093159,143.3422998,1553.719261,1878.58,302.52,23.83,5.79
5.85,5.8,27.22,190.05,2015.33,30.53634661,72.01800799,1489.628392,2.123247278,63.87807813,144.862633,1554.915559,2.133684807,61.99950395,141.8212819,1552.560268,2.14662433,58.07387462,135.5805814,1547.001592,2.131819701,62.91046195,143.5247978,1554.194753,1883.39,302.75,23.11,5.8
5.86,5.81,27.31,190.32,2019.19,30.61308588,72.22168834,1490.108684,2.129294067,63.75985034,145.2488902,1555.791687,2.139856358,61.21956171,142.203915,1553.435681,2.152828697,57.68272121,135.940893,1547.842908,2.137839135,62.3565904,143.9034832,1555.058853,1886.79,302.98,22.38,5.81
5.87,5.82,27.39,190.59,2021.02,30.6306801,72.32378444,1490.350358,2.132317462,63.38490023,145.4416614,1556.232378,2.142942134,62.01858882,142.3928248,1553.876045,2.15593088,58.36446975,136.1198354,1548.266082,2.140848852,61.29131188,144.0911589,1555.493468,1889.19,303.2,21.67,5.82
5.88,5.83,27.47,190.87,2023.66,30.68204194,72.83455834,1491.560461,2.147434435,62.50237813,146.3998492,1558.438718,2.158371012,68.54694838,143.3497021,1556.080552,2.171441798,62.31151704,137.0251218,1550.38461,2.155897437,52.62368318,145.0135064,1557.669214,1892.9,303.41,20.95,5.83
5.89,5.84,27.56,191.14,2025.69,30.69945612,72.92551485,1491.77651,2.150121897,62.33948851,146.567822,1558.832493,2.161113924,60.10410906,143.5377203,1556.47361,2.174199294,58.37831842,137.1969456,1550.762459,2.158572741,62.33856402,145.1542907,1558.05745,1892.9,303.62,20.24,5.84
5.9,5.85,27.65,191.42,2027.62,30.70631143,73.03926262,1492.046869,2.153481224,62.70134728,146.7793747,1559.325283,2.164542563,61.35173824,143.7171907,1556.966662,2.177646165,58.1451339,137.3816773,1551.236087,2.161916871,62.09920771,145.3976049,1558.54352,1898.82,303.81,19.54,5.85
5.91,5.86,27.73,191.7,2029.34,30.76981143,73.24632025,1492.53931,2.15958881,62.94316823,147.1623285,1560.221928,2.17077724,61.20148783,144.099699,1557.862852,2.183915378,58.35590771,137.7462015,1552.097489,2.167998754,62.50637532,145.775285,1559.427977,1906.64,304,18.84,5.86
5.92,5.87,27.82,191.97,2031.78,30.80129442,73.35006315,1492.787102,2.162642603,64.20231108,147.354544,1560.672883,2.173894578,61.6935452,144.2904847,1558.313631,2.187049984,56.2151858,137.9291243,1552.530762,2.171039695,60.50207993,145.9653632,1559.87279,1911.46,304.18,18.14,5.87
5.93,5.88,27.91,192.25,2034.63,30.93191624,73.86930843,1494.027831,2.177911569,75.53622006,148.3348469,1562.930658,2.189481269,66.19052771,145.252083,1560.570452,2.202723017,39.0805618,138.8101867,1554.700055,2.186244402,44.64674881,146.8852796,1562.099861,1915.38,304.36,17.45,5.88
5.94,5.89,27.99,192.53,2035.54,30.86537568,73.96201017,1494.249341,2.180626052,61.63573322,148.5398886,1563.333488,2.192252237,60.56033629,145.4354948,1560.973099,2.205509333,59.74906447,138.9190776,1555.087589,2.188947461,63.76921252,147.0059624,1562.497704,1919.5,304.52,16.77,5.89
5.95,5.9,28.08,192.81,2035.54,30.87477494,74.07727613,1494.52656,2.184019156,63.05413958,148.7033119,1563.837874,2.195715946,61.05867673,145.6262531,1561.477399,2.20899223,57.84330167,139.1989283,1555.571594,2.192326285,61.86993228,147.2852716,1562.994515,1923.12,304.68,16.09,5.9
5.96,5.91,28.16,193.09,2038.49,30.94926635,74.28775766,1495.031491,2.190189325,62.29520638,149.0923666,1564.75558,2.202014275,60.82956988,146.0108208,1562.394764,2.215316388,57.86678104,139.5647385,1556.45204,2.198468009,62.07700767,147.6652596,1563.89927,1924.42,304.83,15.41,5.91
5.97,5.92,28.25,193.37,2041.95,30.9513988,74.39325233,1495.28557,2.19327441,63.17946781,149.2845526,1565.217134,2.20516344,60.25001517,146.2023831,1562.856172,2.218478468,57.56532642,139.7477179,1556.894867,2.201538872,60.05526378,147.8558896,1564.354273,1927.54,304.98,14.74,5.92
5.98,5.93,28.34,193.65,2043.78,30.86890425,74.92076206,1496.557794,2.208699833,69.17397922,150.2591227,1567.527649,2.220909262,54.12113519,147.1510691,1565.16616,2.234288865,53.11319535,140.6578486,1559.111898,2.216893182,43.22106436,148.7779967,1566.632278,1929.96,305.11,14.08,5.93
5.99,5.94,28.42,193.94,2045.62,31.04693611,75.01429162,1496.784939,2.211442131,62.0947391,150.4488183,1567.939575,2.22370852,62.01811557,147.3025681,1565.578404,2.237099602,59.2535829,140.8071358,1559.507604,2.219622838,63.56843212,148.8959754,1567.039137,1932.37,305.24,13.42,5.94
6,5.95,28.51,194.23,2047.35,31.04426437,75.13248631,1497.069183,2.214870002,62.59156716,150.6365176,1568.456265,2.227207591,61.21892861,147.5459551,1566.094433,2.240613024,58.75638775,141.0355876,1560.002787,2.223034907,61.81483698,149.181913,1567.547414,1932.37,305.37,12.77,5.95
6.01,5.96,28.59,194.51,2048.47,31.11046157,75.3464399,1497.586914,2.221102739,62.71889711,151.0266343,1569.395329,2.233568378,61.97526788,147.9353557,1567.033109,2.247004715,60.00291039,141.4111403,1560.904376,2.229242496,62.58152883,149.565634,1568.473648,1934.89,305.48,12.13,5.96
6.02,5.97,28.68,194.8,2050.6,31.12713663,75.4536448,1497.847439,2.224219107,63.086368,151.2220895,1569.867596,2.236748771,62.03274302,148.1324614,1567.505233,2.25020056,57.4916464,141.6029003,1561.357872,2.23234629,62.88761048,149.7598742,1568.939444,1939.92,305.6,11.49,5.97
6.03,5.98,28.76,195.09,2052.13,31.1549949,75.98995663,1499.151935,2.239800949,64.06449344,152.2050913,1572.232017,2.252650738,62.31099601,149.118904,1569.869225,2.266179788,38.52954999,142.5215724,1563.628803,2.247865262,64.71071114,150.7358253,1571.271669,1943.95,305.7,10.86,5.98
6.04,5.99,28.85,195.38,2052.34,31.20600136,76.08538629,1499.384838,2.242571054,63.88877499,152.3825567,1572.653947,2.255477754,62.73734245,149.2950582,1570.2914,2.26902054,61.13986969,142.6310253,1564.034963,2.25062419,63.4907854,150.9143575,1571.68809,1946.07,305.8,10.23,5.99
6.05,6,28.93,195.67,2054.58,31.20607495,76.20496623,1499.676305,2.246033686,64.03326353,152.6023159,1573.182096,2.259011525,62.42751323,149.5168236,1570.819038,2.272571479,59.36222791,142.9294094,1564.540948,2.254072851,63.31525055,151.1273319,1572.208641,1946.87,305.89,9.62,6
6.06,6.01,29.01,195.96,2054.58,31.28576373,76.42210373,1500.20648,2.252325713,64.04654826,153.0052149,1574.142463,2.26543146,62.68797554,149.9176041,1571.779097,2.2790318,59.27907852,143.3129084,1565.464454,2.260341206,63.28314475,151.5242144,1573.156138,1952.62,305.97,9,6.01
6.07,6.02,29.1,196.25,2057.23,31.28278848,76.53094972,1500.473267,2.255471726,63.35360554,153.2067062,1574.625499,2.268641427,62.76277529,150.1188305,1572.262022,2.282261961,59.77947615,143.5043894,1565.928995,2.263475384,63.58876374,151.722555,1573.632686,1956.25,306.05,8.4,6.02
6.08,6.03,29.18,196.54,2060.59,31.19986651,77.07512794,1501.809129,2.271201793,56.89746153,154.2032627,1577.043854,2.284691265,64.39502854,151.1261628,1574.679956,2.298412764,65.43144811,144.4698759,1568.254765,2.279146273,66.23028834,152.7190475,1576.018524,1959.58,306.12,7.8,6.03
6.09,6.04,29.26,196.84,2062.02,31.35601965,77.1716143,1502.047642,2.27399825,65.23476238,154.362374,1577.475547,2.287544569,62.57894128,151.3099015,1575.111589,2.301284017,57.95421939,144.6577462,1568.669747,2.281932209,62.79929978,152.9035608,1576.444245,1961.19,306.19,7.21,6.04
6.1,6.05,29.34,197.13,2064.57,31.36944435,77.29344782,1502.346103,2.27749382,64.15481109,154.6177404,1578.01561,2.2911112,62.2216599,151.5254288,1575.651572,2.304873085,58.57379573,144.8399618,1569.189416,2.285414629,63.22799229,153.1108052,1576.977232,1965.94,306.24,6.63,6.05
6.11,6.06,29.42,197.43,2066.71,31.43857443,77.51409208,1502.889692,2.283820023,64.33342838,155.0235967,1578.993946,2.29758681,61.94563466,151.928352,1576.632966,2.311400324,58.16612022,145.222287,1570.13496,2.29174139,62.77112934,153.5108336,1577.946109,1965.94,306.3,6.06,6.06
6.12,6.07,29.49,197.72,2067.52,31.45076903,77.62465734,1503.163233,2.286983124,62.74123614,155.2270899,1579.486003,2.300824615,60.91968449,152.1289199,1577.126598,2.314663943,57.81713187,145.4121191,1570.61054,2.29490477,63.10214681,153.7094025,1578.433395,1973.31,306.34,5.49,6.07
6.13,6.08,29.57,198.02,2069.26,31.45182376,78.17769804,1504.532908,2.302798631,51.59611593,156.2193744,1581.949562,2.317013641,53.57726807,153.1151502,1579.597921,2.330982041,54.56536949,146.3555847,1572.991406,2.310721673,66.83762521,154.707483,1580.872826,1978.67,306.38,4.93,6.08
6.14,6.09,29.65,198.32,2071.3,31.52564883,78.27601969,1504.777452,2.305610277,64.11384708,156.3644444,1582.389509,2.31989169,61.70573706,153.2693483,1580.039018,2.333883036,58.36533125,146.5138785,1573.416189,2.313533567,61.93195052,154.8954233,1581.307933,1979.68,306.41,4.38,6.09
6.15,6.1,29.72,198.61,2072.93,31.52992729,78.39942534,1505.083483,2.309124834,63.11605969,156.6351669,1582.939295,2.323489251,61.07416649,153.5216901,1580.590967,2.33750928,57.93523825,146.7387639,1573.948181,2.317048434,62.08702432,155.0959485,1581.853105,1982,306.44,3.84,6.1
6.16,6.11,29.8,198.91,2074.46,31.59794057,78.6236002,1505.640825,2.315512805,62.67179879,157.0383504,1583.940072,2.330035643,60.92428374,153.9215055,1581.596159,2.344101208,57.92527333,147.1206689,1574.915615,2.323389417,61.61149946,155.4896412,1582.836749,1986.76,306.46,3.31,6.11
6.17,6.12,29.87,199.21,2074.46,31.61102364,78.73592942,1505.921289,2.31870679,62.81314298,157.2385232,1584.443359,2.333308839,61.51444135,154.1209226,1582.101699,2.347397172,58.21153417,147.3115885,1575.402165,2.326559908,61.98333025,155.68498,1583.33138,1992.32,306.48,2.78,6.12
6.18,6.13,29.94,199.51,2076.81,31.64304233,79.29780805,1507.325632,2.334676716,63.49373901,158.2416444,1586.962853,2.349674818,65.89094151,155.1276667,1584.632618,2.363876992,60.22727772,148.2709041,1577.838056,2.342412365,64.35482347,156.667568,1585.807487,1997.18,306.49,2.27,6.13
6.19,6.14,30.01,199.81,2080.69,31.67101758,79.39779876,1507.576367,2.337515813,62.84090636,158.4219093,1587.412251,2.352584326,60.92635993,155.3193769,1585.084117,2.366806738,57.48727793,148.4473547,1578.272701,2.34523058,61.24069206,156.8489337,1586.249077,2002.96,306.5,1.76,6.14
6.2,6.15,30.08,200.12,2082.73,31.67895935,79.52295396,1507.890147,2.341064686,62.53845429,158.6412039,1587.975261,2.35622121,61.11099958,155.5217905,1585.64965,2.37046892,58.21997052,148.6493375,1578.816842,2.348753348,61.88744772,157.0547988,1586.802419,2006,306.5,1.26,6.15
6.21,6.16,30.15,200.42,2085.19,31.74624597,79.75063382,1508.461616,2.347515252,62.76446178,159.0446123,1588.998788,2.362708683,61.39458047,155.9182465,1586.658772,2.377112577,58.70857308,149.036131,1579.804563,2.355132461,61.67587888,157.4495858,1587.804476,2009.75,306.49,0.77,6.16
6.22,6.17,30.22,200.72,2086.31,31.76091285,79.86471554,1508.749192,2.350740536,63.50107839,159.2470455,1589.51348,2.36595242,61.8785205,156.1173943,1587.166227,2.380434405,57.39925406,149.2311508,1580.301315,2.358322017,62.45792908,157.6463045,1588.308338,2009.75,306.49,0.28,6.17
6.23,6.18,30.28,201.03,2088.46,31.80200254,80.4353877,1510.189146,2.366866952,69.60154825,160.2710903,1592.090274,2.382171103,66.16787615,157.1209825,1589.706825,2.397043547,47.84400092,150.1845032,1582.788477,2.374269799,67.72137154,158.6423699,1590.830721,2012.59,306.47,-0.19,6.18
6.24,6.19,30.35,201.33,2090.19,31.82088632,80.53697178,1510.44624,2.36973387,62.72590219,160.4706323,1592.550054,2.385054425,61.21865673,157.3117657,1590.160212,2.399996284,59.22361745,150.3257739,1583.232741,2.37710496,61.56123895,158.8343709,1591.280594,2017.87,306.45,-0.65,6.19
6.25,6.2,30.41,201.64,2092.44,31.8285984,80.66404139,1510.767981,2.373317518,62.94559616,160.6694568,1593.125559,2.388658577,61.33145916,157.5134938,1590.727541,2.403687204,57.96135476,150.5858272,1583.787623,2.380648912,62.22624943,159.030408,1591.844198,2019.29,306.43,-1.11,6.2
6.26,6.21,30.48,201.94,2095.31,31.89648961,80.89528676,1511.353962,2.379824991,63.08779755,161.0790735,1594.171317,2.395152008,61.13467517,157.9117454,1591.750525,2.41039741,58.70404861,150.9747599,1584.798234,2.387081096,61.9618149,159.4306587,1592.867301,2023.45,306.41,-1.55,6.21
6.27,6.22,30.54,202.25,2097.35,31.91076791,81.01115607,1511.648843,2.383078727,63.76767962,161.2843446,1594.697195,2.398398724,60.96928668,158.1102323,1592.264927,2.413752513,58.97200267,151.171718,1585.306475,2.390297188,61.55399193,159.6299336,1593.38175,2025.59,306.38,-1.99,6.22
6.28,6.23,30.6,202.56,2097.35,31.96655575,81.59076195,1513.12538,2.399347408,70.97501621,162.3217606,1597.329973,2.414632303,57.76154384,159.099982,1594.840095,2.430528027,61.27720096,152.1610037,1587.851244,2.406377648,57.37205294,160.6197501,1595.957114,2030.16,306.35,-2.42,6.23
6.29,6.24,30.66,202.87,2099.6,31.96519781,81.69398314,1513.389007,2.402239618,61.74043586,162.5270353,1597.79972,2.417518272,62.31422994,159.2666801,1595.29954,2.433510341,58.76207522,152.3437515,1588.305637,2.409236396,62.69922836,160.7837624,1596.416597,2033.92,306.31,-2.84,6.24
6.3,6.25,30.71,203.17,2104.21,31.96837078,81.82292572,1513.718923,2.40585488,62.88095139,162.7194467,1598.387725,2.421125734,61.82810723,159.50632,1595.874765,2.437238233,59.11751314,152.5536002,1588.87359,2.412809832,62.03922371,161.025642,1596.99181,2037.17,306.27,-3.25,6.25
6.31,6.26,30.77,203.48,2106.16,32.03653978,82.05772136,1514.319812,2.412419975,63.11232188,163.1322661,1599.456203,2.427686362,62.14207952,159.9119512,1596.921412,2.444014348,59.43044115,152.9541872,1589.907463,2.419307045,63.10831715,161.4287241,1598.038223,2039.1,306.22,-3.65,6.26
6.32,6.27,30.83,203.79,2108.61,32.05114275,82.17536952,1514.622198,2.415702522,64.83743245,163.3394352,1599.993492,2.430966675,62.55712336,160.1157967,1597.447729,2.447402405,59.5992504,153.155541,1590.427453,2.422555652,63.19569127,161.6337382,1598.564377,2041.75,306.16,-4.04,6.27
6.33,6.28,30.88,204.11,2110.87,32.09880024,82.76387844,1516.136311,2.432115259,78.25003331,164.4035949,1602.683414,2.447368243,65.71051678,161.1418316,1600.082765,2.464342692,64.89377638,154.1651694,1593.030927,2.438798686,65.58534541,162.6602279,1601.198819,2041.75,306.11,-4.42,6.28
6.34,6.29,30.93,204.42,2112.61,32.11382257,82.86865782,1516.406649,2.435033078,62.60321346,164.6319144,1603.163222,2.450284077,63.13594565,161.3334326,1600.553024,2.467354299,56.39887014,154.3606039,1593.495655,2.441686337,62.25387975,162.8496155,1601.669303,2043.99,306.05,-4.79,6.29
6.35,6.3,30.98,204.73,2114.66,32.10972122,82.99964614,1516.744963,2.438680353,63.84561049,164.8021128,1603.764223,2.45392887,62.01217891,161.548909,1601.141429,2.471118807,58.09852102,154.5473182,1594.07689,2.4452959,63.1089715,163.0649985,1602.25694,2052.23,305.99,-5.15,6.3
6.36,6.31,31.03,205.04,2116.5,32.17498868,83.23806897,1517.361188,2.445273569,64.1071139,165.2230607,1604.851013,2.460535793,61.2712255,161.9586187,1602.208959,2.477949656,58.0470156,154.9441804,1595.132734,2.451854136,62.575222,163.478882,1603.326558,2054.88,305.92,-5.51,6.31
6.37,6.32,31.08,205.35,2119.17,32.19249498,83.35752271,1517.671293,2.448570178,63.77044249,165.4343968,1605.39753,2.463839255,60.66970334,162.1610258,1602.74577,2.48136508,57.37508057,155.1424356,1595.663707,2.455133254,61.20440069,163.6840735,1603.864421,2056.41,305.85,-5.85,6.32
6.38,6.33,31.13,205.66,2121.12,32.28196419,83.95511634,1519.224061,2.465053218,64.55324254,166.4855275,1608.13369,2.480356562,54.39144797,163.163126,1605.432921,2.498442201,52.40214525,156.1222368,1598.321936,2.471528845,50.24276058,164.6875558,1606.556927,2059.37,305.78,-6.19,6.33
6.39,6.34,31.18,205.98,2121.12,32.23017763,84.06165047,1519.501299,2.467983536,61.25313191,166.6746891,1608.622098,2.483292972,62.74035279,163.3228416,1605.912189,2.501478134,58.08156961,156.2813262,1598.796375,2.474443616,62.79770035,164.834002,1607.037362,2063.34,305.71,-6.51,6.34
6.4,6.35,31.22,206.29,2122.96,32.24358445,84.19434719,1519.848255,2.471646434,62.84434845,166.8940672,1609.232823,2.486963485,60.83815503,163.5787011,1606.512664,2.50527305,57.41803337,156.5229004,1599.389916,2.478087081,61.93723109,165.1097877,1607.638673,2066.91,305.63,-6.83,6.35
6.41,6.36,31.27,206.6,2126.45,32.30344717,84.43637402,1520.480167,2.478251136,62.68187166,167.3091353,1610.335325,2.493629,60.59481203,163.9842188,1607.603193,2.512171677,57.15390115,156.919006,1600.469868,2.48471576,61.41181695,165.5203497,1608.733337,2071.71,305.55,-7.14,6.36
6.42,6.37,31.31,206.92,2128.5,32.33183718,84.5576121,1520.798167,2.481553486,62.16167314,167.5161329,1610.889661,2.496961758,61.37686672,164.1861666,1608.151499,2.51562099,57.30670669,157.1161477,1601.012918,2.4880301,61.29269759,165.7238893,1609.283731,2074.56,305.46,-7.44,6.37
6.43,6.38,31.35,207.23,2130.56,32.51893162,85.16433526,1522.390469,2.49806524,58.14773298,168.5425311,1613.664704,2.513625546,68.97890824,165.2089377,1610.896312,2.532867557,58.80620375,158.1044917,1603.731474,2.504601799,59.93389992,166.7396135,1612.038899,2078.14,305.37,-7.73,6.38
6.44,6.39,31.39,207.55,2132.51,32.34432055,85.27282132,1522.674761,2.501000663,62.88528619,168.7132193,1614.159853,2.516587997,59.04221353,165.4132843,1611.385816,2.535933614,56.51099183,158.2847948,1604.216413,2.507547878,61.77258268,166.9161835,1612.530282,2078.14,305.28,-8.01,6.39
6.45,6.4,31.43,207.87,2134.87,32.37283928,85.40696226,1523.03056,2.504669941,62.13851899,168.9602512,1614.779509,2.520291061,59.9937271,165.5963921,1611.999033,2.539766184,57.07825376,158.4943556,1604.823733,2.511230478,61.14187773,167.1487224,1613.145836,2077.93,305.18,-8.28,6.4
6.46,6.41,31.47,208.18,2137.54,32.44089452,85.65258813,1523.678511,2.511340342,61.75722002,169.3747401,1615.906763,2.527015965,59.77026672,165.9998441,1613.11285,2.546602711,57.70162166,158.8845726,1605.907443,2.517878689,60.92979237,167.5552065,1614.257283,2079.98,305.08,-8.54,6.41
6.47,6.42,31.5,208.5,2138.57,32.43186548,85.77565925,1524.004583,2.514675543,62.09470906,169.5807128,1616.473501,2.530378417,62.02212909,166.2008188,1613.672811,2.550020974,59.54240562,159.0818119,1606.4523,2.521202795,59.66151929,167.7577436,1614.816047,2081.61,304.98,-8.8,6.42
6.48,6.43,31.54,208.82,2140.21,32.32901303,86.39084358,1525.63731,2.531351546,64.95376064,170.6162044,1619.310497,2.547190678,79.65544136,167.243551,1616.475919,2.56711229,75.09126174,160.09947,1609.180176,2.537823322,48.20529126,168.7493495,1617.613163,2083.14,304.88,-9.04,6.43
6.49,6.44,31.57,209.13,2143.19,32.49538562,86.49986284,1525.928832,2.534316169,61.065652,170.8087678,1619.816442,2.550179524,58.10953068,167.4816289,1616.975557,2.570150746,56.85000262,160.3276315,1609.666849,2.540778082,62.07757858,168.8917846,1618.11231,2086,304.77,-9.27,6.44
6.5,6.45,31.6,209.45,2143.19,32.49669037,86.63754281,1526.293646,2.538021948,61.71024474,171.0220988,1620.450226,2.553915582,60.79838306,167.6208729,1617.602132,2.573948816,58.0352566,160.4728254,1610.276,2.544471533,61.17907779,169.1727225,1618.736718,2087.23,304.67,-9.5,6.45
6.51,6.46,31.63,209.77,2145.35,32.55079867,86.88676849,1526.958026,2.544754779,62.34382253,171.4375835,1621.601915,2.560579938,61.39479502,168.026055,1618.719415,2.58083069,57.72713294,160.8722168,1611.380515,2.551187457,62.10994248,169.5835965,1619.873081,2087.84,304.56,-9.72,6.46
6.52,6.47,31.66,210.09,2148.74,32.56289893,87.01158882,1527.292367,2.548121195,63.30506155,171.6474587,1622.180908,2.563912117,62.10417587,168.2306334,1619.281095,2.584271627,60.06506315,161.0708522,1611.935866,2.554545419,61.66160191,169.7921594,1620.444367,2089.58,304.45,-9.93,6.47
6.53,6.48,31.69,210.41,2150.18,32.60517939,87.63592247,1528.96649,2.564953273,70.89060143,172.7130145,1625.079622,2.580573008,70.33785286,169.2653443,1622.093105,2.601476313,80.15416953,162.1042527,1614.715924,2.57133523,58.76906792,170.827446,1623.304621,2093.98,304.33,-10.13,6.48
6.54,6.49,31.72,210.73,2152.14,32.61346791,87.74705924,1529.265391,2.567945643,62.49595509,172.9251453,1625.596901,2.583534944,58.91556402,169.4736806,1622.594928,2.604534924,55.53622878,162.3494131,1615.211411,2.574320085,62.89404433,171.0028631,1623.815399,2097.05,304.22,-10.32,6.49
6.55,6.5,31.74,211.05,2154.4,32.60725634,87.88594674,1529.639474,2.571686105,62.85071934,173.1255502,1626.243963,2.587237364,60.93041005,169.6546517,1623.222488,2.608358187,57.85063359,162.4694636,1615.832971,2.578051154,61.94240668,171.2507797,1624.453325,2097.05,304.1,-10.5,6.5
6.56,6.51,31.77,211.37,2155.84,32.66221967,88.13871236,1530.320686,2.578488962,62.79413018,173.5531146,1627.421943,2.593938466,61.3369344,170.0629526,1624.359562,2.615308206,58.33939746,162.8715266,1616.962302,2.584819777,62.27931383,171.6700445,1625.612673,2098.48,303.98,-10.67,6.51
6.57,6.52,31.79,211.69,2158.31,32.67539606,88.26530821,1530.663497,2.58189039,63.12193926,173.7667044,1628.014206,2.597289016,59.01789884,170.2684651,1624.931178,2.618783216,57.92832265,163.0742565,1617.530112,2.588204088,59.47476774,171.8808171,1626.19554,2101.75,303.86,-10.84,6.52
6.58,6.53,31.81,212.01,2160.58,32.75103229,88.89854279,1532.380028,2.598897532,66.57664407,174.8402281,1630.979133,2.61404177,39.75601161,171.2571774,1627.792839,2.636158263,56.50632013,164.0807639,1620.372864,2.605125644,36.89416389,172.8872227,1629.11356,2103.49,303.73,-11,6.53
6.59,6.54,31.83,212.32,2162.02,32.69567448,89.01137841,1532.686501,2.601921024,62.03405416,175.0415221,1631.508054,2.617020037,62.82582745,171.3755815,1628.303925,2.63924716,57.29905623,164.2553061,1620.880372,2.608133921,63.6233245,172.9982105,1629.634794,2106.36,303.61,-11.14,6.54
6.6,6.55,31.84,212.64,2164.49,32.72035978,89.15197475,1533.070059,2.605700389,62.48076127,175.259621,1632.170207,2.620742872,61.11356539,171.6957487,1628.942048,2.643108282,57.70124242,164.4825765,1621.514655,2.611894267,62.00504312,173.3406942,1630.285445,2109.02,303.48,-11.28,6.55
6.61,6.56,31.86,212.96,2164.49,32.76152522,89.40835584,1533.768548,2.612574561,62.8810805,175.6891245,1633.375209,2.627500168,61.02553919,172.1087112,1630.102452,2.650119627,58.26933572,164.8871399,1622.668068,2.618728958,62.03852442,173.7644795,1631.470396,2115.27,303.35,-11.41,6.56
6.62,6.57,31.88,213.29,2167.69,32.76860365,89.53670767,1534.120053,2.616011647,63.19966985,175.9052522,1633.981032,2.630878816,62.03220744,172.314895,1630.685794,2.6536253,58.00431302,165.0914131,1623.247966,2.622146304,60.94320829,173.9764866,1632.066131,2121.43,303.23,-11.54,6.57
6.63,6.58,31.89,213.61,2170.67,32.75700252,90.17860545,1535.880111,2.633197078,67.17389474,176.9913658,1637.014006,2.647772056,71.41305558,173.36282,1633.605957,2.671153664,55.77377198,166.1081338,1626.151251,2.639233033,52.15887296,175.0178066,1635.048438,2126.86,303.1,-11.65,6.58
6.64,6.59,31.9,213.93,2171.81,32.82704265,90.29268021,1536.194348,2.636252266,62.25497072,177.1965946,1637.555263,2.650775299,59.23763755,173.5772907,1634.126717,2.674269817,58.40999946,166.2819334,1626.669566,2.642270673,62.93986738,175.1762466,1635.580723,2130.35,302.97,-11.76,6.59
6.65,6.6,31.91,214.25,2173.97,32.81665416,90.43577859,1536.587643,2.640071251,62.43650193,177.4154749,1638.232269,2.654529352,61.15351251,173.7583258,1634.778957,2.678165009,58.96986368,166.5225699,1627.317384,2.646067724,61.71986396,175.4552671,1636.246341,2134.05,302.84,-11.86,6.6
6.66,6.61,31.92,214.57,2176.65,32.85613115,90.69570931,1537.303895,2.646883549,62.26422285,177.840811,1639.441113,2.661354221,61.30721738,174.1756905,1635.965044,2.685249454,59.79213759,166.9403387,1628.497277,2.652957783,62.21876904,175.8805205,1637.455464,2134.05,302.7,-11.95,6.61
6.67,6.62,31.92,214.89,2178.72,32.86567726,90.82583101,1537.664338,2.650289699,64.50279712,178.0528922,1640.048796,2.664766656,62.68765869,174.3848974,1636.561293,2.688791677,58.15391486,167.1521358,1629.090553,2.656402812,60.36988875,176.094866,1638.063322,2140.62,302.57,-12.03,6.62
6.68,6.63,31.93,215.21,2181.19,32.90021023,91.47662855,1539.469147,2.667320446,81.14581579,179.151423,1643.090762,2.681828829,72.08765151,175.4544851,1639.546162,2.70650279,45.14390334,168.1821063,1632.061003,2.673627959,43.42596373,177.1347462,1641.106485,2148.54,302.44,-12.11,6.63
6.69,6.64,31.93,215.54,2183.05,32.89742715,91.59244746,1539.791371,2.670348134,62.18231379,179.3971073,1643.632996,2.684862104,61.65363372,175.6731467,1640.078505,2.709651432,60.83583812,168.3242483,1632.59172,2.676690207,64.58877175,177.2677273,1641.649959,2153.68,302.3,-12.18,6.64
6.7,6.65,31.93,215.86,2184.91,32.90376421,91.73716189,1540.194666,2.674132745,63.39551902,179.5580392,1644.312878,2.688653698,62.41141268,175.8651814,1640.745225,2.713587235,59.61973408,168.6256774,1633.254037,2.680518017,62.90182983,177.5947178,1642.328689,2156.97,302.17,-12.24,6.65
6.71,6.66,31.93,216.18,2186.56,32.9435885,92.00064371,1540.929205,2.680976021,64.09196706,179.9918722,1645.541885,2.695535985,63.06781058,176.2947147,1641.955793,2.720740519,59.26088607,169.0521543,1634.460441,2.687346031,63.77349976,178.0242123,1643.541534,2160.48,302.03,-12.29,6.66
6.72,6.67,31.93,216.5,2186.56,32.95261153,92.13254406,1541.298848,2.684397659,65.94959728,180.2111718,1646.159729,2.698977128,62.58132414,176.5117401,1642.564404,2.72431716,58.36159211,169.2641092,1635.067075,2.690760038,62.56280152,178.2419355,1644.151256,2164.29,301.9,-12.34,6.67
6.73,6.68,31.93,216.83,2189.45,33.0128514,92.79222648,1543.149724,2.701505851,82.21646742,181.3394501,1649.252951,2.716182846,60.19898214,177.5884967,1645.611429,2.742200369,52.04552133,170.3078018,1638.103898,2.707830072,53.54407675,179.3098846,1647.203895,2167.89,301.76,-12.37,6.68
6.74,6.69,31.92,217.15,2193.58,32.96843355,92.90971775,1543.480172,2.704547307,62.23302637,181.5895079,1649.804801,2.719241641,62.80606496,177.772633,1646.155443,2.745379606,58.61694579,170.4732668,1638.645763,2.710864745,64.20210757,179.4723734,1647.749106,2171.09,301.63,-12.41,6.69
6.75,6.7,31.91,217.47,2196.17,32.97459145,93.0561596,1543.893758,2.708349127,64.3719602,181.7520142,1650.495397,2.723065133,62.43777524,178.022974,1646.835195,2.749353653,58.74532394,170.7362349,1639.32393,2.714658086,63.4919749,179.757174,1648.429787,2174.18,301.49,-12.43,6.7
6.76,6.71,31.9,217.79,2198.54,33.00869151,93.32309213,1544.646997,2.715198684,64.20920751,182.1929335,1651.740562,2.730022054,62.28376812,178.4573487,1648.073905,2.75644254,58.67785749,171.1526739,1640.534437,2.721538132,63.3388272,180.1940017,1649.666755,2176.24,301.35,-12.45,6.71
6.77,6.72,31.89,218.12,2199.89,33.02554354,93.45669642,1545.026048,2.718623462,64.43962559,182.4128358,1652.366543,2.733500515,60.52262799,178.6740003,1648.696661,2.759986984,57.79275117,171.3606543,1641.143013,2.724978155,61.85961273,180.4118887,1650.288621,2176.24,301.21,-12.46,6.72
6.78,6.73,31.88,218.44,2202.47,33.17101806,94.1250589,1546.924024,2.735747352,68.40256486,183.5162929,1655.500156,2.750892816,45.98755334,179.7266281,1651.81415,2.777709203,51.4680274,172.3848701,1644.189549,2.742178269,51.31752666,181.4758812,1653.401642,2179.85,301.08,-12.47,6.73
6.79,6.74,31.86,218.76,2204.75,33.00918858,94.24440229,1547.262873,2.738791599,62.75653669,183.7245272,1656.059106,2.753984781,63.61488173,179.86882,1652.370585,2.780859819,59.10193657,172.5470261,1644.733216,2.745236068,62.7745198,181.6327998,1653.957219,2183.98,300.94,-12.47,6.74
6.8,6.75,31.85,219.08,2207.23,33.03208589,94.39215298,1547.686988,2.742596908,63.31365954,183.9438891,1656.758876,2.757849737,61.67747874,180.1811211,1653.066338,2.78479809,57.87052737,172.8084033,1645.413252,2.749058315,62.61817385,181.9211012,1654.651973,2186.25,300.81,-12.46,6.75
6.81,6.76,31.83,219.4,2209.92,33.05358661,94.66245091,1548.45933,2.749499986,63.6088401,184.3809482,1658.028904,2.764840568,61.72538832,180.6122979,1654.326176,2.791914755,57.56500768,173.2202484,1646.643251,2.755876327,62.6902046,182.3480326,1655.892545,2188.42,300.67,-12.45,6.76
6.82,6.77,31.8,219.72,2211.26,33.05849943,94.79768784,1548.84799,2.752951525,61.72144778,184.6004966,1658.667314,2.768335983,60.00816034,180.8280538,1654.959487,2.795473087,57.52524577,173.4250839,1647.261549,2.759285333,61.29275261,182.5617439,1656.516105,2190.9,300.54,-12.43,6.77
6.83,6.78,31.78,220.04,2211.26,33.1088513,95.47397302,1550.794068,2.77020922,47.7536983,185.6656665,1661.863257,2.785813061,47.61671481,181.876821,1658.12983,2.813264749,56.92046012,174.4485536,1650.356563,2.776330362,51.44676641,183.6064807,1659.637579,2194.31,300.4,-12.4,6.78
6.84,6.79,31.75,220.37,2215.2,33.04866254,95.59438462,1551.141498,2.773277255,64.06361076,185.8121765,1662.433863,2.788920097,61.53771122,182.0247679,1658.695747,2.816427711,57.43806093,174.6285908,1650.908563,2.77936059,62.49825814,183.7623761,1660.194681,2196.58,300.27,-12.37,6.79
6.85,6.8,31.73,220.69,2219.65,33.06914283,95.74441915,1551.576364,2.777112298,62.61356261,186.1211698,1663.146664,2.792803892,60.63578776,182.3201673,1659.403041,2.820381413,57.49762683,174.8580207,1651.599768,2.783148374,61.75410987,184.042899,1660.891094,2199.37,300.14,-12.34,6.8
6.86,6.81,31.7,221.01,2222.34,33.09017574,96.0179466,1552.368246,2.783987189,62.43467785,186.5516312,1664.426479,2.79973173,60.96706892,182.7402422,1660.666349,2.827563517,56.64876463,175.2709746,1652.8558,2.789904679,61.21118889,184.4601286,1662.134775,2201.23,300.01,-12.3,6.81
6.87,6.82,31.66,221.33,2224.62,33.0857454,96.15479732,1552.766733,2.787424634,61.12884293,186.7662469,1665.069716,2.80319565,59.96228419,182.9514272,1661.301277,2.831154568,58.19361703,175.4744032,1653.487154,2.793282831,61.42726046,184.6669093,1662.759788,2201.85,299.88,-12.25,6.82
6.88,6.83,31.63,221.65,2227.84,33.09100197,96.83895927,1554.762007,2.804611859,50.20702726,187.8168822,1668.289526,2.820515246,53.02603923,183.9899498,1664.4797,2.849109826,69.8863548,176.5192846,1656.647238,2.810173592,62.27969271,185.7044625,1665.888155,2201.85,299.75,-12.2,6.83
6.89,6.84,31.59,221.97,2229.5,33.07437682,96.96060739,1555.118218,2.807667366,63.18912534,187.9702901,1668.864016,2.823594286,61.38570751,184.153219,1665.046987,2.852301872,55.91450805,176.742365,1657.210256,2.813176394,61.61853604,185.8914761,1666.445877,2203.82,299.62,-12.14,6.84
6.9,6.85,31.55,222.29,2230.95,33.08488727,97.11258149,1555.564068,2.81148675,62.09626381,188.261135,1669.582572,2.827443085,60.08655971,184.4201976,1665.755983,2.856291929,56.88644564,176.9085303,1657.916813,2.816929896,61.34001801,186.1186902,1667.14459,2207.54,299.49,-12.08,6.85
6.91,6.86,31.51,222.61,2233.54,33.08681352,97.38921243,1556.375995,2.818427923,61.75832465,188.6921559,1670.889583,2.834308259,59.95762766,184.8327023,1667.022284,2.863545238,56.86110114,177.3211453,1659.200173,2.823741961,60.50713613,186.5365423,1668.412678,2207.54,299.36,-12.02,6.86
6.92,6.87,31.46,222.93,2235.41,33.08677789,97.52753595,1556.784561,2.82189851,61.72062169,188.9064936,1671.546454,2.837740846,59.05965965,185.0385121,1667.658621,2.867171893,57.62725646,177.5273609,1659.845221,2.827147993,61.06293162,186.7426316,1669.049926,2208.37,299.24,-11.95,6.87
6.93,6.88,31.42,223.25,2237.17,33.08459736,98.2191528,1558.830285,2.839251443,62.73544057,189.9775274,1674.834408,2.85490378,51.89086687,186.0521492,1670.843791,2.885305166,65.67887579,178.5723317,1663.074188,2.844178153,64.1498388,187.7825431,1672.239377,2210.44,299.11,-11.87,6.88
6.94,6.89,31.37,223.56,2237.17,33.08899811,98.3420988,1559.195484,2.842336409,60.30505627,190.1710641,1675.42074,2.857954969,59.94479512,186.210478,1671.411992,2.888528859,55.32230228,178.7840602,1663.650026,2.847205737,61.73935658,187.9767621,1672.807784,2212.82,298.99,-11.8,6.89
6.95,6.9,31.32,223.88,2239.25,33.08874054,98.49581991,1559.652622,2.846192616,61.52674913,190.3995838,1676.154844,2.861768954,59.89574662,186.4725386,1672.122761,2.892558475,56.59027828,178.9685439,1664.371024,2.850990218,60.44790017,188.1951061,1673.52041,2214.37,298.86,-11.71,6.9
6.96,6.91,31.26,224.2,2243.61,33.08890071,98.77551723,1560.485149,2.853204795,61.09233487,190.8310204,1677.490222,2.868678136,59.77453771,186.8863692,1673.411362,2.899867368,57.28752837,179.3821561,1665.679278,2.857749292,60.60745507,188.603678,1674.792672,2216.13,298.74,-11.63,6.91
6.97,6.92,31.21,224.51,2245.48,33.05972466,98.91536657,1560.904072,2.856710884,61.50084423,191.0452156,1678.161316,2.872132726,58.4334816,187.0928658,1674.058879,2.903521814,56.6131201,179.5915103,1666.336806,2.861128829,61.27980702,188.8085031,1675.43191,2216.96,298.62,-11.54,6.92
6.98,6.93,31.15,224.83,2247.24,32.84497253,99.6139967,1563.001645,2.874241331,64.73862807,192.1233528,1681.520377,2.88940568,48.11682484,188.1021846,1677.29999,2.921794044,49.61968554,180.6259583,1669.628557,2.878026515,68.90409229,189.84399,1678.631619,2217.79,298.5,-11.45,6.93
6.99,6.94,31.09,225.15,2249.53,33.094419,99.73739082,1563.376102,2.877357855,60.80027462,192.3251123,1682.119242,2.892476427,59.4501376,188.2499392,1677.878235,2.925042441,59.91721699,180.7871427,1670.216229,2.881030548,58.73533506,190.0509802,1679.202223,2217.79,298.38,-11.35,6.94
7,6.95,31.02,225.46,2252.13,33.06724184,99.89396937,1563.844808,2.88125351,60.8949179,192.5458245,1682.869426,2.896314861,59.59387847,188.5265771,1678.601328,2.929102936,58.00690058,181.0666763,1670.9504,2.884785589,60.1065004,190.2368148,1679.916288,2219.75,298.26,-11.25,6.95
7.01,6.96,30.96,225.78,2253.89,33.04943344,100.1765311,1564.698356,2.888202569,60.503825,192.9689869,1684.207702,2.903161438,60.17836025,188.9345912,1679.892318,2.936447876,58.13187262,181.4927335,1672.280518,2.89161309,60.04073422,190.647192,1681.215372,2220.06,298.15,-11.14,6.96
7.02,6.97,30.89,226.09,2256.39,33.04496826,100.3177359,1565.127847,2.891677099,62.05017532,193.1792093,1684.880149,2.906584727,58.77040904,189.1405991,1680.540957,2.940120346,59.12452657,181.706221,1672.949099,2.895026841,62.04881705,190.8521561,1681.868067,2221,298.03,-11.04,6.97
7.03,6.98,30.82,226.41,2257.74,33.03126384,101.0236644,1567.27831,2.909049748,72.48069776,194.2571852,1688.245892,2.92370117,45.64685507,190.1465395,1683.787885,2.958482695,65.99618169,182.7918862,1676.295973,2.912095594,78.18092638,191.9112521,1685.135017,2223.07,297.92,-10.93,6.98
7.04,6.99,30.74,226.72,2260.03,33.02837079,101.1491107,1567.662183,2.912138219,61.16962752,194.4810397,1688.845716,2.926744094,62.6972631,190.2854394,1684.367451,2.961747113,58.20937924,183.0073253,1676.892891,2.915130039,57.93891035,192.1484878,1685.717272,2225.45,297.81,-10.81,6.99
7.05,7,30.67,227.03,2260.03,33.02680402,101.3059159,1568.142725,2.915998808,61.89702403,194.6714184,1689.597616,2.930547748,60.93933065,190.586232,1685.091376,2.965827635,58.99750716,183.212418,1677.640298,2.918923096,61.02781486,192.2963582,1686.446858,2229.39,297.69,-10.7,7
7.06,7.01,30.59,227.34,2262.21,33.00842225,101.5911789,1569.017686,2.922973692,62.50041758,195.103143,1690.955694,2.937447426,60.97180358,191.0066938,1686.406593,2.973106388,59.26641401,183.6418463,1678.974051,2.925784687,61.5578854,192.7151061,1687.766563,2232.4,297.58,-10.58,7.01
7.07,7.02,30.51,227.65,2266.16,33.00427772,101.733731,1569.457939,2.926461134,61.40981784,195.3211096,1691.638122,2.940897265,62.64458816,191.2170367,1687.067465,2.976745765,59.66591056,183.8575392,1679.644445,2.929215482,63.9560305,192.9262986,1688.429649,2235.72,297.48,-10.46,7.02
7.08,7.03,30.42,227.96,2268.25,33.03090434,102.446402,1571.662272,2.943898345,50.983177,196.3919256,1695.054286,2.958146461,74.94625816,192.2976055,1690.375469,2.994942648,62.24678384,184.9432728,1683.000447,2.946369459,83.38869848,194.0233989,1691.748891,2239.77,297.37,-10.33,7.03
7.09,7.04,30.34,228.27,2270.02,32.96629097,102.5732013,1572.055754,2.946998293,64.12785612,196.5499708,1695.664053,2.961212985,60.96319323,192.52743,1690.965182,2.998177649,59.97705651,185.1446412,1683.599177,2.949419055,60.49476834,194.2777007,1692.340692,2243.5,297.26,-10.2,7.04
7.1,7.05,30.25,228.58,2272.62,32.96503025,102.7311164,1572.548321,2.950873229,63.2876752,196.848902,1696.425852,2.965046139,62.00865406,192.7059003,1691.703915,3.002221401,59.74463189,185.3756503,1684.348323,2.95323105,62.45941713,194.4206033,1693.081699,2243.5,297.15,-10.08,7.05
7.11,7.06,30.16,228.89,2275.54,32.94651918,103.018901,1573.445115,2.957879754,63.59962859,197.2923287,1697.805351,2.97201655,62.28214974,193.1381261,1693.047393,3.0094343,59.11300113,185.8065823,1685.685615,2.960030582,62.92156293,194.845298,1694.403915,2246.2,297.05,-9.94,7.06
7.12,7.07,30.06,229.19,2276.68,32.91782237,103.1627126,1573.896339,2.961383016,63.82996569,197.5151349,1698.498597,2.975501756,62.45637426,193.3551922,1693.722521,3.013040749,58.99852013,186.0197703,1686.357758,2.963430347,62.95924465,195.0592166,1695.068272,2254.52,296.95,-9.81,7.07
7.13,7.08,29.97,229.5,2279.08,32.77069136,103.8811439,1576.155587,2.978899327,65.10960578,198.6332004,1701.968844,2.992927783,63.45633302,194.4435587,1697.102049,3.031072995,55.7852726,187.0836462,1689.722068,2.980429175,62.74500929,196.12945,1698.393859,2260.86,296.85,-9.67,7.08
7.14,7.09,29.87,229.8,2282.1,32.8961064,104.0082941,1576.55887,2.982013338,63.9134644,198.8359524,1702.587918,2.996025744,62.21323997,194.6401439,1697.704925,3.034278728,60.30852332,187.2624789,1690.321903,2.983451189,63.52660271,196.3190663,1698.987165,2266.16,296.75,-9.54,7.09
7.15,7.1,29.77,230.1,2284.71,32.88915738,104.1685631,1577.063682,2.985905852,64.1920208,199.08015,1703.362352,2.999898194,62.70210263,194.877135,1698.459098,3.038285894,59.5882387,187.5193563,1691.073441,2.987228707,63.40310918,196.5611366,1699.729076,2271.16,296.65,-9.4,7.1
7.16,7.11,29.66,230.41,2284.71,32.85031502,104.4587721,1577.982803,2.992940961,64.19768719,199.5317479,1704.763179,3.006924573,59.95429046,195.3177037,1699.828621,3.045565459,59.86385921,187.9531327,1692.438701,2.99408265,63.50571742,196.9956979,1701.076546,2275.54,296.55,-9.26,7.11
7.17,7.12,29.56,230.71,2287.73,32.84256092,104.6037052,1578.445246,2.996458515,65.95429916,199.7575667,1705.467167,3.010437762,61.26046316,195.5283345,1700.516866,3.049205241,59.79843185,188.1710241,1693.124883,2.997509621,63.84027382,197.2133302,1701.753633,2280.12,296.46,-9.11,7.12
7.18,7.13,29.45,231,2291.8,32.85671643,105.3281997,1580.76063,3.014046287,83.03098644,200.9175559,1708.991084,3.028003709,67.52653889,196.6044326,1703.960754,3.067404153,60.69493952,189.2592905,1696.559874,3.01464448,77.02601634,198.3072243,1705.142833,2285.23,296.36,-8.97,7.13
7.19,7.14,29.34,231.3,2293.16,32.7827387,105.4570542,1581.173903,3.017173003,60.81225529,201.1771701,1709.619324,3.031126544,60.21632416,196.8153068,1704.573473,3.070639515,59.02454307,189.4556606,1697.17276,3.017690677,54.95766116,198.5418607,1705.747296,2290.44,296.27,-8.83,7.14
7.2,7.15,29.22,231.6,2296.18,32.79260891,105.6175176,1581.691275,3.021081396,63.6539849,201.3337653,1710.406252,3.035030088,60.737651,197.0194236,1705.344553,3.074683717,59.37843366,189.6894364,1697.939276,3.021498423,60.2510079,198.688249,1706.503379,2294.51,296.18,-8.68,7.15
7.21,7.16,29.11,231.9,2298.06,32.73716025,105.9100108,1582.633284,3.028166797,62.81509434,201.7847793,1711.833065,3.042094544,60.40151012,197.4485021,1706.736634,3.08203474,59.39327382,190.1259286,1699.333892,3.028375203,60.8105828,199.1025819,1707.86997,2294.51,296.09,-8.53,7.16
7.22,7.17,28.99,232.19,2302.34,32.72725331,106.0560101,1583.107225,3.031709498,64.79989722,202.0073144,1712.550067,3.045626773,59.98043942,197.661854,1707.436086,3.085710251,58.39355216,190.3442292,1700.03481,3.031813593,59.50920568,199.3116724,1708.556471,2298.48,296,-8.39,7.17
7.23,7.18,28.87,232.49,2304.64,32.69772212,106.7857859,1585.480149,3.049423,80.48396533,203.1551475,1716.138698,3.063287913,55.2100287,198.721177,1710.936985,3.104087807,51.18799881,191.41736,1703.543419,3.049005543,49.67867638,200.3347518,1711.992776,2305.16,295.91,-8.24,7.18
7.24,7.19,28.74,232.78,2306.42,32.68717992,106.9154068,1585.90367,3.052572068,61.9470148,203.4085969,1716.777996,3.066427671,61.85282943,198.8945231,1711.561264,3.107354928,59.27837029,191.5845974,1704.169476,3.05206189,61.12826462,200.486587,1712.606021,2308.93,295.83,-8.09,7.19
7.25,7.2,28.62,233.07,2309.34,32.67228401,107.0773359,1586.433901,3.056508402,63.00034294,203.577534,1717.580112,3.070352369,60.18855383,199.1580228,1712.342742,3.111438829,58.9326133,191.862029,1704.952351,3.055882324,60.48620729,200.7654041,1713.372042,2312.27,295.74,-7.94,7.2
7.26,7.21,28.49,233.36,2311.23,32.61174108,107.3719451,1587.399385,3.063600857,63.42651865,204.0243611,1719.024262,3.077478436,59.9352858,199.5869305,1713.762207,3.118837624,58.96652758,192.2980593,1706.372107,3.06278126,60.42564383,201.1826946,1714.757369,2315.41,295.66,-7.8,7.21
7.27,7.22,28.36,233.65,2311.23,32.59891318,107.5189768,1587.885117,3.067147084,62.53978996,204.2492859,1719.749903,3.08104147,60.98246313,199.8004819,1714.475379,3.122537021,58.44853622,192.5161999,1707.085615,3.066230728,62.25922333,201.3911309,1715.453272,2318.55,295.58,-7.65,7.22
7.28,7.23,28.22,233.93,2314.36,32.56920722,108.2538458,1590.317052,3.084878222,55.62351948,205.3581875,1723.38226,3.098856637,69.80091869,200.8868947,1718.044944,3.141034009,54.5919553,193.5973218,1710.657204,3.083478069,77.7129398,202.464937,1718.93636,2322.42,295.5,-7.5,7.23
7.29,7.24,28.09,234.22,2320.22,32.54176394,108.3843702,1590.751091,3.088030424,64.46938057,205.5335241,1724.030457,3.102023778,59.11292654,201.107964,1718.681216,3.144322362,58.99745304,193.7768394,1711.294385,3.086544263,58.95908286,202.70322,1719.557115,2325.45,295.42,-7.36,7.24
7.3,7.25,27.95,234.5,2322.31,32.53575888,108.5473239,1591.294491,3.091970677,63.06361878,205.8198833,1724.840584,3.105982704,59.58235037,201.2980584,1719.478255,3.148432804,58.78132854,194.0384441,1712.091417,3.090377006,60.64327387,202.8580114,1720.334773,2328.49,295.34,-7.21,7.25
7.31,7.26,27.81,234.79,2323.78,32.47248696,108.8439173,1592.28396,3.099101942,63.925433,206.2696067,1726.30863,3.113138754,60.27526147,201.7244326,1720.91901,3.155764948,58.20617215,194.4694373,1713.514343,3.097336684,60.96991418,203.280069,1721.746864,2331,295.26,-7.07,7.26
7.32,7.27,27.67,235.07,2325.66,32.45825565,108.9919255,1592.781736,3.102667574,63.65017615,206.4975413,1727.046262,3.116716779,59.8107863,201.940099,1721.642821,3.15943102,58.42814294,194.6828253,1714.229362,3.100816522,61.07046277,203.4922345,1722.456215,2331,295.19,-6.93,7.27
7.33,7.28,27.52,235.35,2328.91,32.44952195,109.7316426,1595.273953,3.120495737,62.24733308,207.632307,1730.738822,3.134606904,57.70792309,203.0101215,1725.266004,3.17776138,59.35028574,195.7538342,1717.808133,3.118215717,62.72749152,204.5548114,1726.006781,2333.83,295.12,-6.79,7.28
7.34,7.29,27.38,235.63,2331.42,32.37509653,109.8631125,1595.718736,3.123665188,64.27736156,207.8295969,1731.397853,3.137787371,60.19730467,203.1936596,1725.912554,3.181020111,59.02716501,195.9472408,1718.446082,3.121308907,60.6761809,204.7488394,1726.640051,2335.51,295.05,-6.65,7.29
7.35,7.3,27.23,235.91,2333.41,32.38162523,110.0268467,1596.275586,3.127627002,63.86603799,208.0915677,1732.221225,3.141762954,59.67222953,203.4426345,1726.720376,3.185093524,58.00847382,196.1817334,1719.245369,3.125175394,60.67393842,204.9752447,1727.432065,2337.82,294.99,-6.51,7.3
7.36,7.31,27.07,236.18,2335.41,32.30241483,110.3252523,1597.289476,3.134776463,64.00792482,208.5481755,1733.709262,3.148941454,59.79489996,203.8709916,1728.181049,3.192480147,57.40882114,196.6102202,1720.694702,3.132175806,61.10163083,205.3999873,1728.867245,2340.12,294.93,-6.38,7.31
7.37,7.32,26.92,236.46,2337.82,32.31096147,110.4740901,1597.799515,3.138351193,62.49427212,208.7769865,1734.456954,3.152530705,60.3947402,204.0856105,1728.914845,3.196173458,57.03732987,196.8222488,1721.42293,3.135676012,60.41277957,205.6138556,1729.58818,2342.64,294.87,-6.25,7.32
7.38,7.33,26.76,236.73,2337.82,32.48716123,111.2184762,1600.35309,3.156224844,49.85064306,209.8939873,1738.199559,3.170476955,65.12761212,205.1694696,1732.587727,3.214640015,52.40450912,197.8755319,1725.067735,3.15317704,56.26300878,206.6711414,1733.196763,2345.26,294.81,-6.12,7.33
7.39,7.34,26.61,237,2340.02,32.19186904,111.3515331,1600.80879,3.159402382,64.68155314,210.0523897,1738.867399,3.1736674,59.40763845,205.3772557,1733.242646,3.217922958,57.81789125,198.0475729,1725.717527,3.156288334,61.07653839,206.8461921,1733.840561,2347.15,294.75,-5.99,7.34
7.4,7.35,26.44,237.27,2344.11,32.20474627,111.51493,1601.379357,3.163374305,64.09583625,210.3706239,1739.702158,3.177655455,60.19036793,205.5923272,1734.062287,3.222026637,57.66544616,198.3071477,1726.531351,3.160177452,60.55748727,207.1030783,1734.645213,2349.35,294.7,-5.87,7.35
7.41,7.36,26.28,237.54,2346.63,32.11929658,111.8149683,1602.41826,3.170552645,63.62420821,210.8307256,1741.212569,3.184901181,60.16048962,206.02845,1735.552218,3.229459201,57.64630735,198.7357498,1728.005498,3.167207782,60.70922569,207.5288175,1736.101489,2351.77,294.65,-5.75,7.36
7.42,7.37,26.12,237.8,2349.88,32.09913294,111.9645895,1602.940857,3.174141814,62.89422899,211.0590837,1741.971491,3.188524043,62.22448147,206.2464032,1736.300739,3.233175482,57.00544123,198.9499797,1728.746156,3.170722948,58.945826,207.7422204,1736.832995,2355.34,294.6,-5.63,7.37
7.43,7.38,25.95,238.07,2352.19,32.03504575,112.7122255,1605.557272,3.192087663,56.13886222,212.187774,1745.770014,3.206638356,79.85401939,207.373557,1740.047281,3.25175689,52.3330615,200.0092211,1732.453418,3.188298774,43.2627467,208.778242,1740.494334,2355.34,294.55,-5.52,7.38
7.44,7.39,25.78,238.33,2355.44,32.02501201,112.8448732,1606.024176,3.195278037,63.97679943,212.3668779,1746.447369,3.209858679,58.22378893,207.6307126,1740.714992,3.255060252,57.4957426,200.1820961,1733.11469,3.191423365,63.14520756,208.9134204,1741.147588,2358.91,294.5,-5.41,7.39
7.45,7.4,25.61,238.59,2357.12,32.01374364,113.010679,1606.608754,3.199266003,63.62817405,212.6541352,1747.295268,3.213884082,60.60048222,207.780903,1741.551582,3.259189454,57.26040932,200.4421186,1733.941821,3.195329104,60.85370385,209.2344405,1741.963985,2365.53,294.46,-5.3,7.4
7.46,7.41,25.43,238.85,2359.64,31.92682477,113.3121819,1607.673047,3.206480995,63.23266392,213.113212,1748.82987,3.221169102,59.75966153,208.2223788,1743.065539,3.266693993,57.52767077,200.8718316,1735.446268,3.202392222,60.85936223,209.6642574,1743.44211,2368.05,294.41,-5.2,7.41
7.47,7.42,25.26,239.11,2361.12,31.90857898,113.4625241,1608.208388,3.21008849,62.55007622,213.3413235,1749.600898,3.224811613,60.7656818,208.440054,1743.826137,3.270446263,56.48375296,201.087691,1736.20212,3.205923781,60.89159487,209.8791858,1744.184589,2371.1,294.37,-5.1,7.42
7.48,7.43,25.08,239.37,2364.06,31.89384193,114.2138055,1610.888578,3.22812597,57.03565559,214.4695692,1753.459996,3.243024165,68.07930743,209.5467521,1747.63275,3.289207613,49.63416,202.1474024,1739.985545,3.223581576,59.1804953,210.9543971,1747.90078,2373.1,294.33,-5.01,7.43
7.49,7.44,24.9,239.62,2364.06,31.80310619,114.3473049,1611.366845,3.231332633,63.82656429,214.6524634,1754.148155,3.246261952,59.72161681,209.7671784,1748.310958,3.292542964,56.32597924,202.3129498,1740.660624,3.22672074,62.52724737,211.1401743,1748.56342,2373.94,294.3,-4.92,7.44
7.5,7.45,24.72,239.88,2366.9,31.81111743,114.513434,1611.965647,3.235340961,62.64734074,214.9334453,1755.00947,3.250309186,59.83657992,209.9724726,1749.161343,3.296712153,57.03499985,202.5821967,1741.504319,3.230644694,61.49075985,211.394131,1749.392644,2375.52,294.26,-4.84,7.45
7.51,7.46,24.53,240.13,2370.79,31.71851129,114.8162501,1613.055692,3.24259582,61.66383241,215.3879429,1756.569091,3.257637487,59.27561127,210.4109731,1750.700359,3.304265849,57.44122501,203.0130218,1743.034788,3.237736027,61.79278576,211.8301825,1750.891992,2375.63,294.23,-4.76,7.46
7.52,7.47,24.35,240.38,2372.68,31.66858428,114.9672173,1613.603958,3.24622325,61.70381018,215.6116241,1757.352612,3.261301638,60.24148316,210.6281679,1751.473483,3.308042697,57.34475636,203.2299685,1743.803684,3.241281693,62.03362029,212.049279,1751.645146,2377.31,294.19,-4.69,7.47
7.53,7.48,24.16,240.62,2376.36,31.38715588,115.7208655,1616.348817,3.264360397,59.1486911,216.7307553,1761.27388,3.279622392,66.38953344,211.7318373,1755.342852,3.326926937,56.87258982,204.3128807,1747.652441,3.259010024,59.62193154,213.1490316,1755.414913,2377.31,294.16,-4.62,7.48
7.54,7.49,23.97,240.87,2377.73,31.61497862,115.8536567,1616.838613,3.267584779,63.3793079,216.9214732,1761.972641,3.282879415,59.53354902,211.9480695,1756.032361,3.330284135,56.47357861,204.5038133,1748.339039,3.262161727,65.54639495,213.3369422,1756.087222,2377.31,294.13,-4.55,7.49
7.55,7.5,23.77,241.11,2380.57,31.59453935,116.0222503,1617.451827,3.271615256,62.01724828,217.1880581,1762.848492,3.286950693,59.82736783,212.1601457,1756.8965,3.334480633,57.97609681,204.7452458,1749.197497,3.266101356,63.26192007,213.6077148,1756.92835,2378.89,294.1,-4.49,7.5
7.56,7.51,23.58,241.35,2383.1,31.48311489,116.3262209,1618.568048,3.278906711,61.81778137,217.6402541,1764.432423,3.294319217,59.78578327,212.6009851,1758.460086,3.341966282,58.24972091,205.1792345,1750.730374,3.273251911,62.60608568,214.0600726,1758.456051,2382.47,294.07,-4.44,7.51
7.57,7.52,23.38,241.59,2385.52,31.45881563,116.4776702,1619.129449,3.282552438,62.12575041,217.8656248,1765.228099,3.298003479,58.75531205,212.8212516,1759.245534,3.345709107,59.4805284,205.397253,1751.500468,3.276827189,63.40470288,214.2839068,1759.223541,2383.73,294.04,-4.39,7.52
7.58,7.53,23.19,241.83,2388.47,31.35333123,117.2343323,1621.94002,3.300781075,63.03219371,218.9980926,1769.210507,3.316424788,48.37447797,213.9036013,1763.176816,3.36442323,67.07315613,206.5103789,1755.355134,3.294703577,70.01744861,215.4173538,1763.064738,2385.63,294.01,-4.34,7.53
7.59,7.54,22.99,242.06,2390.9,31.38995271,117.368399,1622.441499,3.304021721,63.30614858,219.2023576,1769.920485,3.319699687,62.0830075,214.0620229,1763.878018,3.367750185,59.67010773,206.7335283,1756.042432,3.297881601,61.25760718,215.639871,1763.74926,2386.16,293.98,-4.3,7.54
7.6,7.55,22.78,242.3,2390.9,31.3580895,117.5363967,1623.069403,3.308072529,62.13532716,219.4540858,1770.809384,3.323793311,59.9699774,214.3667185,1764.755012,3.371908879,59.66827419,206.9461003,1756.902832,3.301854132,62.43454452,215.8504159,1764.607078,2387.63,293.95,-4.27,7.55
7.61,7.56,22.58,242.53,2394.06,31.26542122,117.841328,1624.212322,3.315393286,63.12571109,219.9089634,1772.416274,3.331199163,59.8973464,214.8108473,1766.342864,3.3794409,60.17283518,207.3955229,1758.461784,3.309024676,62.43236811,216.2981055,1766.155134,2391.11,293.92,-4.24,7.56
7.62,7.57,22.37,242.76,2397.64,31.22633035,117.993343,1624.787118,3.319053665,60.55216768,220.1400274,1773.223466,3.334902089,61.66254328,215.0326427,1767.140491,3.38320691,60.02947568,207.6221344,1759.245069,3.312609948,62.45175731,216.5219426,1766.932775,2395.01,293.89,-4.21,7.57
7.63,7.58,22.17,242.98,2399.54,31.08243633,118.7524681,1627.664727,3.337355557,41.62154672,221.2482467,1777.264061,3.353416718,76.78863999,216.1743019,1771.132702,3.402036962,59.6595393,208.7524926,1763.165979,3.330536308,62.89239021,217.6414753,1770.824989,2397.86,293.86,-4.19,7.58
7.64,7.59,21.96,243.21,2402.39,31.12860332,118.8868018,1628.178171,3.340609227,63.53138383,221.3836695,1777.985586,3.356708208,57.90168289,216.4270509,1771.844191,3.405384526,60.2276683,208.9522067,1763.865553,3.333723217,61.51958245,217.8419075,1771.519035,2402.71,293.83,-4.18,7.59
7.65,7.6,21.75,243.43,2405.45,31.11809973,119.0554378,1628.820982,3.344676314,62.4969939,221.7358785,1778.885595,3.36082257,60.22283949,216.5911011,1772.735484,3.409568982,60.22482978,209.2073708,1764.740106,3.337706852,62.53105741,218.0851904,1772.387473,2402.71,293.83,-4.18,7.59
7.66,7.61,21.53,243.65,2407.88,31.00348392,119.3613051,1629.991185,3.352052244,63.03554216,222.1968519,1780.521429,3.368283064,60.34728085,217.0403932,1774.35165,3.417118759,60.78783843,209.6620548,1766.319808,3.344924243,62.73474952,218.5365015,1773.961776,2402.71,293.79,-4.17,7.6
7.67,7.62,21.32,243.87,2410.84,30.97763345,119.5136754,1630.579669,3.355740208,63.95267571,222.4293247,1781.343172,3.372013311,58.74110438,217.2655035,1775.163505,3.420893647,60.72885788,209.8915221,1767.113521,3.348532938,64.27695326,218.7628921,1774.752593,2407.88,293.76,-4.16,7.61
7.68,7.63,21.1,244.08,2414.22,30.87551057,120.2748919,1633.525752,3.374180031,72.39491173,223.6086007,1785.456398,3.390664547,45.2381924,218.3610977,1779.22703,3.439768089,62.48125079,211.0377454,1771.086664,3.366576415,76.08766163,219.9226718,1778.710842,2418.34,293.72,-4.16,7.62
7.69,7.64,20.89,244.3,2416.33,30.88786896,120.4097731,1634.051368,3.377458222,62.03694933,223.8459251,1786.189967,3.393980323,61.18212653,218.5110974,1779.95202,3.443123545,59.52962815,211.2473985,1771.795572,3.369784144,62.95060385,220.1667404,1779.416474,2423.94,293.69,-4.17,7.63
7.7,7.65,20.67,244.51,2419.29,30.87445165,120.5786417,1634.709483,3.38155596,63.13237056,224.0589564,1787.107559,3.398125042,60.2787654,218.8321827,1780.858137,3.447317866,60.25798597,211.4882998,1772.681699,3.373793806,63.22842418,220.3622722,1780.299966,2429.44,293.65,-4.18,7.64
7.71,7.66,20.45,244.72,2419.29,30.75864025,120.8853965,1635.90748,3.38899452,63.41438873,224.5285703,1788.774567,3.405617062,59.41848016,219.2837925,1782.497926,3.454927996,59.51044665,211.9468709,1774.29139,3.381041832,64.10461692,220.8205535,1781.897459,2433.15,293.62,-4.19,7.65
7.72,7.67,20.22,244.92,2423.2,30.73359792,121.0381985,1636.509908,3.3927138,62.33089178,224.7644261,1789.612002,3.409363072,61.12585911,219.5063747,1783.321627,3.458733061,60.2336071,212.1733121,1775.100162,3.384665845,60.8678635,221.0528695,1782.699943,2437.49,293.58,-4.21,7.66
7.73,7.68,20,245.13,2427.43,30.66468618,121.8015867,1639.525757,3.411310199,53.862925,225.9235563,1793.803683,3.428093123,73.3187999,220.6512651,1787.443936,3.477758387,65.44888966,213.3192761,1779.148,3.402785911,35.16533778,222.1557992,1786.716925,2441.19,293.54,-4.23,7.67
7.74,7.69,19.77,245.33,2429.23,30.63093924,121.9369959,1640.0638,3.414616226,63.76062046,226.1016286,1794.551527,3.43142291,59.20415338,220.8954011,1788.178187,3.481140667,59.27341445,213.5406425,1779.869326,3.406007255,66.67872695,222.2690788,1787.434295,2443.63,293.5,-4.26,7.68
7.75,7.7,19.55,245.53,2432.19,30.61635742,122.1060228,1640.737468,3.418748759,62.97114853,226.4062156,1795.486287,3.435585143,60.01387018,221.0804237,1789.099213,3.485368517,59.52555452,213.7638456,1780.773527,3.410033937,63.48470522,222.6628158,1788.329044,2446.6,293.46,-4.29,7.69
7.76,7.71,19.32,245.73,2436.22,30.49848943,122.4135174,1641.963821,3.4262116,62.5123036,226.8761592,1797.176258,3.443150525,60.14371971,221.5344515,1790.772071,3.493033188,58.94960953,214.2200894,1782.412198,3.417306187,63.49239453,223.1244924,1789.94861,2448.72,293.42,-4.32,7.7
7.77,7.72,19.09,245.92,2438.23,30.4724561,122.5666728,1642.580473,3.429943021,63.19447394,227.1094189,1798.02519,3.446933216,61.59573368,221.7619566,1791.612365,3.496865523,59.05662016,214.446004,1783.235468,3.420942311,61.81968348,223.3553587,1790.76217,2448.72,293.37,-4.36,7.71
7.78,7.73,18.86,246.12,2440.88,30.42961711,123.331796,1645.667487,3.448600123,67.42547536,228.2884447,1802.274007,3.46584667,72.92653966,222.9269447,1795.818195,3.516027199,60.70635779,215.5776279,1787.355891,3.439122936,48.14274855,224.4792792,1794.834175,2456.04,293.33,-4.4,7.72
7.79,7.74,18.62,246.31,2443.1,30.34200192,123.4676267,1646.218205,3.451916941,62.54908204,228.5120827,1803.031261,3.469209062,59.9181006,223.1721523,1796.567916,3.519433719,58.49180229,215.7844253,1788.090347,3.442355047,64.91406,224.6348819,1795.560609,2463.78,293.29,-4.45,7.73
7.8,7.75,18.39,246.49,2446.81,30.3447764,123.6366899,1646.907734,3.456062964,63.27637688,228.7517584,1803.97989,3.473412052,60.90708292,223.368425,1797.506668,3.52369187,58.17348788,216.0229743,1789.010315,3.446395186,63.12563167,224.9636443,1796.468716,2467.61,293.24,-4.5,7.74
7.81,7.76,18.16,246.68,2448.93,30.22651032,123.9447433,1648.162854,3.463605265,63.45827235,229.229008,1805.70555,3.481006425,60.73111733,223.8309761,1799.203315,3.531382314,58.19095163,216.4703543,1790.671873,3.45369944,62.62309058,225.42473,1798.112218,2471.75,293.2,-4.55,7.75
7.82,7.77,17.92,246.86,2448.93,30.19935633,124.0981697,1648.793934,3.467376416,62.0053173,229.4683187,1806.57243,3.484803611,63.4788707,224.0615834,1800.055592,3.535227537,57.6256781,216.6941114,1791.506523,3.457351568,62.4640839,225.6534375,1798.937759,2474.51,293.16,-4.61,7.76
7.83,7.78,17.68,247.05,2452.32,30.11544533,124.8646126,1651.953131,3.48623217,51.54929536,230.6374757,1810.911424,3.503789542,81.5611276,225.2667889,1804.321276,3.554453649,53.52714034,217.8020291,1795.684085,3.475612204,61.39800646,226.7940714,1803.069435,2477.06,293.12,-4.67,7.77
7.84,7.79,17.44,247.22,2457.31,30.09755069,125.0004905,1652.516704,3.489584304,63.02189695,230.8102758,1811.685557,3.507164819,62.6560358,225.5420803,1805.081244,3.557871624,58.38745782,217.9849836,1796.429145,3.47885854,62.28237732,226.99339,1803.80593,2479.51,293.08,-4.74,7.78
7.85,7.8,17.2,247.4,2459.43,30.08029571,125.1702734,1653.222322,3.493774471,62.67828033,231.1260642,1812.653079,3.511383914,62.64715511,225.7160913,1806.034183,3.562144093,57.86726307,218.2553012,1797.361056,3.482916459,62.03435703,227.2493732,1804.728094,2483.66,293.03,-4.8,7.79
7.86,7.81,16.96,247.57,2462.19,29.95868823,125.4789105,1654.506616,3.50136506,63.46151379,231.6018292,1814.407814,3.519040014,62.42759818,226.1957242,1807.762599,3.569898423,57.39187574,218.704023,1799.05373,3.490285483,61.15528889,227.7065059,1806.403017,2486.53,292.99,-4.88,7.8
7.87,7.82,16.72,247.75,2465.06,29.93386449,125.6326051,1655.152326,3.505160354,60.61871766,231.8426844,1815.289244,3.522868064,61.34507922,226.4347002,1808.630939,3.573775587,57.43448307,218.9265408,1799.903982,3.493969996,61.6831435,227.9318333,1807.244269,2489.3,292.94,-4.95,7.81
7.88,7.83,16.48,247.92,2467.5,29.86850239,126.4004416,1658.384723,3.524136826,41.04086333,232.9930138,1819.701314,3.542008314,53.29404349,227.6088603,1812.977114,3.59316141,57.13657701,220.0399555,1804.159337,3.512392557,64.28947138,229.0681948,1811.454317,2489.3,292.9,-5.03,7.82
7.89,7.84,16.24,248.08,2470.26,29.82606223,126.5366478,1658.961328,3.527510421,62.72258776,233.131469,1820.48908,3.545411025,61.96233941,227.7902045,1813.752276,3.596607778,57.4226769,220.2368692,1804.917835,3.515667679,61.46991532,229.2787507,1812.204406,2492.39,292.85,-5.11,7.83
7.9,7.85,15.99,248.25,2472.81,29.81252705,126.7065728,1659.683266,3.531727415,62.0194454,233.4950121,1821.471854,3.549664414,61.90540882,228.0943252,1814.721923,3.600915739,57.41490093,220.485237,1805.86772,3.519761582,61.39757867,229.5165782,1813.144545,2497.29,292.8,-5.19,7.84
7.91,7.86,15.75,248.41,2476,29.69078226,127.0157178,1660.997162,3.539357477,61.4026856,233.9682243,1823.253793,3.557362588,61.76079015,228.5708837,1816.478149,3.608709311,56.87624983,220.9327042,1807.586342,3.527169886,61.08400731,229.9714302,1814.845196,2499.74,292.75,-5.28,7.85
7.92,7.87,15.5,248.57,2477.81,29.66227821,127.1696591,1661.657717,3.543172508,61.89594169,234.2024775,1824.148825,3.561211674,61.05632102,228.8086064,1817.360389,3.612606097,58.08571514,221.1543388,1808.449576,3.530874037,62.73044044,230.1976946,1815.699313,2502.61,292.71,-5.36,7.86
7.93,7.88,15.25,248.72,2477.81,29.56980313,127.9386267,1664.964386,3.562247664,61.74291538,235.3831522,1828.628181,3.580457107,54.74613323,229.9836617,1821.776104,3.632090027,66.7247154,222.2860768,1812.76982,3.549394797,75.55082593,231.35951,1819.973958,2505.6,292.66,-5.46,7.87
7.94,7.89,15.01,248.88,2482.17,29.55903803,128.0749059,1665.55422,3.565638803,63.80966544,235.592531,1829.426421,3.583878518,61.78250009,230.1709707,1822.563589,3.635553837,56.98804242,222.5171985,1813.53956,3.552687376,60.43908647,231.6082671,1820.735605,2508.05,292.62,-5.55,7.88
7.95,7.9,14.76,249.03,2485.79,29.54147166,128.2452787,1666.292707,3.569877726,62.72195155,235.8646278,1830.426612,3.588155281,61.83702484,230.4675109,1823.548787,3.639883599,57.08833516,222.717735,1814.504338,3.556803101,61.47042464,231.793352,1821.68996,2511.89,292.57,-5.65,7.89
7.96,7.91,14.51,249.18,2488.55,29.41489837,128.5548706,1667.636704,3.577573871,62.43337192,236.347345,1832.242225,3.595888311,62.37689108,230.9456985,1825.331321,3.647729256,57.01744762,223.1656304,1816.251964,3.564287444,62.33670926,232.2534178,1823.425111,2514.56,292.52,-5.75,7.9
7.97,7.92,14.26,249.33,2490.79,29.3923046,128.7090034,1668.312354,3.581421943,63.79857011,236.5875931,1833.154212,3.599754826,62.83335334,231.1868797,1826.226748,3.651652084,58.00750016,223.3893001,1817.129731,3.568029616,61.21996874,232.4866925,1824.29656,2519.04,292.47,-5.85,7.91
7.98,7.93,14.01,249.47,2494.2,29.34522841,129.479075,1671.694536,3.600662304,75.36970061,237.8151006,1837.718639,3.619087402,66.46631269,232.4016103,1830.708796,3.671266226,65.16002983,224.5270674,1821.522919,3.586740474,54.99780915,233.6321706,1828.658545,2520.86,292.42,-5.96,7.92
7.99,7.94,13.76,249.61,2497.29,29.27907285,129.6157573,1672.29781,3.604082812,61.11591389,238.0729034,1838.532064,3.622524304,62.85670191,232.6300485,1831.50824,3.674753185,57.22216065,224.7542777,1822.305966,3.590066848,60.89523763,233.8151139,1829.436962,2520.86,292.37,-6.07,7.93
8,7.95,13.51,249.75,2499.74,29.26577587,129.7859876,1673.053134,3.608358448,62.62048136,238.275137,1839.551099,3.626820432,62.55517247,232.8814885,1832.508006,3.679111883,57.59121759,224.9670208,1823.286506,3.594224817,61.7753626,234.1006122,1830.408934,2524.7,292.32,-6.18,7.94
8.01,7.96,13.26,249.89,2501.34,29.14941804,130.0959578,1674.427773,3.61609306,63.13347212,238.7594821,1841.394435,3.634592729,62.87294663,233.3676859,1834.318357,3.687018617,57.70258714,225.4223792,1825.065525,3.601775509,62.5601296,234.5670589,1832.176892,2532.08,292.26,-6.29,7.95
8.02,7.97,13.01,250.02,2503.47,29.14996769,130.2503267,1675.118787,3.619960365,62.02137097,239.0036386,1842.320319,3.638478878,60.84584785,233.6120195,1835.227785,3.690971985,57.21384952,225.6504987,1825.959085,3.605550855,62.88091917,234.8032451,1833.064833,2534.65,292.2,-6.41,7.96
8.03,7.98,12.76,250.15,2506.67,29.32404542,131.0221856,1678.577844,3.639296895,52.50209991,240.2029166,1846.954694,3.657909621,43.82459638,234.7942996,1839.779817,3.710738821,52.44282617,226.7814356,1830.43145,3.624427586,66.93268366,235.9902312,1837.509344,2537.64,292.14,-6.53,7.97
8.04,7.99,12.5,250.28,2506.67,28.98253522,131.1602245,1679.194809,3.6427345,64.54058816,240.3833981,1847.781575,3.661363976,64.33477612,234.9456853,1840.592172,3.714252926,58.49832689,226.9657251,1831.229072,3.627783449,61.60937028,236.2148482,1838.302153,2539.67,292.08,-6.65,7.98
8.05,8,12.25,250.4,2512.11,29.00474466,131.3290093,1679.967258,3.647031506,63.68285792,240.7128547,1848.814782,3.665681918,62.78727102,235.312286,1841.606976,3.718645556,57.71694769,227.2471375,1832.226649,3.631978278,62.50087364,236.4534614,1839.293092,2542.46,292.02,-6.78,7.99
8.06,8.01,12,250.52,2515.63,28.88775535,131.6394757,1681.373009,3.654774582,63.40062583,241.2059559,1850.679015,3.673528339,62.12443288,235.8049414,1843.453669,3.726584763,57.31110863,227.7053643,1834.031079,3.639568117,62.4949253,236.9278329,1841.088077,2544.92,291.95,-6.91,8
8.07,8.02,11.75,250.64,2517.34,28.85780786,131.7940827,1682.079624,3.658646121,64.26809151,241.4514139,1851.615428,3.67745155,63.48791272,236.0486686,1844.381365,3.730554366,56.55659461,227.9328667,1834.937387,3.643363036,62.50365367,237.1649961,1841.989621,2548.34,291.88,-7.04,8.01
8.08,8.03,11.5,250.76,2520.86,28.72598738,132.5663166,1685.616734,3.678003811,71.90183577,242.6954957,1856.302117,3.697067602,73.39219234,237.2940508,1849.024315,3.750402383,49.70598979,229.0554029,1839.47325,3.662337633,62.2742161,238.3509778,1846.501838,2550.7,291.82,-7.17,8.02
8.09,8.04,11.25,250.88,2523.32,28.78097506,132.7029755,1686.247611,3.681445179,62.65705243,242.9429363,1857.137451,3.7005549,62.44876438,237.5499913,1849.851556,3.753930919,58.36158084,229.2307923,1840.28193,3.665710895,63.20733895,238.561045,1847.306362,2552.52,291.75,-7.31,8.03
8.1,8.05,10.99,250.99,2525.99,28.74786839,132.8745066,1687.03744,3.685746888,63.27511079,243.1727567,1858.183617,3.704914023,62.09558784,237.7680781,1850.888638,3.75834159,56.94908544,229.5230268,1841.294032,3.669927472,62.22704175,238.8273555,1848.313052,2552.52,291.67,-7.45,8.04
8.11,8.06,10.74,251.1,2527.91,28.64348536,133.185487,1688.474822,3.69350225,63.57838,243.663478,1860.069891,3.71282927,61.79287737,238.25958,1852.770972,3.766354267,57.42946534,229.9793414,1843.133399,3.677572037,61.92338768,239.3030542,1850.139132,2555.2,291.6,-7.59,8.05
8.12,8.07,10.49,251.2,2529.73,28.6223778,133.3404126,1689.197299,3.697379931,63.71049083,243.9100147,1861.01731,3.716786894,62.47036361,238.504133,1853.716516,3.770360605,56.54082431,230.2094233,1844.057197,3.68139432,61.77614964,239.5397429,1851.056263,2558.42,291.53,-7.73,8.06
8.13,8.08,10.24,251.31,2532.93,28.60032784,134.1144697,1692.813781,3.716768335,67.86268126,245.1452595,1865.759325,3.736575011,70.02080893,239.7403039,1858.448932,3.790392297,50.18343872,231.3420317,1848.681031,3.700505733,58.66526106,240.7203724,1855.64631,2560.13,291.46,-7.88,8.07
8.14,8.09,9.99,251.41,2535.61,28.50240427,134.2519739,1693.458803,3.720215163,61.14917968,245.3791705,1866.604989,3.740092899,60.13022811,239.9866292,1859.292458,3.793953487,57.54095061,231.5207444,1849.505946,3.703903318,63.25238583,240.9196926,1856.464557,2562.06,291.38,-8.03,8.08
8.15,8.1,9.74,251.51,2535.61,28.50848093,134.4229292,1694.266299,3.724523697,62.73173198,245.6205476,1867.662594,3.744490258,60.85603617,240.2090381,1860.34878,3.798404974,57.1084546,231.8110035,1850.536698,3.708150299,62.60031973,241.2053608,1857.488833,2566.25,291.31,-8.18,8.09
8.16,8.11,9.49,251.6,2538.28,28.40364033,134.7345633,1695.735728,3.732280757,63.32327203,246.1071614,1869.568272,3.752446137,60.83743333,240.6932013,1862.2602,3.806462815,57.42962924,232.2711744,1852.404873,3.715856449,62.42978415,241.6877683,1859.347953,2569.46,291.23,-8.34,8.1
8.17,8.12,9.24,251.7,2542.13,28.38076837,134.8898074,1696.474277,3.736159286,63.11595934,246.3527625,1870.525358,3.756424076,60.50484307,240.9352089,1863.220245,3.810491735,57.39037784,232.5025538,1853.343132,3.719709525,61.02788046,241.9283149,1860.281696,2572.26,291.15,-8.49,8.11
8.18,8.13,8.99,251.79,2545.35,28.27799857,135.6654024,1700.171166,3.755551934,63.88826848,247.5767481,1875.315827,3.776313773,58.40671078,242.1386319,1868.025272,3.830636337,57.72363715,233.6586601,1858.03925,3.738974901,49.1317839,243.10404,1864.954968,2574.51,291.07,-8.65,8.12
8.19,8.14,8.74,251.88,2547.17,28.3184284,135.8027867,1700.830509,3.758999516,62.39874684,247.7970082,1876.170327,3.779849719,60.141718,242.3451549,1868.882085,3.834217599,56.92073442,233.8653836,1858.876754,3.742399857,63.60350856,243.2723142,1865.788409,2577.62,290.99,-8.81,8.13
8.2,8.15,8.49,251.96,2550.49,28.28756023,135.9750263,1701.655928,3.763308994,62.40841241,248.0607663,1877.238355,3.784269651,60.68182788,242.6222186,1869.953959,3.838694177,57.55575183,234.1195938,1859.924059,3.746681052,62.35847365,243.6064609,1866.830712,2580.85,290.91,-8.98,8.14
8.21,8.16,8.24,252.05,2552.09,28.2027994,136.2874782,1703.157868,3.771062149,61.71835929,248.5446284,1879.161998,3.792278858,60.35638162,243.1082319,1871.897523,3.846815643,57.57947652,234.5870308,1861.825737,3.754414292,61.90640048,244.0886939,1868.714939,2580.85,290.82,-9.14,8.15
8.22,8.17,7.99,252.13,2554.45,28.16138162,136.443236,1703.912722,3.774938726,61.26924873,248.7838844,1880.128041,3.796283461,62.6226417,243.3499353,1872.873685,3.850876376,57.78684589,234.8208457,1862.780848,3.758280912,61.65502567,244.3280625,1869.661249,2584.82,290.74,-9.31,8.16
8.23,8.18,7.74,252.21,2557.56,27.95060427,137.2208813,1707.691213,3.794321614,56.72728654,249.9714594,1884.962576,3.816306478,79.75863556,244.6038295,1877.759176,3.87118004,59.80311495,235.9941304,1867.56116,3.777614012,61.04646904,245.5200453,1874.397221,2591.28,290.65,-9.48,8.17
8.24,8.19,7.49,252.28,2560.24,28.09442338,137.3580946,1708.365122,3.797767461,62.39111451,250.1669329,1885.824199,3.819866126,60.19802726,244.8877421,1878.629524,3.874789581,57.5345634,236.2099922,1868.413444,3.781051008,59.92405912,245.7298617,1875.241404,2595.36,290.56,-9.64,8.18
8.25,8.2,7.25,252.36,2562.49,28.08847979,137.531644,1709.208677,3.802074769,61.55734643,250.4582831,1886.903131,3.824315685,61.00429792,245.0635953,1879.720582,3.879301506,57.58531309,236.4591588,1869.479938,3.785347252,61.2671854,245.9892304,1876.298151,2597.73,290.47,-9.82,8.19
8.26,8.21,7,252.43,2562.49,28.00796664,137.845125,1710.743622,3.809842579,60.73782845,250.9364488,1888.849037,3.83239915,61.16337464,245.5567214,1881.701904,3.887461931,57.21089365,236.9290795,1871.409833,3.793099713,60.56401044,246.4642019,1878.205538,2601.61,290.37,-9.99,8.2
8.27,8.22,6.76,252.5,2566.67,27.98740184,138.0014162,1711.515031,3.813726484,63.62618299,251.1723488,1889.82617,3.836440882,58.95730456,245.8039274,1882.697051,3.891542144,58.09136569,237.1625121,1872.379096,3.796975944,62.202772,246.6989619,1879.163375,2606.24,290.28,-10.16,8.21
8.28,8.23,6.51,252.56,2570.32,27.90681767,138.7822986,1715.376363,3.833146009,87.01335844,252.407939,1894.716039,3.856649543,37.88547327,246.9953756,1887.677861,3.911943206,65.05636428,238.3476376,1877.229982,3.816357096,71.35693913,247.9045233,1883.956787,2610.23,290.18,-10.34,8.22
8.29,8.24,6.27,252.63,2572.36,27.92528667,138.9207224,1716.065023,3.836598369,59.24429528,252.7083404,1895.586666,3.860242194,64.47228891,247.1314849,1888.566572,3.915570062,56.64494601,238.5835877,1878.094415,3.819802634,62.52667867,248.1503864,1884.81059,2613.14,290.08,-10.51,8.23
8.3,8.25,6.03,252.69,2574.94,27.91133369,139.094079,1716.927052,3.840913819,60.91459381,252.8415165,1896.679005,3.864733008,62.03123885,247.5367853,1889.677013,3.920103631,57.20181217,238.8014626,1879.177261,3.824109557,61.74285742,248.3714815,1885.88112,2616.05,289.98,-10.69,8.24
8.31,8.26,5.78,252.75,2576.55,27.83185709,139.4088251,1718.495595,3.848640586,59.82130514,253.3121894,1898.633049,3.872863454,61.56541245,248.0411269,1891.689964,3.928329576,57.44682088,239.2720015,1881.141922,3.831904692,62.17220055,248.8527755,1887.817581,2618.31,289.88,-10.86,8.25
8.32,8.27,5.54,252.81,2580.85,27.81197659,139.56575,1719.283861,3.852503969,57.9383516,253.543302,1899.614163,3.876928677,62.00185691,248.291404,1892.701053,3.932442548,57.1441252,239.5082787,1882.128608,3.83580226,59.41495462,249.0950959,1888.790033,2618.31,289.77,-11.04,8.26
8.33,8.28,5.3,252.86,2583.96,27.69624905,140.349814,1723.229539,3.871820887,53.59662652,254.6624924,1904.523703,3.897254791,63.73213622,249.5516608,1897.761353,3.95300741,54.66033067,240.6834398,1887.067025,3.8552901,36.92373536,250.252965,1893.657215,2623.27,289.66,-11.21,8.27
8.34,8.29,5.06,252.91,2584.93,27.76952545,140.4886232,1723.933226,3.875255005,54.50851831,254.8465496,1905.398664,3.900868322,62.74346306,249.7819589,1898.663241,3.956663386,57.58581294,240.8832766,1887.947734,3.858754605,63.48574288,250.3808874,1894.52581,2627.81,289.55,-11.39,8.28
8.35,8.3,4.82,252.96,2588.37,27.75959615,140.6631568,1724.814058,3.879547654,54.33047677,255.0805355,1906.493498,3.905385237,61.81316717,250.0548312,1899.792921,3.961233355,57.78534592,241.1618445,1889.049058,3.863085236,61.92803326,250.7736724,1895.610257,2632.56,289.44,-11.56,8.29
8.36,8.31,4.58,253.01,2589.88,27.68764861,140.9794286,1726.416703,3.88211191,49.86982652,255.2198527,1907.147812,3.913575333,62.11405617,250.561087,1901.841268,3.969514806,58.19846497,241.640391,1891.046527,3.870903237,61.75722102,251.2578259,1897.571183,2636.34,289.32,-11.74,8.3
8.37,8.32,4.35,253.05,2589.88,27.67458318,141.1371547,1727.22208,3.883394038,49.1040577,255.2837922,1907.475319,3.917670381,58.43695583,250.815447,1902.870106,3.973655532,58.68433591,241.8813749,1892.049721,3.874812238,62.72355651,251.4992349,1898.555905,2640.02,289.21,-11.91,8.31
8.38,8.33,4.11,253.1,2593.54,27.58801961,141.925413,1731.253389,3.889804678,47.27144609,255.5985807,1909.113134,3.938145622,29.15771185,252.0119578,1908.019663,3.99435916,62.56578492,243.0963535,1897.070897,3.89435724,68.30704447,252.725167,1903.484154,2643.58,289.09,-12.08,8.32
8.39,8.34,3.87,253.14,2598.38,27.65006956,142.0651095,1731.97234,3.890944347,46.19765976,255.6524545,1909.404382,3.941785665,63.43797748,252.1180931,1908.938947,3.998039805,58.22807822,243.326636,1897.966299,3.897831907,62.6591063,252.9625112,1904.362448,2647.59,288.97,-12.26,8.33
8.4,8.35,3.64,253.17,2598.59,27.62752674,142.2404926,1732.872256,3.892368934,46.07735569,255.7181786,1909.768908,3.946335718,61.40298871,252.5673945,1910.086209,4.002640611,58.33313046,243.5728019,1899.086242,3.902175241,62.67313567,253.206017,1905.462315,2649.97,288.85,-12.43,8.34
8.41,8.36,3.41,253.21,2601.93,27.57300452,142.5584953,1734.509536,3.89496008,42.94813153,255.8375718,1910.431647,3.954575529,62.31351435,253.0733435,1912.167696,4.010973799,58.40322593,244.0589029,1901.116285,3.910019751,63.59163457,253.697657,1907.448974,2652.78,288.72,-12.6,8.35
8.42,8.37,3.17,253.24,2605.59,27.55874844,142.7171829,1735.332295,3.896255654,41.92741621,255.8932142,1910.763364,3.958695434,61.30621176,253.3300692,1913.213131,4.015140393,58.79112671,244.3022454,1902.135864,3.913942005,61.86211754,253.9470796,1908.446643,2655.6,288.6,-12.76,8.36
8.43,8.38,2.94,253.27,2608.72,27.46814549,143.5102107,1739.450602,3.902733521,38.06158056,256.1648145,1912.422151,3.97929496,56.87722678,254.5929481,1918.446066,4.035973364,61.68650178,245.5270392,1907.238868,3.933553279,51.14206831,255.1602745,1913.440314,2655.6,288.47,-12.93,8.37
8.44,8.39,2.71,253.3,2612.27,27.53593634,143.65073,1740.185078,3.903885141,38.8326536,256.208647,1912.717069,3.982957098,60.15543389,254.8012404,1919.379944,4.039677003,58.84492998,245.7555038,1908.148669,3.937039728,62.49878028,255.3385787,1914.331538,2659.17,288.34,-13.09,8.38
8.45,8.4,2.48,253.33,2614.21,27.5273561,143.8273116,1741.104358,3.905324667,38.74461526,256.2674856,1913.086266,3.987534771,61.26598144,255.1008528,1920.545971,4.044306552,58.41357789,246.0113424,1909.287207,3.941397788,62.54664664,255.6674313,1915.443969,2663.18,288.2,-13.26,8.39
8.46,8.41,2.26,253.35,2616.8,27.47496329,144.1473912,1742.776783,3.907942061,34.99461111,256.3688955,1913.757156,3.995790241,61.87571753,255.6066323,1922.652333,4.052695251,58.11598633,246.5013562,1911.351232,3.949263417,62.48628818,256.1593999,1917.455342,2666.21,288.07,-13.42,8.4
8.47,8.42,2.03,253.37,2618.53,27.50230373,144.3071265,1743.617184,3.909250758,34.03092193,256.4146929,1914.092899,3.999917976,61.30568539,255.8620389,1923.710213,4.0568896,57.50532386,246.745115,1912.38787,3.953196231,61.41389014,256.4051469,1918.465382,2668.38,287.92,-13.58,8.41
8.48,8.43,1.8,253.39,2618.53,27.74288265,145.1065972,1747.82378,3.915794243,29.94964487,256.6373737,1915.771721,4.020556652,60.99279967,257.1273071,1929.005201,4.077861347,50.56194382,247.9511021,1917.576012,3.972860302,54.06910703,257.612794,1923.52039,2670.33,287.78,-13.73,8.42
8.49,8.44,1.58,253.4,2620.36,27.41925171,145.2499687,1748.573973,3.916957529,31.36718066,256.6722137,1916.070127,4.02422575,59.47234534,257.3510956,1929.949811,4.081589657,59.66130238,248.1396127,1918.500991,3.976356136,61.33832032,257.8018106,1924.421796,2672.17,287.63,-13.89,8.43
8.5,8.45,1.36,253.42,2625.76,27.44436219,145.4250555,1749.512968,3.918411637,30.57319153,256.720725,1916.443798,4.028812122,60.46960327,257.6246062,1931.130062,4.086250045,58.44092593,248.4562295,1919.658576,3.98072593,62.00830084,258.1085512,1925.548998,2674.78,287.49,-14.04,8.44
8.51,8.46,1.13,253.43,2628.24,27.41678767,145.7474003,1751.221094,3.921056445,26.50322485,256.8015852,1917.122914,4.037119682,59.97779785,258.1269611,1933.270686,4.094714465,58.80937025,248.9508981,1921.761931,3.988583426,62.70941354,258.5957812,1927.577476,2677.92,287.33,-14.19,8.45
8.52,8.47,0.91,253.44,2631.05,27.41044728,145.9084108,1752.079418,3.922378849,25.5495402,256.8366331,1917.462713,4.041273463,59.92477419,258.3760956,1934.345694,4.098946675,58.3873126,249.1997917,1922.81832,3.992512174,60.67187899,258.8421507,1928.596024,2680.96,287.18,-14.34,8.46
8.53,8.48,0.69,253.45,2634.07,27.35416471,146.7132769,1756.375735,3.928990868,20.04988214,257.0055672,1919.16172,4.062042363,55.18147177,259.6206673,1939.72565,4.120107726,55.68820361,250.4353286,1928.105732,4.012155916,46.71153774,260.0339734,1933.693931,2683.57,287.02,-14.49,8.47
8.54,8.49,0.47,253.45,2637.21,27.41684361,146.8560704,1757.141969,3.930166339,23.97322264,257.0291352,1919.463653,4.065734612,62.99592329,259.824411,1940.684501,4.123869691,58.68289461,250.6448256,1929.048823,4.015648136,62.34813139,260.1971004,1934.60361,2683.57,286.86,-14.63,8.48
8.55,8.5,0.26,253.45,2638.29,27.39972255,147.0353263,1758.100905,3.931635676,22.45658495,257.0698625,1919.8418,4.070349923,61.12566566,260.1418264,1941.885285,4.128572146,58.81951444,250.9373317,1930.227825,4.020013412,61.34299048,260.5407633,1935.73929,2686.72,286.71,-14.77,8.49
8.56,8.51,0.04,253.45,2639.37,27.37891942,147.3603557,1759.845171,3.934307682,19.09276282,257.1298666,1920.528833,4.078684606,61.03732624,260.6512895,1944.053883,4.137087164,59.44725967,251.4381809,1932.364883,4.027888996,60.56167225,261.0238752,1937.791598,2691.93,286.55,-14.91,8.5
8.57,8.52,-0.17,253.45,2641.64,27.39728373,147.522747,1760.721643,3.935643684,17.6189289,257.1553746,1920.87253,4.082851948,61.57122912,260.9056529,1945.14296,4.141344672,57.59384455,251.6912781,1933.438211,4.031826788,62.02239237,261.2623545,1938.822033,2692.8,286.38,-15.05,8.51
8.58,8.53,-0.39,253.45,2644.77,27.5010819,148.3352483,1765.108795,3.942323698,9.87162571,257.2730693,1922.591002,4.103688657,66.41531141,262.1885947,1950.593599,4.162632215,42.55859279,252.9173095,1938.810586,4.051515748,73.44649609,262.4835109,1943.978535,2695.52,286.22,-15.18,8.52
8.59,8.54,-0.6,253.44,2644.77,27.3905065,148.4802402,1765.891219,3.943511256,15.41401568,257.2847924,1922.896418,4.107392961,60.14609683,262.4346172,1951.565186,4.166416667,60.31856245,253.0783705,1939.769397,4.055016008,59.50092167,262.7405927,1944.896936,2697.7,286.06,-15.31,8.53
8.6,8.55,-0.81,253.43,2649.97,27.38936808,148.6599105,1766.870427,3.944995704,14.76679418,257.3175932,1923.278737,4.112023341,61.24593029,262.6873876,1952.781346,4.171147232,59.5546131,253.4509881,1940.966568,4.059391332,60.3727788,262.9382329,1946.04817,2700.52,285.89,-15.44,8.54
8.61,8.56,-1.02,253.42,2653.75,27.38846484,148.9880527,1768.651532,3.947696612,11.79454951,257.357477,1923.973871,4.120400184,61.01062399,263.2004352,1954.982242,4.179722871,58.99320037,253.9617069,1943.1404,4.067236812,60.71985482,263.4118863,1948.111446,2703.35,285.73,-15.57,8.55
8.62,8.57,-1.22,253.41,2657.11,27.38960077,149.1521183,1769.546508,3.949047066,9.646838803,257.373405,1924.32156,4.124588606,61.25979449,263.4559734,1956.087526,4.184010691,58.29077308,254.2146591,1944.232245,4.071159552,58.05125153,263.6500745,1949.147266,2706.72,285.57,-15.69,8.56
8.63,8.58,-1.43,253.39,2656.89,27.34694933,149.9724807,1774.026304,3.955799336,-3.830725571,257.438543,1926.059944,4.145530714,60.22191967,264.7388827,1961.619172,4.20544979,50.91801546,255.4643608,1949.696575,4.090773252,36.82008625,264.7886743,1954.3312,2711.08,285.4,-15.82,8.57
8.64,8.59,-1.64,253.38,2660.14,27.41593457,150.1180957,1774.825283,3.95699974,80.315275,257.4339446,1926.368906,4.149253755,63.25161041,264.9630914,1962.605164,4.209261185,59.6713285,255.6584295,1950.670664,4.094260132,62.34105701,264.9170615,1955.256026,2715.22,285.24,-15.94,8.58
8.65,8.6,-1.84,253.36,2661.44,27.41658213,150.3010117,1775.82511,3.958500244,-20.67296166,257.5441913,1926.755861,4.153907557,61.93767602,265.2638586,1963.839608,4.214025429,59.45773034,255.9857749,1951.890133,4.098618732,59.57563652,265.2975374,1956.410901,2715.22,285.08,-16.06,8.59
8.66,8.61,-2.04,253.34,2664.59,27.42681567,150.6327132,1777.643608,3.961176844,-20.65841044,257.4888581,1927.445204,4.162284529,62.45674148,265.7827088,1966.062126,4.222658239,59.77007986,256.4990621,1954.100344,4.106435448,57.42609862,265.7632232,1958.48506,2718.05,284.91,-16.17,8.6
8.67,8.62,-2.24,253.31,2667.51,27.44342916,150.7986259,1778.557373,3.962515143,-20.65520294,257.4612109,1927.789708,4.166473014,59.93936386,266.044308,1967.178275,4.226974644,59.51086336,256.757054,1955.210435,4.110343805,55.99987789,265.9876649,1959.526235,2722.08,284.75,-16.29,8.61
8.68,8.63,-2.44,253.29,2671.09,27.48421475,151.6286917,1783.131229,3.969206642,-20.64578623,257.3229967,1929.512048,4.187415443,40.63250183,267.2995838,1972.76478,4.248556668,57.56386242,258.0414189,1960.766638,4.129885594,60.43589582,267.0820027,1964.735494,2724.81,284.59,-16.4,8.62
8.69,8.64,-2.64,253.26,2674.67,27.47402605,151.7764783,1783.946991,3.970396242,-20.64247115,257.2984364,1929.818145,4.191138541,63.17056229,267.4508626,1973.761777,4.252393472,59.69708517,258.2622802,1961.757604,4.133359689,47.30358287,267.2919628,1965.663007,2728.08,284.42,-16.51,8.63
8.7,8.65,-2.83,253.23,2674.67,27.48256861,151.9609871,1784.967803,3.971883242,-20.64068939,257.2677412,1930.200724,4.195792414,61.72519644,267.852864,1975.006481,4.257189478,60.19703998,258.5622534,1962.996728,4.137702309,29.72574066,267.4973843,1966.824233,2731.14,284.26,-16.62,8.64
8.71,8.66,-3.03,253.2,2678.36,27.51229137,152.2966906,1786.824105,3.974589213,-20.62604551,257.2118881,1930.896883,4.204205284,61.12502104,268.37215,1977.260308,4.265894684,60.99360102,259.086281,1965.247907,4.140284284,44.70077515,267.5741354,1967.516043,2734.96,284.1,-16.72,8.65
8.72,8.67,-3.22,253.16,2682.7,27.55737679,152.4647239,1787.75687,3.975942199,-20.62281863,257.1839814,1931.244793,4.208411719,60.22870169,268.6292684,1978.392138,4.270247287,60.04808244,259.3517619,1966.378629,4.141575272,43.73493896,267.6318435,1967.861743,2738.12,283.94,-16.82,8.66
8.73,8.68,-3.41,253.13,2684.11,27.83232551,153.3062671,1792.425864,3.982707128,-20.61334864,257.0444695,1932.984153,4.229443895,51.32722664,269.8960091,1984.05637,4.292010303,54.58492375,260.6585893,1972.038481,4.14803021,39.20699231,267.9141499,1969.590472,2741.18,283.77,-16.93,8.67
8.74,8.69,-3.6,253.09,2685.96,27.55688792,153.4573675,1793.25861,3.983909782,-20.61000525,257.0196787,1933.293274,4.233182948,61.96443205,270.0879243,1985.066021,4.295879283,61.27830302,260.8697773,1973.04851,4.149177755,42.41569656,267.9591416,1969.897846,2744.46,283.6,-17.03,8.68
8.75,8.7,-3.79,253.05,2689.11,27.58905038,153.6424134,1794.300641,3.985413099,-20.60821294,256.9886955,1933.679632,4.237856765,61.4070428,270.4277798,1986.329852,4.300715509,60.22136885,261.1981642,1974.309938,4.150612185,40.63347662,268.0239073,1970.282578,2747.3,283.44,-17.12,8.69
8.76,8.71,-3.98,253.01,2690.3,27.64802993,153.9826523,1796.195502,3.988148248,-20.59347962,256.932329,1934.382534,4.246320717,61.5376937,270.9475261,1988.619164,4.309423088,60.08544392,261.7225465,1976.584687,4.153217987,37.09150701,268.1297901,1970.981131,2747.3,283.27,-17.22,8.7
8.77,8.72,-4.16,252.97,2694.43,27.66768537,154.1531354,1797.147655,3.989515823,-20.5902332,256.9041659,1934.733812,4.250552694,61.00497869,271.2079521,1989.768769,4.313776878,59.95993758,261.9841459,1977.727199,4.154520887,36.8725509,268.1781166,1971.330718,2750.9,283.1,-17.31,8.71
8.78,8.73,-4.34,252.93,2698.35,27.73011259,155.0061569,1801.913743,3.996353695,-20.58070707,256.7633725,1936.490009,4.271712575,60.2894904,272.4988103,1995.522381,4.335545826,60.05742689,263.2894107,1983.445377,4.161035391,39.78746937,268.418323,1973.078785,2756.26,282.93,-17.4,8.72
8.79,8.74,-4.53,252.88,2700.41,27.72344401,155.1581474,1802.763871,3.997569317,-20.57734217,256.7383541,1936.802122,4.275474332,59.4917457,272.7256046,1996.548355,4.339415861,59.56468952,263.521835,1984.464865,4.162193525,32.44238799,268.4644022,1973.389505,2759.76,282.76,-17.49,8.73
8.8,8.75,-4.71,252.83,2701.94,27.73510695,155.3479296,1803.8275,3.999088844,-20.57553836,256.7070865,1937.192217,4.280176528,60.20331366,273.008209,1997.83125,4.344253405,59.54320908,263.8086189,1985.740619,4.163641192,32.6930528,268.5022386,1973.778575,2762.5,282.59,-17.58,8.74
8.81,8.76,-4.89,252.78,2701.94,27.8232013,155.6931843,1805.761406,4.001853531,-20.56071506,256.6502015,1937.901932,4.288564217,59.66002892,273.5131756,2000.121582,4.353032684,59.69472004,264.3313654,1988.05702,4.166270323,28.97932629,268.5881929,1974.48464,2765.89,282.41,-17.67,8.75
8.82,8.77,-5.06,252.73,2705.75,27.79847081,155.86636,1806.733196,4.003235874,-20.55744888,256.6217796,1938.256612,4.292758061,59.58962455,273.7633805,2001.271515,4.357422324,59.59856202,264.5934037,1989.220385,4.167584888,28.16707583,268.6262881,1974.837927,2768.96,282.24,-17.75,8.76
8.83,8.78,-5.24,252.68,2711.51,27.47917355,156.7314688,1811.597641,4.010147592,-20.54786433,256.4796923,1940.029819,4.313727283,58.28647411,275.0129286,2007.026132,4.379370522,55.79991932,265.9014848,1995.04305,4.174157715,25.94414487,268.8114254,1976.604417,2771.37,282.06,-17.83,8.77
8.84,8.79,-5.41,252.62,2712.93,27.96388819,156.8834993,1812.465391,4.011376342,-20.54447934,256.4544441,1940.344954,4.317455145,60.13260544,275.2302125,2008.051593,4.383272424,61.89637842,266.1192106,1996.081335,4.175326218,24.6524608,268.8417412,1976.918379,2775.21,281.88,-17.91,8.78
8.85,8.8,-5.58,252.57,2717.61,27.91625496,157.0799492,1813.550903,4.012912279,-20.54266457,256.4228892,1940.738826,4.322114972,60.64827507,275.51042,2009.335096,4.388149801,60.80792321,266.4448308,1997.380244,4.176786846,24.46610003,268.8774307,1977.31149,2777.84,281.7,-17.99,8.79
8.86,8.81,-5.75,252.51,2719.79,27.96098079,157.4306724,1815.524371,4.015706918,-20.52775065,256.3654799,1941.455436,4.324885558,59.59062047,275.6784514,2010.099067,4.396996701,59.85516542,266.9827925,1999.737814,4.179442816,20.91771647,268.942412,1978.02576,2781.24,281.52,-18.06,8.8
8.87,8.82,-5.92,252.45,2721.87,27.9696894,157.606315,1816.516062,4.017104237,-20.52446473,256.3367961,1941.81356,4.326270852,59.46352588,275.7610018,2010.481318,4.401420152,60.73343628,267.2475588,2000.921954,4.1807708,19.58917944,268.9701904,1978.383089,2781.24,281.34,-18.14,8.81
8.88,8.83,-6.09,252.39,2725.03,27.94767798,158.4848015,1821.480087,4.024090834,-20.51482253,256.1933999,1943.603981,4.333197319,59.62979673,276.172874,2012.393167,4.423537403,68.31972625,268.5908155,2006.847941,4.187410723,11.99301111,269.100261,1980.169729,2784.97,281.16,-18.21,8.82
8.89,8.84,-6.25,252.33,2726.12,28.02843741,158.640854,1822.365528,4.025332896,-20.51141597,256.1679192,1943.922174,4.334428691,58.98181403,276.2463004,2012.733385,4.427469359,57.68969071,268.8594456,2007.90359,4.188591154,18.06692668,269.1144179,1980.487258,2790.67,280.98,-18.27,8.83
8.9,8.85,-6.42,252.27,2730.04,28.04174363,158.8370213,1823.47339,4.026885473,-20.50959035,256.1360739,1944.319869,4.335967906,59.20007812,276.336575,2013.158679,4.432384303,59.8142087,269.0977849,2009.227053,4.190066693,16.59346879,269.1502457,1980.884765,2792.54,280.79,-18.34,8.84
8.91,8.86,-6.58,252.2,2732.01,28.09795146,159.1925228,1825.487068,4.029710328,-20.49458612,256.0781372,1945.043416,4.338759704,59.43976644,276.5018497,2013.930299,4.441255624,59.75854539,269.628416,2011.61467,4.19274822,13.11976038,269.1947415,1981.606641,2794.85,280.6,-18.4,8.85
8.92,8.87,-6.74,252.13,2732.01,28.1141876,159.3706299,1826.498977,4.031122756,-20.49128054,256.0491901,1945.405006,4.340155603,57.56268809,276.5848216,2014.316628,4.445691285,62.19154486,269.8934846,2012.813775,4.194088984,13.29490659,269.212332,1981.967713,2798.03,280.42,-18.46,8.86
8.93,8.88,-6.9,252.06,2736.37,28.11244793,160.2616797,1831.564238,4.038184895,-20.48158112,255.9044778,1947.21275,4.347135099,43.83698114,276.9865802,2016.248866,4.467869588,81.78789093,271.2727875,2018.815148,4.200792802,18.75041285,269.3014586,1983.773001,2800.34,280.23,-18.52,8.87
8.94,8.89,-7.06,251.99,2740.96,28.20462699,160.4200788,1832.467756,4.039440386,-20.4781529,255.8787634,1947.534021,4.348375899,59.36370358,277.0409731,2016.592748,4.471812397,58.12316678,271.5952616,2019.884401,4.201984592,8.110773061,269.3238052,1984.093771,2802.65,280.03,-18.58,8.88
8.95,8.9,-7.21,251.92,2743.15,28.19697984,160.6191364,1833.598209,4.04100975,-20.47631635,255.8466259,1947.935561,4.349926898,58.52543215,277.1583293,2017.022528,4.476740909,60.28784635,271.7652124,2021.224272,4.203474329,9.307911805,269.322315,1984.495414,2805.18,279.84,-18.63,8.89
8.96,8.91,-7.37,251.84,2746.1,28.27134628,160.979804,1835.652697,4.043865095,-20.46122205,255.7881589,1948.666091,4.35274443,57.36341589,277.3232266,2017.803576,4.485658722,59.54687265,272.3028481,2023.648194,4.206180973,-60.9817717,269.3475082,1985.224517,2808.03,279.65,-18.68,8.9
8.97,8.92,-7.52,251.77,2749.16,28.28893674,161.1606135,1836.685131,4.045292767,-20.45789684,255.758947,1949.031169,4.354153197,58.3317811,277.4040382,2018.194623,4.490117629,58.86513893,272.5683621,2024.86555,4.207534295,34.54610362,269.2649803,1985.588983,2809.79,279.46,-18.73,8.91
8.98,8.93,-7.67,251.69,2753.97,28.30778111,162.0652231,1841.853177,4.05243113,-20.44814014,255.6129111,1950.856348,4.361197028,67.47154139,277.8149175,2020.150355,4.512412162,51.78595444,273.8807329,2030.957799,4.214300904,672.8885541,269.4987402,1987.407922,2809.79,279.26,-18.78,8.92
8.99,8.94,-7.82,251.61,2755.39,28.3840852,162.2261497,1842.775067,4.053700172,-20.44469057,255.5869616,1951.180716,4.362449265,55.5735094,277.8994078,2020.498228,4.516375634,60.50308333,274.0859851,2032.043627,4.215503856,-51.71340543,270.3081933,1987.725084,2812.54,279.06,-18.82,8.93
9,8.95,-7.96,251.53,2759.11,28.37570799,162.4281318,1843.928435,4.055286474,-20.44284309,255.5545303,1951.586127,4.364014561,56.14895083,277.9676846,2020.933508,4.521329975,59.43250182,274.4261641,2033.403334,4.217007547,-21.89511568,269.0642722,1988.138791,2817.72,278.87,-18.86,8.94
9.01,8.96,-8.11,251.44,2760.2,28.47196917,162.7942576,1846.024219,4.05817261,-20.42765883,255.4955295,1952.323692,4.366857883,54.44798504,278.1273342,2021.724007,4.530301357,58.77363588,274.9593558,2035.865693,4.219726048,-21.87745371,269.0047503,1988.870242,2819.81,278.67,-18.89,8.95
9.02,8.97,-8.25,251.36,2764.36,28.4664091,162.9779415,1847.077426,4.059615678,-20.42431402,255.466051,1952.692283,4.368279544,53.77155575,278.2047408,2022.119767,4.534787049,59.13677362,275.2229962,2037.102255,4.221085299,-21.87356687,268.9750134,1989.235786,2821.35,278.47,-18.93,8.96
9.03,8.98,-8.39,251.27,2764.36,28.29794092,163.8961816,1852.349508,4.066831017,-20.41450011,255.3186826,1954.535026,4.37538785,52.71655586,278.5869654,2024.099014,4.557215505,61.7637596,276.5493428,2043.290574,4.227881552,-21.86216433,268.8263551,1991.063304,2823.77,278.27,-18.96,8.97
9.04,8.99,-8.53,251.19,2767.43,28.59610272,164.0584582,1853.290018,4.068113744,-20.41102918,255.2924964,1954.862514,4.376651549,51.09900326,278.6535833,2024.451063,4.561202786,58.66904859,276.7956122,2044.393228,4.229089775,-21.85811964,268.7999407,1991.388091,2825.32,278.07,-18.99,8.98
9.05,9,-8.67,251.1,2772.8,28.59153534,164.2654629,1854.466551,4.069717152,-20.40917082,255.2597694,1955.271825,4.378231172,51.27378775,278.7335908,2024.891534,4.566186887,58.7571213,277.0720596,2045.774574,4.230600053,-21.85595952,268.7669291,1991.794027,2828.62,277.86,-19.01,8.99
9.06,9.01,-8.81,251.01,2774.55,28.69671909,164.6375346,1856.604204,4.072634375,-20.39389675,255.2002313,1956.016474,4.381101444,48.15602306,278.8807605,2025.691724,4.575200951,58.32440243,277.6017,2048.272503,4.233347867,-21.8382044,268.706873,1992.532549,2830.72,277.66,-19.04,9
9.07,9.02,-8.94,250.92,2776.96,28.7284445,164.8242548,1857.678478,4.074092986,-20.39053238,255.1704845,1956.388604,4.382536581,47.64445586,278.949871,2026.092295,4.579707982,58.77690878,277.8645699,2049.526839,4.234721774,-21.83429711,268.6768693,1992.901624,2833.69,277.46,-19.06,9.01
9.08,9.03,-9.08,250.82,2779.04,28.86063031,165.7588882,1863.056057,4.081386043,-20.38066143,255.0217752,1958.249035,4.389712261,47.80602498,279.2917524,2028.095448,4.602243141,59.64640948,279.1891169,2055.804176,4.241591309,-21.82283328,268.5268778,1994.746794,2836.67,277.26,-19.07,9.02
9.09,9.04,-9.21,250.73,2780.69,28.81101562,165.9258098,1864.015393,4.082682586,-20.37716912,254.9953508,1958.579665,4.390987938,44.12059126,279.3527374,2028.451606,4.606249392,60.02536475,279.4280754,2056.922796,4.24281256,-21.81876839,268.5002267,1995.074718,2836.67,277.06,-19.09,9.03
9.1,9.05,-9.34,250.63,2783.21,28.82909732,166.1335605,1865.215509,4.084303266,-20.3752999,254.9623261,1958.992903,4.392582534,44.08949759,279.4187064,2028.897528,4.611257205,59.31979094,279.7247291,2058.323841,4.244339124,-21.81659738,268.4669191,1995.484573,2839.43,276.86,-19.1,9.04
9.11,9.06,-9.46,250.54,2785.08,28.94578286,166.5118632,1867.395565,4.087251867,-20.35993623,254.9022475,1959.744685,4.395482291,40.60564885,279.5465553,2029.707926,4.62033086,59.53926948,280.2629764,2060.862357,4.247116682,-21.79874851,268.4063223,1996.230256,2844.5,276.65,-19.11,9.05
9.12,9.07,-9.59,250.44,2788.04,29.00547824,166.7017802,1868.491177,4.088726168,-20.35655235,254.8722308,1960.120377,4.39693217,38.01343603,279.6054285,2030.113542,4.624867687,58.63222659,280.5330958,2062.13711,4.248505462,-21.79482099,268.3760486,1996.602908,2847.93,276.45,-19.12,9.06
9.13,9.08,-9.72,250.34,2790.45,29.36141715,167.6533235,1873.975625,4.096097672,-20.34662451,254.7221724,1961.998616,4.404181564,20.5694744,279.8810029,2032.141826,4.647551825,50.72011679,281.8631173,2068.517144,4.255449358,-21.78329853,268.2247076,1998.465958,2849.8,276.25,-19.12,9.07
9.14,9.09,-9.84,250.24,2790.45,29.05672923,167.8245626,1874.954044,4.097408161,-20.34311085,254.6955084,1962.33241,4.405470345,38.27650631,279.9075124,2032.502447,4.65158456,60.3991692,282.0676581,2069.655015,4.256683829,-21.77921027,268.1978168,1998.797059,2852.45,276.05,-19.13,9.08
9.15,9.1,-9.96,250.14,2793.09,29.09892211,168.0339909,1876.178037,4.099046273,-20.34123079,254.6621843,1962.749601,4.407081321,35.70498183,279.9978803,2032.953859,4.65662548,59.23810714,282.4181515,2071.07753,4.258226917,-21.77702817,268.1642098,1999.210884,2854.11,275.86,-19.13,9.09
9.16,9.11,-10.08,250.03,2797.81,29.21673183,168.4189022,1878.400746,4.102026547,-20.32577774,254.6015618,1963.508564,4.410012378,31.59234001,280.1025336,2033.774703,4.66571543,59.66044135,282.956623,2073.645093,4.261034376,-21.75908684,268.1030716,1999.963744,2856.43,275.66,-19.13,9.1
9.17,9.12,-10.2,249.93,2799.79,29.27619184,168.612137,1879.517829,4.103516683,-20.3223744,254.5712736,1963.887842,4.411477907,31.01792842,280.1488331,2034.185469,4.670260406,57.92784486,283.2277782,2074.934382,4.262438106,-21.75513924,268.0725278,2000.339981,2858.86,275.47,-19.12,9.11
9.18,9.13,-10.31,249.82,2801.22,29.58733219,169.5802774,1885.109789,4.110967367,-20.31238981,254.4198581,1965.784009,4.418805549,31.24127728,280.3761214,2036.239373,4.692985283,45.56151927,284.5441814,2081.387256,4.269456754,-21.74355849,267.9198361,2002.220952,2860.52,275.27,-19.12,9.12
9.19,9.14,-10.43,249.72,2803.97,29.34822213,169.7542204,1886.10741,4.112291933,-20.30885486,254.392953,1966.120988,4.420108241,26.79875329,280.4168191,2036.604387,4.697025261,58.81601605,284.7282489,2082.538497,4.270704514,-21.7394479,267.8927054,2002.555236,2863.62,275.08,-19.11,9.13
9.2,9.15,-10.54,249.61,2807.04,29.38969617,169.9679219,1887.355432,4.113947641,-20.30696399,254.3593276,1966.542159,4.421736606,26.38803267,280.4543687,2037.061588,4.702075234,58.77863479,285.0989235,2083.976464,4.272264214,-21.73725455,267.8587986,2002.97304,2863.62,274.89,-19.1,9.14
9.21,9.16,-10.65,249.5,2808.25,29.5305702,170.3597442,1889.621447,4.116959879,-20.29142181,254.2981582,1967.30835,4.424695929,22.62932692,280.5324594,2037.891699,4.711171704,58.37005163,285.6336017,2086.570258,4.275101852,-21.71922114,267.7971161,2003.733126,2866.94,274.7,-19.09,9.15
9.22,9.17,-10.76,249.39,2810.67,29.58516418,170.5565944,1890.760331,4.118465999,-20.28799907,254.2675969,1967.691238,4.42617559,22.11097902,280.5659431,2038.307014,4.71571994,58.27472461,285.8990824,2087.872628,4.276520671,-21.71525352,267.7663005,2004.112973,2871.36,274.51,-19.08,9.16
9.23,9.18,-10.87,249.28,2813.64,29.82130345,171.5426649,1896.461504,4.125996595,-20.27795791,254.1148162,1969.60545,4.433573897,23.15097465,280.7295269,2040.383588,4.738461116,59.79218157,287.2243181,2094.390258,4.283614768,-21.70361435,267.6122504,2006.011987,2874.02,274.32,-19.07,9.17
9.24,9.19,-10.98,249.17,2815.52,29.70134648,171.7193655,1897.478672,4.127335368,-20.27440169,254.0876686,1969.945635,4.434889152,17.74900461,280.7599764,2040.752604,4.742503991,56.59691807,287.4660505,2095.551831,4.28487594,-21.69948185,267.5848784,2006.349476,2876.46,274.13,-19.05,9.18
9.25,9.2,-11.08,249.06,2815.52,29.72507056,171.9381102,1898.751047,4.129008834,-20.27250004,254.0537403,1970.370812,4.43653322,17.66979042,280.7819317,2041.214726,4.747557586,57.01506406,287.7391337,2097.005826,4.286452406,-21.69727737,267.5506701,2006.771286,2878.67,273.95,-19.04,9.19
9.26,9.21,-11.19,248.95,2818.38,29.88455364,172.337386,1901.060579,4.13205333,-20.256869,253.9920207,1971.144277,4.439524082,13.64311263,280.8347797,2042.054664,4.756687064,57.38504991,288.2596515,2099.633141,4.289320529,-21.67915213,267.4884396,2007.538654,2880.67,273.76,-19.02,9.2
9.27,9.22,-11.29,248.83,2823.22,29.89231846,172.538095,1902.221379,4.133575578,-20.25342692,253.9611847,1971.530799,4.441019513,12.798081,280.855182,2042.474811,4.761251804,56.83383797,288.5215993,2100.952145,4.29075459,-21.67516458,267.4573504,2007.922137,2883.66,273.57,-19,9.21
9.28,9.23,-11.39,248.72,2825.32,29.71075075,173.5419007,1908.032336,4.141186818,-20.24332939,253.8070311,1973.463172,4.448496668,8.789611558,280.9508752,2044.575424,4.7840755,53.63287968,289.8187575,2107.553384,4.297924895,-21.66346731,267.3019329,2009.839331,2886.54,273.39,-18.99,9.22
9.29,9.24,-11.49,248.6,2828.18,30.11674089,173.7192711,1909.069179,4.142539927,-20.23975195,253.7796396,1973.806584,4.449825941,10.63767779,280.962559,2044.948646,4.788133046,57.22948517,290.0363754,2108.730514,4.299199616,-21.65931277,267.274318,2010.18005,2889.09,273.2,-18.97,9.23
9.3,9.25,-11.59,248.49,2830.83,30.09780227,173.9466383,1910.366012,4.144231313,-20.23783956,253.7454066,1974.235792,4.451487531,9.340712785,280.9832515,2045.416072,4.793204978,56.79257255,290.3452876,2110.201922,4.300793018,-21.65709724,267.2398062,2010.605896,2892.2,273.02,-18.95,9.24
9.31,9.26,-11.68,248.37,2833.25,30.27249645,174.3538599,1912.71951,4.147308358,-20.22211995,253.6831338,1975.016578,4.454509832,5.372575566,281.011482,2046.265449,4.802395256,57.5746186,290.8672271,2112.870691,4.303691902,-21.63888063,267.1770248,2011.380594,2892.2,272.83,-18.93,9.25
9.32,9.27,-11.77,248.25,2836.45,30.32035952,174.5586524,1913.902457,4.14884688,-20.2186586,253.6520217,1975.406755,4.456020983,-209.2768766,281.0196007,2046.690233,4.806990395,55.61164725,291.1317905,2114.210472,4.305141344,-21.63487325,267.1456605,2011.767737,2896.3,272.65,-18.91,9.26
9.33,9.28,-11.87,248.13,2839.76,30.46110064,175.5842342,1919.824364,4.15653949,-20.2085049,253.4964874,1977.357404,4.463576736,-2034.434878,279.4383562,2048.811087,4.82996609,39.65191599,292.4095067,2120.915964,4.312388556,-21.62311823,266.988868,2013.703231,2903.63,272.46,-18.89,9.27
9.34,9.29,-11.96,248.01,2841.97,30.49720488,175.7674062,1920.881032,4.157907065,-20.2049063,253.4688508,1977.704062,4.464919981,178.4557686,276.7056116,2049.190672,4.834050658,59.50699778,292.5714677,2122.112436,4.313676949,-21.61894171,266.9610089,2014.047201,2908.41,272.28,-18.86,9.28
9.35,9.3,-12.05,247.89,2844.61,30.50720585,175.9964653,1922.202676,4.159616534,-20.20298321,253.4343113,1978.137327,4.466599038,-23.3146029,280.6756033,2049.66024,4.839156368,57.02800342,292.9720033,2123.606011,4.31528744,-21.61671517,266.9261921,2014.477109,2912.41,272.09,-18.84,9.29
9.36,9.31,-12.14,247.77,2844.61,30.71288848,176.4120657,1924.60029,4.162726416,-20.18717536,253.3714824,1978.925478,4.469626796,-23.2904234,280.6050124,2050.510058,4.848375464,57.95119391,293.4977499,2126.307368,4.318217366,-21.59840768,266.8628567,2015.259183,2916.74,271.91,-18.82,9.3
9.37,9.32,-12.22,247.64,2847.37,30.76396082,176.6212669,1925.805466,4.164281357,-20.18369481,253.3400926,1979.319334,4.471140675,-23.28511908,280.5697535,2050.934727,4.852985012,57.49204233,293.7648787,2127.663501,4.319682328,-21.59438057,266.8312158,2015.650011,2920.75,271.72,-18.8,9.31
9.38,9.33,-12.31,247.52,2851.35,30.93689202,177.6690122,1931.838764,4.172056061,-20.17348518,253.1831703,1981.288369,4.47871007,-23.26957166,280.3934992,2053.057804,4.876032752,54.68092326,295.0899403,2134.45092,4.327007142,-21.5825681,266.673041,2017.603922,2922.86,271.53,-18.78,9.32
9.39,9.34,-12.39,247.39,2854.33,30.92486214,177.8563251,1932.915391,4.173438231,-20.16986547,253.1552871,1981.638293,4.48005574,-23.2639894,280.362186,2053.435102,4.880130128,58.36469213,295.3139886,2135.66165,4.328309331,-21.57836973,266.6449364,2017.951163,2925.2,271.35,-18.75,9.33
9.4,9.35,-12.47,247.27,2856.87,30.98001292,178.0901248,1934.261871,4.175165943,-20.16793172,253.1204396,1982.07564,4.481737828,-23.2610412,280.3230544,2053.90666,4.885251848,57.67159098,295.63002,2137.173927,4.329937067,-21.57613223,266.6098128,2018.38516,2928.54,271.16,-18.73,9.34
9.41,9.36,-12.56,247.14,2859.09,31.20160127,178.5149273,1936.703879,4.178308951,-20.15203599,253.0570516,1982.8712,4.484796806,-23.23679186,280.2518994,2054.764162,4.894549784,58.13661259,296.1662468,2139.923105,4.332898315,-21.55773433,266.5459205,2019.174658,2931.32,270.97,-18.71,9.35
9.42,9.37,-12.63,247.01,2861.52,31.25603191,178.7288478,1937.931436,4.179880455,-20.14853633,253.0253826,1983.268755,4.486326294,-23.23147206,280.216359,2055.192668,4.899198752,57.80877876,296.4365221,2141.303304,4.334378939,-21.55368761,266.5140016,2019.569194,2931.32,270.79,-18.68,9.36
9.43,9.38,-12.71,246.88,2864.61,31.39630525,179.8003163,1944.076873,4.187737974,-20.138271,252.8670651,1985.256286,4.493973738,-23.21587632,280.0386976,2057.334928,4.922443594,58.47580368,297.780278,2148.21089,4.341782058,-21.54181802,266.3544371,2021.541639,2934.11,270.6,-18.66,9.37
9.44,9.39,-12.79,246.76,2867.16,31.47157609,179.9916544,1945.173575,4.189134866,-20.13463025,252.8389341,1985.609496,4.495333283,-23.21028136,280.0071346,2057.715634,4.92657601,55.92317392,298.0219243,2149.442663,4.343098168,-21.53759789,266.3260857,2021.892174,2939.23,270.41,-18.64,9.38
9.45,9.4,-12.86,246.63,2869.37,31.49576471,180.2315218,1946.545117,4.190880981,-20.13268589,252.803777,1986.050949,4.497032715,-23.20732532,279.9676907,2058.191451,4.93174153,57.14892284,298.3059868,2150.982227,4.344743306,-21.53534949,266.2906536,2022.330285,2944.14,270.23,-18.61,9.39
9.46,9.41,-12.94,246.5,2872.03,31.74011956,180.6660831,1949.031863,4.194057401,-20.11670266,252.7398271,1986.85396,4.500123901,-23.18300141,279.8959525,2059.056883,4.941006463,57.08856783,298.8354677,2153.746444,4.347736155,-21.51686172,266.2262016,2023.127253,2946.37,270.04,-18.59,9.4
9.47,9.42,-13.01,246.36,2872.03,31.79097763,180.8850495,1950.281981,4.19564561,-20.11318398,252.7078776,1987.255236,4.501669495,-23.17766574,279.860121,2059.48935,4.945638929,57.70330284,299.0999286,2155.134072,4.34923258,-21.5127955,266.1940032,2023.52552,2948.38,269.86,-18.57,9.41
9.48,9.43,-13.08,246.23,2875.13,31.8727826,181.9816358,1956.540481,4.203586658,-20.10286322,252.5481578,1989.261368,4.509397461,-23.16202454,279.6810048,2061.651408,4.96880126,61.74405435,300.4364716,2162.078302,4.356714703,-21.50086915,266.0330418,2025.516615,2951.73,269.67,-18.54,9.42
9.49,9.44,-13.15,246.1,2879.56,32.04343032,182.1770862,1957.657443,4.2049984,-20.0992015,252.5197778,1989.617882,4.510771322,-23.15640978,279.6491834,2062.035631,4.972919008,58.95297467,300.690718,2163.3158,4.358044858,-21.49662735,266.0044423,2025.870462,2954.18,269.49,-18.52,9.43
9.5,9.45,-13.22,245.96,2882.55,32.05571779,182.4234571,1959.05423,4.206763077,-20.09724658,252.4843094,1990.063465,4.512488648,-23.15344515,279.6094167,2062.515843,4.978066192,56.99196871,300.9676711,2164.864795,4.359707552,-21.49436813,265.9687003,2026.312715,2957.08,269.31,-18.49,9.44
9.51,9.46,-13.29,245.83,2884.66,32.28071895,182.8682941,1961.58573,4.209973192,-20.08117627,252.4197949,1990.873968,4.515611998,-23.12905028,279.5371004,2063.389161,4.987247428,57.11465124,301.4909278,2167.628484,4.36273228,-21.47579103,265.9036857,2027.117198,2959.76,269.12,-18.47,9.45
9.52,9.47,-13.35,245.69,2887.54,32.41026768,183.0922738,1962.858424,4.211578249,-20.07763866,252.3875635,1991.278987,4.517173673,-23.12369936,279.5009803,2063.825566,4.991838046,57.15781036,301.7531193,2169.015734,4.364244644,-21.47170544,265.8712065,2027.519218,2962,268.93,-18.44,9.46
9.53,9.48,-13.42,245.56,2888.2,33.15751535,184.2166665,1969.229997,4.219603534,-20.06726277,252.2264347,1993.303823,4.524982048,-23.10801412,279.3204218,2066.00731,5.014791136,58.76086362,303.0650677,2175.958082,4.371806464,-21.45972269,265.7088413,2029.529075,2962,268.74,-18.42,9.47
9.54,9.49,-13.48,245.42,2890.98,32.50460028,184.4211672,1970.36709,4.221030251,-20.06358016,252.1978044,1993.66366,4.526370203,-23.10238165,279.2883443,2066.39503,5.018871685,56.92887501,303.3048443,2177.195509,4.373150788,-21.45545935,265.6799925,2029.886256,2964.79,268.56,-18.39,9.48
9.55,9.5,-13.54,245.28,2895.19,32.60231517,184.6663403,1971.789321,4.222813648,-20.06161473,252.1620233,1994.113395,4.528105398,-23.09940847,279.2482576,2066.879612,5.023972371,56.12950484,303.5819918,2178.74334,4.374831192,-21.45318938,265.6439389,2030.332673,2969.26,268.37,-18.37,9.49
9.56,9.51,-13.6,245.15,2895.41,32.87288047,185.1211515,1974.365477,4.226057738,-20.04545779,252.0969416,1994.931431,4.53126116,-23.07494378,279.1753614,2067.760853,5.033070245,55.95491339,304.0926509,2181.505725,4.377888074,-21.43452354,265.578359,2031.144715,2971.84,268.18,-18.34,9.5
9.57,9.52,-13.66,245.01,2898.3,32.88822568,185.3504444,1975.660693,4.227679783,-20.04190135,252.064427,1995.340212,4.532839041,-23.06957788,279.1389519,2068.201215,5.037619182,53.91897353,304.3471863,2182.892146,4.379416515,-21.43041871,265.5455976,2031.550511,2973.29,267.99,-18.31,9.51
9.58,9.53,-13.72,244.87,2898.3,32.75512737,186.4974437,1982.145172,4.235790007,-20.03147064,251.9018827,1997.383852,4.540728446,-23.05384917,278.9569466,2070.402738,5.060363867,34.30330717,305.5735563,2189.829927,4.387058721,-21.41837996,265.3818219,2033.57924,2975.42,267.8,-18.29,9.52
9.59,9.54,-13.77,244.73,2901.85,33.1492584,186.7005295,1983.302621,4.237231825,-20.02776723,251.8730009,1997.74703,4.542131007,-23.04819932,278.9246122,2070.793971,5.064407366,58.49918721,305.7122617,2191.066823,4.388417335,-21.41409519,265.3527226,2033.939773,2977.54,267.61,-18.26,9.53
9.6,9.55,-13.83,244.59,2906.29,33.16973893,186.9602339,1984.749876,4.239034097,-20.02579134,251.8369057,1998.200939,4.543884208,-23.04521785,278.8842045,2071.282944,5.069461741,96.6447367,306.0079385,2192.614117,4.390115603,-21.41181453,265.316356,2034.39038,2979.44,267.42,-18.23,9.54
9.61,9.56,-13.88,244.45,2908.85,33.43828114,187.4251793,1987.370537,4.242312439,-20.00954827,251.7712543,1999.026546,4.547072618,-23.02068464,278.8107269,2072.172141,5.072466692,56.22286541,306.2983513,2193.533153,4.393204913,-21.39306058,265.2502083,2035.210024,2980.9,267.23,-18.2,9.55
9.62,9.57,-13.94,244.3,2911.52,33.46286453,187.6595341,1988.6882,4.24395161,-20.00597312,251.7384552,1999.439108,4.548666822,-23.01530403,278.7740272,2072.616476,5.073969168,56.45296228,306.3828248,2193.993751,4.394749567,-21.38893665,265.2171634,2035.619616,2983.25,267.04,-18.18,9.56
9.63,9.58,-13.99,244.16,2912.85,33.50581773,188.8321695,1995.285127,4.252147467,-19.9954879,251.5744891,2001.501649,4.556637847,-22.9995328,278.5905717,2074.83786,5.081481547,56.69686471,306.8069208,2196.297348,4.402472841,-21.37684233,265.0519708,2037.667324,2986.83,266.85,-18.15,9.57
9.64,9.59,-14.04,244.02,2915.41,33.62836787,189.0409057,1996.462674,4.253604508,-19.99176379,251.5453549,2001.868183,4.558054918,-22.99386576,278.5579797,2075.232622,5.082817081,57.24793872,306.8826414,2196.707168,4.403845868,-21.37253625,265.0226198,2038.031229,2986.83,266.66,-18.12,9.58
9.65,9.6,-14.09,243.88,2917.63,33.70367032,189.3038824,1997.935102,4.255425809,-19.98977752,251.5089441,2002.326288,4.559826256,-22.99087615,278.5172502,2075.726003,5.084486499,56.40269082,306.9772895,2197.219712,4.405562151,-21.37024499,264.9859388,2038.486049,2988.74,266.48,-18.09,9.59
9.66,9.61,-14.14,243.73,2920.52,33.90099276,189.778319,2000.599887,4.258738678,-19.97344884,251.4427206,2003.159504,4.563047525,-22.9662759,278.4431904,2076.623182,5.087519063,56.1576061,307.1483343,2198.150788,4.408684158,-21.35140358,264.9192207,2039.313337,2993.11,266.29,-18.06,9.6
9.67,9.62,-14.18,243.59,2922.3,34.01410734,190.0169261,2001.939793,4.260395112,-19.96985509,251.4096359,2003.575865,4.564658159,-22.96088091,278.4062002,2077.071503,5.089035346,56.76389989,307.2334851,2198.616909,4.410245162,-21.3472607,264.8858911,2039.726746,2995.01,266.11,-18.03,9.61
9.68,9.63,-14.23,243.45,2925.42,34.66489829,191.2139422,2008.648017,4.268677284,-19.95931573,251.2442421,2005.657399,4.572711329,-22.9450681,278.2212923,2079.312812,5.096616757,60.84066375,307.6638356,2200.948145,4.41805018,-21.33511123,264.7192753,2041.793536,2997.37,265.93,-18,9.62
9.69,9.64,-14.28,243.3,2925.42,34.09792999,191.4308166,2009.845259,4.27014967,-19.95557101,251.2148543,2006.027307,4.574143004,-22.93938422,278.1884424,2079.711113,5.097964564,56.873549,307.7458371,2201.362884,4.419437739,-21.33078399,264.6896716,2042.160831,2998.94,265.75,-17.97,9.63
9.7,9.65,-14.32,243.16,2928.54,34.18145587,191.6926828,2011.342897,4.271990153,-19.95357442,251.1781267,2006.489628,4.575932597,-22.93638665,278.1473907,2080.208917,5.099649322,56.43070928,307.8334785,2201.881573,4.421172187,-21.32848222,264.6526748,2042.619887,3001.29,265.57,-17.94,9.64
9.71,9.66,-14.36,243.01,2932.21,34.41767719,192.1756964,2014.051691,4.275337817,-19.9371607,251.1113288,2007.330488,4.579186933,-22.91172086,278.072748,2081.114102,5.102708043,56.35986197,308.0060843,2202.823299,4.424327159,-21.30955404,264.585384,2043.454859,3002.86,265.4,-17.92,9.65
9.72,9.67,-14.4,242.87,2934.55,34.43621616,192.4188722,2015.413767,4.277011649,-19.93354847,251.0779573,2007.750666,4.5808141,-22.90631183,278.0354668,2081.566421,5.104237404,55.74768738,308.0922789,2203.294755,4.425904645,-21.30539237,264.5517685,2043.872106,3004.55,265.22,-17.89,9.66
9.73,9.68,-14.45,242.72,2936.34,34.49720108,193.6354062,2022.233097,4.28538081,-19.92295536,250.9111303,2009.851281,4.588949939,-22.8904584,277.8491047,2083.827716,5.111884208,49.50332813,308.5185705,2205.652694,4.433792076,-21.29318823,264.3837237,2045.958077,3005.56,265.05,-17.86,9.67
9.74,9.69,-14.49,242.58,2938.9,34.55959116,193.8520619,2023.450333,4.286868661,-19.91919015,250.8814879,2010.224579,4.590396311,-22.88475802,277.8159966,2084.229567,5.113243639,57.95330534,308.5858669,2206.072243,4.435194285,-21.28883997,264.3538661,2046.32878,3007.58,264.87,-17.83,9.68
9.75,9.7,-14.53,242.43,2942.24,34.6304759,194.1240801,2024.972586,4.288728474,-19.91718331,250.8444421,2010.691135,4.592204275,-22.88175268,277.7746223,2084.731808,5.114942929,56.56574902,308.697197,2206.596797,4.436947048,-21.28652776,264.3165522,2046.792094,3007.58,264.7,-17.8,9.69
9.76,9.71,-14.56,242.29,2944.81,34.81783608,194.6150945,2027.72502,4.292111199,-19.90068515,250.7770678,2011.539672,4.595491879,-22.85702292,277.6993961,2085.645021,5.118028228,56.46500406,308.8717192,2207.54937,4.440135248,-21.26751357,264.2486864,2047.634788,3010.27,264.53,-17.77,9.7
9.77,9.72,-14.6,242.14,2946.7,34.88323726,194.86193,2029.109069,4.293802561,-19.89705459,250.7434085,2011.963685,4.597135681,-22.85160018,277.6618237,2086.101349,5.119570877,56.6378657,308.9588249,2208.026263,4.441729349,-21.26333326,264.2147839,2048.055892,3013.42,264.35,-17.75,9.71
9.78,9.73,-14.64,241.99,2949.27,35.21160707,196.0984255,2036.038351,4.302259372,-19.88640812,250.5751429,2014.083463,4.605354692,-22.83570714,277.4740062,2088.382684,5.127284124,57.26295028,309.3956868,2210.411391,4.44969985,-21.25107494,264.0453045,2050.161142,3015.33,264.18,-17.72,9.72
9.79,9.74,-14.67,241.84,2951.84,35.00503697,196.3203162,2037.275097,4.303762805,-19.88262255,250.545245,2014.460166,4.606815849,-22.82999062,277.4406396,2088.788095,5.128655368,56.96764393,309.4742082,2210.835751,4.451116828,-21.24670581,264.0151921,2050.535268,3018.59,264,-17.69,9.73
9.8,9.75,-14.71,241.7,2951.84,35.04272205,196.5940599,2038.822134,4.305642096,-19.88060554,250.50788,2014.930975,4.608642296,-22.82697769,277.3989423,2089.294784,5.130369423,56.713125,309.5706196,2211.366398,4.452888051,-21.24438326,263.9775598,2051.002862,3020.61,263.83,-17.67,9.74
9.81,9.76,-14.74,241.55,2954.52,35.19285041,197.0923874,2041.617824,4.30906014,-19.86402358,250.4399273,2015.787222,4.611963361,-22.80218558,277.3231324,2090.216044,5.133484682,56.59457794,309.7472957,2212.330943,4.45610974,-21.22528383,263.909117,2051.853316,3023.76,263.66,-17.64,9.75
9.82,9.77,-14.78,241.4,2959.43,35.26739071,197.3426187,2043.023642,4.310769161,-19.86037483,250.4059792,2016.215084,4.613623893,-22.79674949,277.2852687,2090.676391,5.135042312,57.47862047,309.8354491,2212.813835,4.457720584,-21.22108507,263.8749264,2052.278294,3026.91,263.49,-17.62,9.76
9.83,9.78,-14.81,241.25,2962.78,35.71324219,198.5964248,2050.061858,4.31931427,-19.84967544,250.2362702,2018.354106,4.621926556,-22.78081789,277.0959949,2092.977812,5.142830461,64.51128723,310.2831012,2215.228973,4.465774806,-21.20877308,263.7040071,2054.402914,3028.7,263.32,-17.6,9.77
9.84,9.79,-14.84,241.1,2964.68,35.32942247,198.8221416,2051.317974,4.320833401,-19.84586963,250.2061159,2018.734227,4.623402585,-22.77508559,277.0623698,2093.386791,5.144215021,55.83270459,310.3724209,2215.658649,4.467206667,-21.20438324,263.673639,2054.780482,3031.74,263.14,-17.58,9.78
9.85,9.8,-14.87,240.95,2966.13,35.37891785,199.0979398,2052.889461,4.322732314,-19.84384254,250.1684306,2019.209308,4.625247621,-22.77206529,277.0203494,2093.897939,5.14594572,57.05940314,310.4548542,2216.196011,4.468996494,-21.20205046,263.6356872,2055.252375,3035.68,262.97,-17.55,9.79
9.86,9.81,-14.9,240.81,2968.48,35.52054602,199.6022955,2055.727778,4.32618593,-19.82717747,250.0998976,2020.073294,4.628602331,-22.74721251,276.9439557,2094.827262,5.149092578,57.09377886,310.634412,2217.173123,4.472251926,-21.18286661,263.5666653,2056.110623,3035.68,262.8,-17.53,9.8
9.87,9.82,-14.93,240.66,2971.16,35.55965056,199.8554829,2057.155025,4.327912738,-19.8235107,250.0656599,2020.50502,4.630279686,-22.74176344,276.9058006,2095.291635,5.150666007,56.36781213,310.724245,2217.662315,4.473879641,-21.17864958,263.5321857,2056.539494,3040.52,262.63,-17.52,9.81
9.88,9.83,-14.96,240.51,2973.96,35.77735333,201.1228135,2064.300504,4.336546778,-19.81275884,249.8945029,2022.663359,4.63866646,-22.72579437,276.7150706,2097.613183,5.158533152,49.68792668,311.1676988,2220.108984,4.48201822,-21.16628447,263.3598215,2058.683571,3046.61,262.45,-17.5,9.82
9.89,9.84,-14.99,240.36,2976.42,35.636817,201.3494961,2065.575767,4.338081718,-19.80893294,249.8640915,2023.046911,4.640157442,-22.72004666,276.6811868,2098.025737,5.159931755,57.62553278,311.2371925,2220.544347,4.483465078,-21.1618741,263.3291969,2059.064595,3049.54,262.28,-17.48,9.83
9.9,9.85,-15.02,240.2,2978.32,35.6617069,201.6304131,2067.171181,4.340000394,-19.80689585,249.8260848,2023.52628,4.64202117,-22.7170192,276.6388433,2098.541352,5.161680009,57.28885933,311.352084,2221.088631,4.485273652,-21.15953118,263.2909244,2059.540808,3053.82,262.11,-17.46,9.84
9.91,9.86,-15.05,240.05,2978.32,35.7718727,202.1398159,2070.051343,4.343489829,-19.79014842,249.7569699,2024.398032,4.645409698,-22.69210751,276.5618661,2099.478751,5.164855717,56.87693195,311.5340167,2222.077551,4.488563075,-21.14026379,263.2213218,2060.406883,3057.77,261.93,-17.45,9.85
9.92,9.87,-15.08,239.9,2981.35,35.7916909,202.3953042,2071.49961,4.345234546,-19.78646378,249.7224417,2024.833636,4.647103962,-22.68664585,276.5234196,2099.947157,5.166443571,56.9125385,311.6243289,2222.572661,4.490207787,-21.13602868,263.1865521,2060.839664,3061.5,261.76,-17.44,9.86
9.93,9.88,-15.1,239.75,2985.27,35.89703756,203.6734531,2078.75024,4.353958134,-19.77565994,249.5498328,2027.01136,4.655575282,-22.67064042,276.3312338,2102.288862,5.174382839,57.40990884,312.0761728,2225.048897,4.498431347,-21.12361102,263.0127387,2063.00328,3064.88,261.59,-17.42,9.87
9.94,9.89,-15.13,239.6,2986.95,35.85053102,203.9013484,2080.044206,4.355508994,-19.77181411,249.5191635,2027.398355,4.657081294,-22.66487772,276.2970915,2102.704997,5.175794265,56.49927295,312.1572027,2225.489453,4.499893314,-21.1191803,262.9818567,2063.387775,3068.38,261.42,-17.41,9.88
9.95,9.9,-15.15,239.45,2991.65,35.87039924,204.1853982,2081.663144,4.357447569,-19.76976711,249.4808346,2027.882027,4.65896381,-22.6618433,276.2544251,2103.225087,5.177558547,56.75581305,312.2558292,2226.04042,4.501720771,-21.11682736,262.9432626,2063.868325,3072.23,261.24,-17.4,9.89
9.96,9.91,-15.18,239.29,2992.44,35.94416715,204.6985833,2084.584363,4.360973063,-19.75293811,249.4111364,2028.76157,4.66238632,-22.63687452,276.1768647,2104.17057,5.180766062,56.25444928,312.4378744,2227.042144,4.505044432,-21.09747734,262.8730775,2064.74226,3074.6,261.07,-17.39,9.9
9.97,9.92,-15.2,239.14,2995.24,35.96652661,204.9557035,2086.053232,4.36273581,-19.74923577,249.376317,2029.201065,4.664097575,-22.63140066,276.1381272,2104.643014,5.182369819,58.04108758,312.5280929,2227.543663,4.506706262,-21.09322435,262.838017,2065.178964,3074.6,260.9,-17.39,9.91
9.98,9.93,-15.23,238.99,2997.48,36.09574233,206.2421044,2093.40689,4.371549545,-19.73838048,249.2022525,2031.398235,4.672653849,-22.61536004,275.9444867,2107.0049,5.190388607,71.8238161,312.993512,2230.051943,4.515015413,-21.08075476,262.6627503,2067.362198,3078.67,260.73,-17.38,9.92
9.99,9.94,-15.25,238.84,2999.84,36.01118774,206.4716195,2094.719141,4.373116431,-19.73451488,249.1713247,2031.788685,4.674174965,-22.60958276,275.9100861,2107.42462,5.191814169,55.66442833,313.0959013,2230.498125,4.516492595,-21.07630389,262.6316101,2067.750177,3084.55,260.55,-17.37,9.93
10,9.95,-15.27,238.68,3002.64,36.01154643,206.7569477,2096.361152,4.375075039,-19.73245807,249.1326728,2032.276673,4.676076359,-22.60654161,275.8670969,2107.949189,5.193596122,56.7776326,313.1656882,2231.056336,4.518339073,-21.07394103,262.5926935,2068.235082,3088.17,260.38,-17.37,9.94
10.01,9.96,-15.29,238.53,3004.77,36.05175707,207.2727301,2099.32248,4.378636823,-19.71554832,249.06239,2033.16403,4.679533003,-22.58151764,275.7889542,2108.902763,5.196834893,56.98796757,313.3495779,2232.070769,4.521697208,-21.05450936,262.5219244,2069.116904,3090.21,260.21,-17.37,9.95
10.02,9.97,-15.31,238.38,3004.77,36.00970526,207.5309093,2100.811455,4.380417715,-19.71182848,249.0272788,2033.607426,4.681261325,-22.57603198,275.749926,2109.379247,5.198454279,55.46871056,313.4418634,2232.578656,4.523376275,-21.05023871,262.4865725,2069.557547,3092.25,260.04,-17.36,9.96
10.03,9.98,-15.33,238.22,3007.8,35.64709264,208.8202996,2108.265637,4.389322175,-19.7009223,248.8517556,2035.824099,4.689902936,-22.55995739,275.5548327,2111.761328,5.206551207,44.77837387,313.8909896,2235.118854,4.531771611,-21.03771781,262.3098486,2071.760469,3093.72,259.87,-17.36,9.97
10.04,9.99,-15.35,238.07,3012.52,36.11484767,209.0472163,2109.595771,4.390905191,-19.6970371,248.8205687,2036.218013,4.691439222,-22.55416596,275.5201742,2112.184635,5.207990661,56.5613802,313.955446,2235.570914,4.533264115,-21.033247,262.2784498,2072.151946,3096.89,259.7,-17.36,9.98
10.05,10,-15.37,237.91,3013.75,36.06732428,209.3381691,2111.260192,4.39288396,-19.69497059,248.7815931,2036.71033,4.69335958,-22.55111832,275.4768626,2112.713687,5.209789978,56.23680758,314.08025,2236.135928,4.535129745,-21.03087436,262.2392098,2072.641221,3100.18,259.53,-17.37,9.99
10.06,10.01,-15.39,237.76,3016.34,36.06921428,209.8551441,2114.260774,4.396482257,-19.67798099,248.7107247,2037.60552,4.696850499,-22.5260411,275.3981385,2113.675355,5.213063435,55.4511237,314.2643387,2237.164219,4.538522584,-21.01136205,262.1678555,2073.530957,3101.2,259.36,-17.37,10
10.07,10.02,-15.41,237.6,3018.81,36.02813057,210.1136451,2115.769402,4.398281406,-19.67424384,248.6753211,2038.052828,4.698595958,-22.52054409,275.3588202,2114.155879,5.214700163,56.72312961,314.3550971,2237.679043,4.540219004,-21.00707397,262.1322114,2073.975552,3103.92,259.19,-17.37,10.01
10.08,10.03,-15.43,237.45,3021.06,35.73713196,211.404678,2123.321807,4.40727715,-19.66328734,248.4983367,2040.289053,4.707323256,-22.50443678,275.1622767,2116.558161,5.222883803,65.98357016,314.8192988,2240.253841,4.548701101,-20.99450243,261.9540273,2076.198228,3103.92,259.01,-17.38,10.02
10.09,10.04,-15.45,237.29,3023.42,36.06704484,211.6323412,2124.669339,4.408876394,-19.65938274,248.4668903,2040.686439,4.708874775,-22.49863164,275.1273607,2116.985056,5.224338673,54.70464388,314.9152963,2240.711846,4.550209029,-20.9900119,261.9223691,2076.593214,3107.55,258.84,-17.39,10.03
10.1,10.05,-15.46,237.14,3026.46,36.60116546,211.9195472,2126.355781,4.410875448,-19.65730664,248.4275904,2041.183095,4.710814175,-22.49557776,275.0837273,2117.518592,5.22615726,56.01626823,314.9947006,2241.28488,4.55209394,-20.98762959,261.8828052,2077.086874,3111.97,258.67,-17.39,10.04
10.11,10.06,-15.48,236.98,3028.93,36.02997603,212.0944983,2127.368693,4.414510473,-19.64023812,248.3561356,2042.086136,4.714339497,-22.47044933,275.0044232,2118.488351,5.229464552,56.06842454,315.1799628,2242.326826,4.555521706,-20.96803773,261.8108645,2077.984547,3116.62,258.49,-17.4,10.05
10.12,10.07,-15.49,236.83,3031.07,36.02796594,212.1806088,2127.876108,4.416327985,-19.63648387,248.3204392,2042.537364,4.716102158,-22.4649414,274.9648154,2118.972916,5.231118199,55.65356171,315.2726802,2242.848488,4.557235589,-20.96373245,261.7749277,2078.433106,3119.01,258.32,-17.41,10.06
10.12,10.07,-15.49,236.83,3031.07,36.05690045,212.6111369,2130.414211,4.425415547,-19.62547768,248.1419915,2044.793181,4.724915463,-22.44880266,274.766825,2121.395393,5.239386431,51.37040211,315.7328367,2245.457571,4.565805005,-20.95111099,261.5952808,2080.675595,3121.17,258.15,-17.42,10.07
10.13,10.08,-15.51,236.67,3031.07,35.99804638,212.6877367,2130.865967,4.427031114,-19.62155388,248.1102852,2045.194048,4.726482273,-22.44298429,274.731652,2121.825876,5.240856339,57.26244763,315.8083465,2245.921831,4.567328456,-20.94660096,261.5633628,2081.074101,3124.12,257.97,-17.44,10.08
10.14,10.09,-15.52,236.51,3034.89,36.00365891,212.7832023,2131.430894,4.429050572,-19.61946831,248.0706606,2045.695053,4.728440786,-22.43992441,274.6876977,2122.363894,5.242693724,56.05912373,315.9227083,2246.502274,4.569232771,-20.94420913,261.5234742,2081.572159,3127.3,257.8,-17.45,10.09
10.15,10.1,-15.54,236.36,3039.29,35.98364644,212.957185,2132.459143,4.432722528,-19.60232188,247.9986188,2046.605958,4.732000626,-22.41474688,274.6078151,2123.341738,5.246034912,56.68820044,316.1100124,2247.558,4.572695679,-20.92453884,261.4509463,2082.477791,3129.92,257.62,-17.46,10.1
10.16,10.11,-15.55,236.2,3040.3,35.97935134,213.044128,2132.974213,4.434558506,-19.59855076,247.9626293,2047.061112,4.733780546,-22.40922849,274.5679187,2123.830341,5.247705506,55.27213081,316.2047154,2248.086567,4.574427133,-20.92021662,261.4147164,2082.930324,3132.53,257.45,-17.48,10.11
10.17,10.12,-15.56,236.04,3044.47,35.96707225,213.478791,2135.550612,4.443738395,-19.58749553,247.7827168,2049.336557,4.742680147,-22.39305966,274.3684855,2126.272999,5.256058477,46.09598758,316.6664019,2250.730246,4.583084404,-20.90754596,261.2336045,2085.192679,3135.03,257.27,-17.5,10.12
10.18,10.13,-15.57,235.89,3045.59,35.96059701,213.5560381,2136.009184,4.445370375,-19.58355274,247.7507504,2049.740909,4.744262298,-22.38722854,274.3330563,2126.707066,5.257543449,56.63400276,316.7348531,2251.200769,4.584623474,-20.9030167,261.2014263,2085.594713,3135.03,257.09,-17.51,10.13
10.19,10.14,-15.58,235.73,3047.74,35.95995035,213.6525788,2136.582644,4.447410351,-19.58145782,247.7108008,2050.246271,4.746239987,-22.38416293,274.2887819,2127.249564,5.259399665,55.55381536,316.8599622,2251.788741,4.586547312,-20.90061548,261.1612126,2086.097181,3138.56,256.92,-17.53,10.14
10.2,10.15,-15.59,235.57,3050.1,35.94016885,213.8281881,2137.626014,4.45111943,-19.56423454,247.6381716,2051.16505,4.749834446,-22.35893847,274.2083229,2128.235484,5.262772278,55.11915278,317.0473238,2252.857558,4.590045568,-20.88086795,261.0880969,2087.010789,3141.75,256.74,-17.55,10.15
10.21,10.16,-15.6,235.42,3052.47,35.9338345,213.9159445,2138.148663,4.45297397,-19.56044677,247.6018889,2051.624136,4.751631676,-22.35341009,274.1681387,2128.728118,5.264458585,56.85060473,317.1402716,2253.392678,4.591794696,-20.87652904,261.0515736,2087.467306,3143.68,256.57,-17.57,10.16
10.22,10.17,-15.61,235.26,3055.97,35.93182226,214.3546489,2140.762979,4.462246668,-19.54934319,247.4205108,2053.919234,4.760617825,-22.33721257,273.9672677,2131.190933,5.272890119,72.35913227,317.6196094,2256.069021,4.600540336,-20.86380997,260.868995,2089.749572,3146.3,256.39,-17.59,10.17
10.23,10.18,-15.62,235.1,3057.43,35.90275124,214.4326364,2141.228303,4.463895148,-19.54538165,247.3882841,2054.327077,4.762215363,-22.33136921,273.9315831,2131.62858,5.274389058,52.95271199,317.7280713,2256.545109,4.602095116,-20.85926173,260.8365564,2090.155142,3149.03,256.22,-17.62,10.18
10.24,10.19,-15.63,234.94,3057.43,35.90408936,214.5299958,2141.810207,4.465955747,-19.54327752,247.3480092,2054.836801,4.764212285,-22.32829813,273.8869897,2132.175552,5.276262732,54.81011357,317.7919518,2257.140707,4.604038592,-20.85685128,260.7960173,2090.662029,3151.2,256.04,-17.64,10.19
10.25,10.2,-15.64,234.79,3060.82,35.88326409,214.7065028,2142.864855,4.469702131,-19.5259785,247.2747926,2055.763461,4.767841451,-22.30302899,273.8059566,2133.169533,5.279670753,54.93048441,317.9787458,2258.223922,4.607572391,-20.83702776,260.7223133,2091.58363,3153.36,255.87,-17.66,10.2
10.26,10.21,-15.64,234.63,3063.75,35.87894652,214.7947051,2143.393155,4.471575323,-19.52217434,247.2382167,2056.226483,4.769656034,-22.29749113,273.7654859,2133.666193,5.281374764,53.24357588,318.0723479,2258.766246,4.609339291,-20.83267245,260.6854964,2092.044138,3155.41,255.7,-17.69,10.21
10.27,10.22,-15.65,234.47,3066.46,35.91233889,215.2356636,2146.035737,4.480941283,-19.51102315,247.0553728,2058.541251,4.778728948,-22.28126634,273.5631826,2136.149127,5.289894815,39.97366401,318.5259859,2261.478672,4.618173789,-20.81990578,260.5014502,2094.346351,3158.72,255.52,-17.72,10.22
10.28,10.23,-15.65,234.31,3068.72,35.83325524,215.3141292,2146.506093,4.482606342,-19.50704309,247.0228858,2058.952588,4.780341911,-22.27541126,273.5272438,2136.590348,5.291409491,55.61138951,318.5865331,2261.961383,4.619744366,-20.81533883,260.4687509,2094.755465,3160.43,255.35,-17.74,10.23
10.29,10.24,-15.66,234.16,3071.55,35.83487042,215.4118109,2147.094289,4.484687667,-19.5049299,246.9822856,2059.466677,4.782358114,-22.272335,273.4823326,2137.141785,5.293302836,54.43232142,318.7219161,2262.564715,4.621707588,-20.8129193,260.4278861,2095.26678,3160.43,255.17,-17.77,10.24
10.3,10.25,-15.66,234,3073.81,35.79756241,215.5891305,2148.160203,4.488471523,-19.48755632,246.9084818,2060.401223,4.786022058,-22.24702351,273.400728,2138.143809,5.296745492,54.41849439,318.9093079,2263.662141,4.625277116,-20.79302111,260.3535938,2096.196385,3163.17,255,-17.8,10.25
10.31,10.26,-15.67,233.84,3076.18,35.80304109,215.677698,2148.694147,4.490363452,-19.48373602,246.8716127,2060.868182,4.787854029,-22.24147665,273.3599721,2138.644485,5.29846682,53.8088692,319.00298,2264.211579,4.62706188,-20.78864969,260.3164832,2096.660889,3167.39,254.82,-17.83,10.26
10.32,10.27,-15.67,233.68,3077.76,35.89266479,216.1206034,2151.364956,4.499823094,-19.47253799,246.6873035,2063.202628,4.797013889,-22.22522608,273.1562433,2141.147492,5.307073461,49.77477055,319.4660935,2266.959578,4.6359857,-20.77583627,260.130969,2098.983079,3169.56,254.65,-17.86,10.27
10.33,10.28,-15.67,233.53,3079.69,35.75078382,216.1995393,2151.840332,4.501504808,-19.46853967,246.6545563,2063.61746,4.798642308,-22.21935982,273.1200513,2141.592278,5.30860353,54.07478748,319.5422524,2267.448558,4.637572157,-20.7712509,260.0980091,2099.395742,3171.27,254.47,-17.89,10.28
10.34,10.29,-15.68,233.37,3082.63,35.75326703,216.297441,2152.434819,4.503606951,-19.46641756,246.613631,2064.135917,4.800677833,-22.21627866,273.0748238,2142.14817,5.310516117,54.03572277,319.6549478,2268.059888,4.639555229,-20.76882246,260.0568186,2099.911491,3173.78,254.3,-17.93,10.29
10.35,10.3,-15.68,233.21,3082.63,35.71955345,216.4752782,2153.510689,4.507428436,-19.44897067,246.5392403,2065.078347,4.804376611,-22.19092722,272.9926507,2143.158213,5.313992689,54.2229914,319.8428069,2269.17137,4.643160659,-20.74885098,259.981938,2100.849108,3176.07,254.12,-17.96,10.3
10.36,10.31,-15.68,233.05,3085.34,35.71212441,216.564113,2154.04962,4.509339178,-19.44513452,246.5020784,2065.549242,4.806226,-22.1853719,272.9516111,2143.662893,5.315730976,52.92085622,319.937062,2269.727845,4.644963375,-20.74446374,259.9445338,2101.317612,3178.46,253.95,-17.99,10.31
10.37,10.32,-15.68,232.89,3089.64,35.72734139,217.0081945,2156.745369,4.51889289,-19.43389045,246.3163052,2067.903366,4.815472945,-22.16909707,272.7464642,2146.185914,5.324422407,43.00926622,320.39702,2272.511061,4.653976952,-20.73160447,259.7575519,2103.659801,3180.52,253.77,-18.03,10.32
10.38,10.33,-15.68,232.74,3092.36,35.66320406,217.087176,2157.225185,4.520591328,-19.42987415,246.2832979,2068.321693,4.817116846,-22.16322019,272.7100204,2146.634256,5.32596755,54.33199308,320.4634754,2273.006361,4.655579365,-20.727001,259.7243313,2104.076015,3183.04,253.6,-18.06,10.33
10.39,10.34,-15.68,232.58,3094.17,35.65811873,217.1855716,2157.825219,4.522714375,-19.42774328,246.2420477,2068.844517,4.819171723,-22.16013443,272.6644783,2147.19459,5.32789898,53.81225271,320.5913751,2273.625448,4.657582383,-20.72456382,259.6828152,2104.596203,3184.64,253.42,-18.1,10.34
10.4,10.35,-15.68,232.42,3096.89,35.60623861,217.3647864,2158.916781,4.526573628,-19.4102244,246.1670711,2069.794827,4.822905376,-22.13474551,272.58174,2148.212624,5.331408699,53.78471803,320.780241,2274.750814,4.661223878,-20.70452049,259.6073468,2105.541836,3184.64,253.25,-18.13,10.35
10.41,10.36,-15.68,232.26,3099.27,35.60637696,217.4542635,2159.463575,4.528503255,-19.40637268,246.1296166,2070.269657,4.824772202,-22.12918226,272.5404183,2148.721294,5.333163559,53.46403951,320.8746256,2275.314243,4.663044626,-20.70011776,259.5696491,2106.014344,3187.27,253.07,-18.17,10.36
10.42,10.37,-15.67,232.11,3100.86,35.66296806,217.9016505,2162.198659,4.538151388,-19.39508343,245.9423814,2072.643446,4.834106334,-22.11288474,272.3338616,2151.26426,5.341937857,51.65548644,321.343735,2278.132214,4.672148364,-20.68721357,259.3812006,2108.376542,3188.98,252.89,-18.2,10.37
10.43,10.38,-15.67,231.95,3104.71,35.54824713,217.9813124,2162.685472,4.539866612,-19.39104944,245.9091145,2073.065266,4.835765735,-22.10699782,272.2971674,2151.716143,5.343497732,53.61098106,321.4243112,2278.633631,4.673766807,-20.68259231,259.3477195,2108.79631,3192.07,252.71,-18.24,10.38
10.44,10.39,-15.67,231.79,3106.75,35.54591913,218.0802644,2163.294273,4.542010642,-19.38890997,245.8675398,2073.592455,4.837839986,-22.10390777,272.2513126,2152.280904,5.345447576,53.35089464,321.5328407,2279.260552,4.67578986,-20.68014657,259.3058779,2109.320939,3193.67,252.53,-18.28,10.39
10.45,10.4,-15.67,231.64,3108.45,35.49137061,218.2602217,2164.398346,4.545907789,-19.37132048,245.7919784,2074.550637,4.841608537,-22.07848391,272.1680128,2153.306897,5.348988967,52.39430447,321.7217771,2280.399408,4.679467568,-20.66003292,259.2298224,2110.27459,3196.08,252.35,-18.31,10.4
10.46,10.41,-15.66,231.48,3108.45,35.47911078,218.3500622,2164.951407,4.547856363,-19.36745349,245.7542319,2075.029396,4.843492813,-22.07291329,272.1264109,2153.81954,5.350759662,52.44442554,321.8145515,2280.969589,4.681306423,-20.65561503,259.1918316,2110.751101,3198.02,252.17,-18.35,10.41
10.47,10.42,-15.66,231.32,3111.18,35.45220349,218.7991098,2167.717839,4.557599231,-19.35611996,245.5655374,2077.422829,4.852914191,-22.05659468,271.9184536,2156.382368,5.359613139,54.90973723,322.278867,2283.821225,4.690500695,-20.64266691,259.0019182,2113.13331,3199.74,251.98,-18.39,10.42
10.48,10.43,-15.65,231.17,3115.15,35.42906901,218.8788799,2168.210232,4.559331297,-19.35206859,245.5320113,2077.848138,4.854589103,-22.05069832,271.8815108,2156.83778,5.361187091,50.90465638,322.3652922,2284.328501,4.692135233,-20.6380282,258.968177,2113.556633,3202.26,251.8,-18.42,10.43
10.49,10.44,-15.65,231.01,3117.65,35.4162032,218.9784816,2168.82601,4.561496379,-19.3499207,245.4901128,2078.379686,4.856682742,-22.04760429,271.8353452,2157.406949,5.36315453,50.60419126,322.4573226,2284.963087,4.694178404,-20.63557409,258.9260104,2114.085703,3203.75,251.61,-18.46,10.44
10.5,10.45,-15.64,230.85,3121.05,35.35352869,219.1593741,2169.944473,4.56543153,-19.33226204,245.413968,2079.345727,4.8604862,-22.02214811,271.751488,2158.440863,5.366727863,48.50899645,322.6381482,2286.11552,4.697892462,-20.61539169,258.8493687,2115.047369,3205.92,251.43,-18.5,10.45
10.51,10.46,-15.63,230.69,3123.55,35.35137622,219.2496603,2170.504744,4.567399105,-19.32838011,245.3759303,2079.82841,4.862387928,-22.01657068,271.7096079,2158.957461,5.36851453,47.488427,322.7248176,2286.692463,4.699749491,-20.61095899,258.8110853,2115.527882,3205.92,251.24,-18.53,10.46
10.52,10.47,-15.63,230.54,3125.6,35.40418491,219.7010638,2173.307238,4.577236982,-19.31700323,245.1857801,2082.241454,4.871896572,-22.00023264,271.5002602,2161.540057,5.377447862,44.89085386,323.1490475,2289.577751,4.709034635,-20.59796796,258.6197096,2117.930092,3210.28,251.05,-18.57,10.47
10.53,10.48,-15.62,230.38,3127.98,35.28115607,219.7814331,2173.806048,4.578985938,-19.3129348,245.1519955,2082.670246,4.873586997,-21.99432746,271.4630704,2161.998979,5.37903601,44.62326489,323.2203408,2290.090901,4.710685327,-20.59331216,258.5857087,2118.356968,3216.13,250.86,-18.61,10.48
10.54,10.49,-15.61,230.23,3129.8,35.27867299,219.8812234,2174.429859,4.581172133,-19.31077867,245.109774,2083.206147,4.875700029,-21.99122977,271.4165963,2162.572536,5.381021195,44.10384966,323.3101078,2290.733044,4.712748692,-20.59084988,258.5432176,2118.890478,3218.65,250.67,-18.64,10.49
10.55,10.5,-15.6,230.07,3131.96,35.210934,220.0630716,2175.563267,4.58514538,-19.29305237,245.0330475,2084.180028,4.879538383,-21.96574394,271.3321862,2163.614329,5.384625635,40.32816485,323.4690775,2291.898583,4.716499219,-20.5706004,258.465991,2119.860151,3223.47,250.48,-18.68,10.5
10.56,10.51,-15.59,229.91,3134.81,35.19503054,220.1538211,2176.131026,4.587132003,-19.28915584,244.9947195,2084.666626,4.88145756,-21.96016028,271.29003,2164.134861,5.386427855,39.05195091,323.5417577,2292.481998,4.718374482,-20.56615325,258.4274157,2120.344662,3226.57,250.29,-18.71,10.51
10.57,10.52,-15.58,229.75,3134.81,35.18425499,220.6073639,2178.970976,4.597065121,-19.2777366,244.803118,2087.099237,4.891053445,-21.9438045,271.0793029,2166.737119,5.395438956,34.96883146,323.8936588,2295.399352,4.727750799,-20.55312038,258.234581,2122.766856,3229.78,250.1,-18.74,10.52
10.58,10.53,-15.58,229.6,3137.31,35.10423855,220.687969,2179.476454,4.598831008,-19.27365146,244.7690757,2087.531504,4.89275938,-21.93789112,271.0418682,2167.199534,5.39704093,35.73512076,323.9496779,2295.917951,4.7294177,-20.54844787,258.2003209,2123.197282,3233.12,249.91,-18.78,10.53
10.59,10.54,-15.57,229.44,3141.29,35.11541575,220.7883746,2180.108602,4.601038367,-19.27148728,244.7265322,2088.071747,4.894891799,-21.93479012,270.995088,2167.777454,5.399043397,34.7115363,324.0244925,2296.567429,4.731501326,-20.54597763,258.1575061,2123.735226,3237.02,249.72,-18.81,10.54
10.6,10.55,-15.55,229.28,3143.57,35.03969569,220.9709013,2181.256243,4.605049785,-19.25369494,244.6492262,2089.053447,4.898765024,-21.90927738,270.9101296,2168.827079,5.402670743,29.60857661,324.1504033,2297.742968,4.735288428,-20.5256628,258.0796964,2124.712895,3240.93,249.52,-18.84,10.55
10.61,10.56,-15.54,229.12,3146.64,35.01684724,221.0619678,2181.831131,4.607055494,-19.24978415,244.6106089,2089.543948,4.900701637,-21.90368808,270.8676998,2169.351521,5.404484416,29.63971858,324.2041036,2298.331252,4.737181978,-20.52120159,258.04083,2125.201398,3243.92,249.33,-18.87,10.56
10.62,10.57,-15.53,228.97,3148.58,34.9320467,221.5170036,2184.70674,4.617084037,-19.23832358,244.4175616,2091.99607,4.910384699,-21.88731628,270.6556051,2171.973325,5.413552783,36.14437943,324.4728874,2301.272643,4.746649731,-20.50812799,257.8465403,2127.643546,3243.92,249.14,-18.9,10.57
10.63,10.58,-15.52,228.81,3150.74,34.95438348,221.5977029,2185.218562,4.61886689,-19.23422208,244.3832625,2092.431802,4.912106132,-21.88139536,270.6179275,2172.439211,5.415164937,23.08060358,324.5311577,2301.795202,4.748332887,-20.50343915,257.8120219,2128.077515,3247.72,248.94,-18.93,10.58
10.64,10.59,-15.51,228.66,3152.22,34.93490748,221.6987413,2185.858649,4.621095455,-19.23205005,244.3403982,2092.976374,4.914257924,-21.87829137,270.5708439,2173.021469,5.417180129,23.54020042,324.5538983,2302.450235,4.750436833,-20.50096117,257.7688843,2128.619888,3252.55,248.75,-18.96,10.59
10.65,10.6,-15.5,228.5,3154.73,34.84053801,221.8822817,2187.02341,4.625145099,-19.21419334,244.2625152,2093.965866,4.918165978,-21.85275451,270.4853424,2174.078875,5.420836537,18.0721418,324.6399709,2303.637129,4.754260597,-20.48058281,257.6904934,2129.605536,3256.01,248.56,-18.99,10.6
10.66,10.61,-15.48,228.34,3156.55,34.83671106,221.973804,2187.606876,4.627169922,-19.21026866,244.2236099,2094.460257,4.920120004,-21.84716018,270.4426415,2174.607201,5.422664742,16.51049501,324.6730105,2304.23093,4.75617248,-20.47610792,257.6513369,2130.098023,3259.92,248.37,-19.02,10.61
10.67,10.62,-15.47,228.19,3159.52,34.88876472,222.4313652,2190.525385,4.637294033,-19.19876784,244.029123,2096.931821,4.929890138,-21.83077413,270.2291918,2177.248421,5.431805763,7.482593917,324.8239333,2307.199679,4.765731891,-20.46299477,257.4555974,2132.560083,3262.34,248.17,-19.05,10.62
10.68,10.63,-15.46,228.03,3159.52,34.748752,222.512831,2191.044837,4.639093875,-19.19465036,243.9945683,2097.371006,4.931627051,-21.82484633,270.1912737,2177.717756,5.433430833,13.93375479,324.836093,2307.727028,4.767431342,-20.45829001,257.4208215,2132.99759,3264.88,247.98,-19.07,10.63
10.69,10.64,-15.44,227.88,3161.57,34.73731459,222.6138618,2191.694486,4.641343677,-19.1924707,243.9513845,2097.919893,4.933798192,-21.82173971,270.1438895,2178.304323,5.435462171,12.38751345,324.8784363,2308.387979,4.769555656,-20.45580452,257.3773621,2133.544382,3266.84,247.79,-19.1,10.64
10.7,10.65,-15.43,227.72,3165.56,34.64465141,222.7981073,2192.875226,4.645431586,-19.17455136,243.8729274,2098.917144,4.937741016,-21.79618157,270.0578502,2179.369453,5.439145331,7.347556571,324.9240615,2309.584752,4.773416156,-20.4353645,257.2983925,2134.537988,3270.65,247.6,-19.12,10.65
10.71,10.66,-15.42,227.57,3168.64,34.62409084,222.8899843,2193.466695,4.64747554,-19.17061318,243.8337355,2099.415409,4.939712428,-21.79058282,270.014881,2179.901636,5.440986911,6.516270859,324.9375926,2310.183328,4.775346406,-20.43087636,257.2589471,2135.034447,3272.72,247.4,-19.15,10.66
10.72,10.67,-15.4,227.41,3170.93,34.60202255,223.3490966,2196.425241,4.657695311,-19.15907322,243.6378162,2101.906334,4.949569487,-21.7741843,269.8000899,2182.562131,5.450194811,3.58677427,324.9975938,2313.175811,4.784997657,-20.41772485,257.0617636,2137.516367,3274.34,247.21,-19.17,10.67
10.73,10.68,-15.39,227.26,3172.41,34.5110409,223.4306646,2196.951821,4.65951216,-19.15494016,243.6030071,2102.348958,4.951321853,-21.7682503,269.7619336,2183.03489,5.451831771,2.77288753,325.0034652,2313.707294,4.786713435,-20.41300462,257.0267314,2137.957401,3274.34,247.02,-19.2,10.68
10.74,10.69,-15.37,227.1,3175.04,34.52013052,223.5322157,2197.610377,4.66178322,-19.15275309,243.5595055,2102.902142,4.953512311,-21.76514139,269.7142518,2183.625735,5.453877971,2.087783016,325.0088253,2314.37334,4.788858157,-20.41051184,256.9829516,2138.508601,3278.38,246.83,-19.22,10.69
10.75,10.7,-15.36,226.95,3177.44,34.42107824,223.7172457,2198.808527,4.66590941,-19.13477294,243.4804776,2103.907115,4.957489831,-21.73956485,269.6276805,2184.698529,5.457585606,-72.83715212,325.016566,2315.578551,4.792755447,-20.39001214,256.9034059,2139.510138,3282.19,246.63,-19.24,10.7
10.76,10.71,-15.34,226.8,3178.92,34.3856214,223.8094952,2199.408718,4.667972504,-19.13082165,243.4410007,2104.409234,4.959478591,-21.73396232,269.5844457,2185.234538,5.459439424,29.16851123,324.8815392,2316.180967,4.794704092,-20.38551117,256.863673,2140.010558,3285.31,246.44,-19.26,10.71
10.77,10.72,-15.33,226.64,3181.44,34.2430991,224.2702677,2202.410887,4.678287979,-19.11924373,243.2436572,2106.919427,4.969422391,-21.71755314,269.3683275,2187.914159,5.468708511,711.2374802,325.1519047,2319.185432,4.804447318,-20.37232257,256.6650523,2142.512272,3287.39,246.25,-19.28,10.72
10.78,10.73,-15.32,226.49,3184.41,34.30013533,224.3518433,2202.945231,4.680121841,-19.1150955,243.2085952,2107.365473,4.971190178,-21.71161362,269.3299355,2188.390314,5.470356349,-62.69441623,326.3239087,2319.706246,4.806179447,-20.36758731,256.6297649,2142.956821,3289.58,246.05,-19.3,10.73
10.79,10.74,-15.3,226.33,3184.41,34.27932581,224.4542305,2203.613498,4.682414168,-19.11290124,243.1647775,2107.922932,4.973399911,-21.70850279,269.2819593,2188.985404,5.472416146,-31.06811935,324.4877003,2320.394187,4.808344608,-20.3650875,256.5856662,2143.512414,3291.66,245.86,-19.32,10.74
10.8,10.75,-15.29,226.18,3186.81,34.1586382,224.6397696,2204.828376,4.686578636,-19.09486218,243.0851824,2108.935584,4.977412039,-21.68291076,269.194862,2190.065797,5.476128649,-30.99732844,324.3723598,2321.598848,4.812278724,-20.34453015,256.5055476,2144.521852,3294.9,245.67,-19.34,10.75
10.81,10.76,-15.27,226.03,3191.04,34.14593671,224.7322126,2205.436944,4.688660869,-19.0908982,243.0454225,2109.441537,4.979418103,-21.67730507,269.1513647,2190.605601,5.477984901,-30.98202887,324.314821,2322.200697,4.814245783,-20.3400168,256.4655287,2145.026217,3296.29,245.48,-19.36,10.76
10.82,10.77,-15.26,225.87,3192.64,34.15874444,225.1942554,2208.481011,4.699072038,-19.07928353,242.8466639,2111.97089,4.989448423,-21.66088706,268.9339344,2193.304186,5.487266159,-30.9374108,324.0272688,2325.209416,4.824081074,-20.32679242,256.2654787,2147.547647,3298.83,245.28,-19.38,10.77
10.83,10.78,-15.24,225.72,3194.93,34.0376741,225.2764272,2209.022803,4.700922913,-19.07512057,242.8113506,2112.420339,4.991231591,-21.65494273,268.8953094,2193.78371,5.48891616,-30.92036465,323.976222,2325.744028,4.82582957,-20.32204259,256.2299374,2147.995698,3301.72,245.09,-19.4,10.78
10.84,10.79,-15.23,225.57,3197.45,34.02134483,225.378451,2209.700408,4.703236506,-19.07291936,242.7672189,2112.982051,4.993460551,-21.65183034,268.8470421,2194.383008,5.490978662,-30.91187337,323.9124518,2326.412151,4.82801519,-20.319536,256.1855216,2148.555667,3301.72,244.9,-19.41,10.79
10.85,10.8,-15.21,225.42,3199.17,33.89865792,225.5644237,2210.93241,4.707439227,-19.05482335,242.6870607,2114.002334,4.997507184,-21.62622576,268.759425,2195.470933,5.494704884,-30.84193038,323.7972673,2327.619121,4.831986151,-20.29892312,256.1048335,2149.572969,3304.85,244.71,-19.43,10.8
10.86,10.81,-15.2,225.27,3202.26,33.87147621,225.6570747,2211.549555,4.709540587,-19.05084711,242.6470197,2114.512096,4.999530501,-21.62061754,268.7156683,2196.014497,5.496567995,-30.82681416,323.7398054,2328.222123,4.833971631,-20.29439786,256.0645304,2150.08126,3308.44,244.51,-19.45,10.81
10.87,10.82,-15.19,225.12,3204.66,33.82041437,226.1199583,2214.636518,4.72004739,-19.03919695,242.4468562,2117.06049,5.009647084,-21.60419255,268.4969416,2198.731876,5.505883549,-30.7827269,323.4526365,2331.236605,4.843899032,-20.28113904,255.8630598,2152.622317,3310.29,244.32,-19.46,10.82
10.88,10.83,-15.17,224.97,3206.61,33.74023649,226.2021246,2215.185944,4.721915266,-19.03501971,242.4112933,2117.51332,5.011445588,-21.59824411,268.4580863,2199.214738,5.507539648,-30.76586674,323.4016573,2331.772241,4.845663903,-20.27637513,255.8272662,2153.073853,3312.95,244.13,-19.48,10.83
10.89,10.84,-15.16,224.81,3208.79,33.74042179,226.3044794,2215.873093,4.724250111,-19.0328118,242.3668499,2118.079257,5.013693717,-21.59513053,268.4095314,2199.818207,5.509609771,-30.75749728,323.3379712,2332.441643,4.847869992,-20.27386203,255.7825351,2153.638177,3315.39,243.93,-19.5,10.84
10.9,10.85,-15.15,224.66,3208.79,33.60780387,226.4909239,2217.123622,4.72849104,-19.01466089,242.2861331,2119.107118,5.017774742,-21.56951635,268.3214011,2200.913592,5.513328908,-30.68876989,323.2235799,2333.644182,4.851877794,-20.25319581,255.7012815,2154.663303,3317.82,243.74,-19.51,10.85
10.91,10.86,-15.13,224.51,3211.54,33.57075579,226.5837797,2217.750046,4.730611505,-19.01067283,242.2458132,2119.620663,5.019815254,-21.56390624,268.2773882,2201.460881,5.515188477,-30.67391145,323.166512,2334.244972,4.853881695,-20.24865912,255.6606961,2155.1755,3320.14,243.55,-19.53,10.86
10.92,10.87,-15.12,224.36,3215.32,33.43609731,227.0475472,2220.883416,4.741213828,-18.99898848,242.0442559,2122.187964,5.030017815,-21.54747611,268.0573812,2204.196876,5.524486321,-30.63053394,322.8813107,2337.248402,4.863901201,-20.23536726,255.4578145,2157.736079,3322,243.35,-19.54,10.87
10.93,10.88,-15.11,224.21,3217.96,33.46073121,227.129664,2221.441098,4.743098685,-18.99479743,242.0084455,2122.644152,5.031831603,-21.54152428,268.0182986,2204.683044,5.526139271,-30.6139901,322.83068,2337.782075,4.865682447,-20.23058979,255.4217704,2158.191083,3323.97,243.16,-19.55,10.88
10.94,10.89,-15.1,224.06,3218.76,33.4343157,227.2325429,2222.138579,4.745454757,-18.99258307,241.9636928,2123.214285,5.034098839,-21.53840986,267.9694596,2205.290644,5.528205458,-30.60579908,322.7674286,2338.449026,4.867909004,-20.22807044,255.3767263,2158.759739,3326.63,242.96,-19.57,10.89
10.95,10.9,-15.08,223.91,3221.4,33.28989267,227.419268,2223.40764,4.749733827,-18.97437936,241.8824222,2124.249664,5.038214129,-21.51278904,267.8808228,2206.393416,5.53192397,-30.53813831,322.6536206,2339.64924,4.871953627,-20.20735316,255.2949114,2159.792642,3326.63,242.77,-19.58,10.9
10.96,10.91,-15.07,223.76,3224.16,33.26715507,227.5122272,2224.043343,4.751873362,-18.97037996,241.8418259,2124.766963,5.040271774,-21.50717768,267.8365571,2206.944391,5.533783226,-30.52349843,322.5968424,2340.248872,4.873975939,-20.20280552,255.2540458,2160.308721,3329.19,242.57,-19.6,10.91
10.97,10.92,-15.06,223.61,3226.68,33.26210817,227.9767061,2227.223124,4.762571038,-18.95866276,241.6388869,2127.353024,5.050559998,-21.49074426,267.6152864,2209.698817,5.543079506,-30.48067019,322.3130874,2343.246507,4.884087497,-20.18948207,255.049764,2162.888706,3332.79,242.37,-19.61,10.92
10.98,10.93,-15.05,223.46,3228.64,33.1193038,228.0592676,2227.789059,4.764472847,-18.9544584,241.6028311,2127.812544,5.052389016,-21.48478976,267.5759795,2210.188258,5.544732178,-30.46449107,322.2627128,2343.779151,4.885885107,-20.18469156,255.0134711,2163.347156,3335.92,242.17,-19.62,10.93
10.99,10.94,-15.04,223.31,3230.93,33.10889009,228.1616848,2228.496876,4.766850109,-18.95223786,241.5577719,2128.386839,5.054675288,-21.48167487,267.5268601,2210.799948,5.546798018,-30.45644789,322.1997805,2344.444817,4.88813212,-20.18216626,254.9681164,2163.920119,3338.13,241.98,-19.63,10.94
11,10.95,-15.03,223.16,3233,32.9586199,228.3485393,2229.784542,4.771167232,-18.93398353,241.4759527,2129.429674,5.058824708,-21.45605034,267.4377236,2211.910029,5.550527692,-30.38962105,322.0861879,2345.646518,4.892213523,-20.16140025,254.8857448,2164.960747,3339.99,241.78,-19.64,10.95
11.01,10.96,-15.02,223.02,3233,32.90716068,228.4415425,2230.429561,4.773325793,-18.92997325,241.4350826,2129.950693,5.060899418,-21.45043837,267.3932085,2212.464654,5.55239253,-30.37514124,322.0295162,2346.246891,4.894254225,-20.15684218,254.8446014,2165.480683,3341.38,241.58,-19.65,10.96
11.02,10.97,-15.01,222.87,3236.1,32.68720506,228.9058326,2233.655934,4.784118601,-18.9182246,241.230775,2132.555355,5.071272969,-21.43400348,267.1706913,2215.237319,5.561716716,-30.33268352,321.7462927,2349.248238,4.904457733,-20.14348861,254.6389309,2168.079944,3344.17,241.39,-19.66,10.97
11.03,10.98,-15,222.72,3239.55,32.78253498,228.9878214,2234.230161,4.786037323,-18.91400742,241.1944762,2133.018178,5.073117156,-21.42804703,267.131163,2215.729999,5.563374349,-30.31690523,321.6960123,2349.781541,4.90627169,-20.13868561,254.6023915,2168.541817,3346.84,241.19,-19.67,10.98
11.04,10.99,-14.99,222.57,3241.62,32.76014627,229.0910479,2234.948342,4.788435724,-18.91178097,241.1491132,2133.5966,5.07542239,-21.42493204,267.081767,2216.345736,5.565446391,-30.30891988,321.6331966,2350.448032,4.908539136,-20.13615465,254.5567286,2169.119058,3347.42,240.99,-19.68,10.99
11.05,11,-14.99,222.42,3244.61,32.59059537,229.2778147,2236.254403,4.79279079,-18.89347826,241.0667512,2134.64682,5.079605799,-21.39930671,266.9921377,2217.463048,5.569142459,-30.2437073,321.5211727,2351.63681,4.912657259,-20.11534231,254.4738054,2170.167354,3348.35,240.79,-19.69,11
11.06,11.01,-14.98,222.27,3246.91,32.55407621,229.3707148,2236.908632,4.794968324,-18.8894576,241.02561,2135.171527,5.081697504,-21.39369476,266.9473767,2218.021283,5.570990493,-30.22955145,321.4652813,2352.230733,4.91471632,-20.11077433,254.4323867,2170.691118,3348.35,240.59,-19.7,11.01
11.07,11.02,-14.97,222.13,3250.37,32.4540268,229.8346948,2240.181056,4.805855989,-18.87767891,240.8199479,2137.794615,5.092156027,-21.37726023,266.7236303,2220.81199,5.580230662,-30.18804011,321.1859552,2355.19984,4.925011627,-20.09739219,254.2253401,2173.309513,3351.15,240.4,-19.71,11.02
11.08,11.03,-14.96,221.98,3251.86,32.40692755,229.9169267,2240.763468,4.807791574,-18.87344944,240.7834086,2138.26071,5.09401532,-21.37130253,266.6838837,2221.307874,5.581873359,-30.17284617,321.1363654,2355.727418,4.926841903,-20.09257726,254.1885563,2173.774785,3354.52,240.2,-19.71,11.03
11.09,11.04,-14.96,221.83,3252.78,32.37954875,230.0195146,2241.491907,4.810211055,-18.87121737,240.737745,2138.843221,5.096339436,-21.3681878,266.634215,2221.927615,5.58392673,-30.16490758,321.0744115,2356.386755,4.929129749,-20.09004093,254.1425881,2174.356272,3356.26,240,-19.72,11.04
11.1,11.05,-14.95,221.68,3255.09,32.21061835,230.2060745,2242.817205,4.814603934,-18.85286858,240.6548461,2139.900753,5.100556687,-21.34256455,266.5441,2223.052078,5.587589426,-30.10125656,320.9639266,2357.562753,4.933284511,-20.06918474,254.0591188,2175.412174,3358.13,239.8,-19.72,11.05
11.11,11.06,-14.94,221.53,3256.7,32.17322752,230.2988678,2243.481064,4.816800373,-18.84883803,240.6134369,2140.429109,5.102665313,-21.33695323,266.4990965,2223.613882,5.589420773,-30.08743848,320.9088007,2358.150296,4.935361892,-20.06460739,254.0174274,2175.939735,3360.46,239.6,-19.73,11.06
11.12,11.07,-14.94,221.38,3256.7,32.10011254,230.7622957,2246.801651,4.827782569,-18.83703078,240.4064353,2143.070438,5.113208441,-21.32052086,266.2741382,2226.422432,5.598577512,-30.04714115,320.6332979,2361.087516,4.945748797,-20.05119823,253.8090182,2178.577109,3362.55,239.4,-19.73,11.07
11.13,11.08,-14.93,221.23,3260.96,31.99960176,230.8444957,2247.39263,4.829734959,-18.83278956,240.369658,2143.539772,5.115082775,-21.31456262,266.2341765,2226.921486,5.600205377,-30.03222933,320.5843852,2361.609432,4.947595357,-20.04637195,253.7719925,2179.045752,3363.95,239.21,-19.73,11.08
11.14,11.09,-14.92,221.08,3264.3,31.9893643,230.9467624,2248.131783,4.832175448,-18.83055215,240.3236973,2144.126331,5.117425692,-21.3114485,266.1842389,2227.545186,5.602240208,-30.02429538,320.5232776,2362.261694,4.949903558,-20.04383057,253.7257219,2179.63145,3366.74,239.01,-19.73,11.09
11.15,11.1,-14.92,220.93,3266.96,31.79375611,231.1330843,2249.476936,4.836605987,-18.81215963,240.2402678,2145.191094,5.121676636,-21.28583015,266.0936451,2228.67672,5.605869765,-29.96214157,320.4143027,2363.425051,4.95409486,-20.02293305,253.6417122,2180.694891,3368.49,238.81,-19.73,11.1
11.16,11.11,-14.91,220.78,3268.92,31.74648592,231.2256756,2250.150734,4.838821257,-18.80811972,240.1985938,2145.72306,5.123802108,-21.28022008,266.0484027,2229.242054,5.607684544,-29.9486871,320.359928,2364.006285,4.956190511,-20.01834688,253.5997511,2181.226216,3371.64,238.61,-19.73,11.11
11.17,11.12,-14.91,220.64,3270.53,31.5682205,231.6879437,2253.521018,4.849897606,-18.79628538,239.9902685,2148.382432,5.134429468,-21.26379161,265.8222502,2232.068246,5.616758438,-29.90981846,320.0881768,2366.911967,4.966668766,-20.00491231,253.3899938,2183.882401,3371.64,238.41,-19.73,11.12
11.18,11.13,-14.9,220.49,3273.18,31.59679003,231.7696632,2254.120831,4.851866735,-18.79203297,239.9532561,2148.85497,5.136318776,-21.25783353,265.7820763,2232.570433,5.618371575,-29.89476767,320.0399282,2367.428282,4.968531567,-20.00007527,253.3527286,2184.354385,3374.9,238.21,-19.73,11.13
11.19,11.14,-14.9,220.34,3276.3,31.55942824,231.8721023,2254.871052,4.854328146,-18.78979052,239.9070017,2149.445532,5.138680412,-21.25472037,265.7318737,2233.198048,5.620387996,-29.88698074,319.9796516,2368.073545,4.970860068,-19.99752916,253.3061589,2184.944258,3380.03,238.01,-19.72,11.14
11.2,11.15,-14.89,220.19,3277.57,31.36270299,232.0578677,2256.235905,4.858796176,-18.77135667,239.8230483,2150.517444,5.142964899,-21.22910968,265.6408082,2234.336572,5.623984649,-29.82625349,319.8721585,2369.224401,4.975087792,-19.97659289,253.2216149,2186.015166,3382.48,237.81,-19.72,11.15
11.21,11.16,-14.89,220.04,3279.76,31.32013916,232.1501714,2256.919561,4.861030191,-18.76730791,239.7811128,2151.052978,5.145107142,-21.22350144,265.5953302,2234.905396,5.625782976,-29.81316008,319.8185211,2369.799394,4.977201654,-19.97199847,253.1793871,2186.550218,3385.99,237.61,-19.71,11.16
11.22,11.17,-14.88,219.89,3281.84,31.21021381,232.6110637,2260.339149,4.872200266,-18.75544803,239.5714806,2153.730181,5.15581836,-21.20707858,265.3680007,2237.74903,5.63477461,-29.77552224,319.5504521,2372.673883,4.987770964,-19.95854011,252.9682969,2189.225036,3388.67,237.41,-19.7,11.17
11.23,11.18,-14.88,219.74,3281.84,31.1460982,232.6927125,2260.947731,4.874186058,-18.75118498,239.5342362,2154.205886,5.157722577,-21.20112134,265.3276178,2238.254313,5.636373122,-29.76024648,319.5028556,2373.184657,4.989649953,-19.95369293,252.930795,2189.700328,3391.01,237.21,-19.69,11.18
11.24,11.19,-14.88,219.59,3285.88,31.11251312,232.7944657,2261.70892,4.876668296,-18.74893779,239.4876917,2154.800405,5.160102847,-21.19800949,265.2771541,2238.885799,5.638371263,-29.75286169,319.4433945,2373.823,4.991998688,-19.9511424,252.8839296,2190.294336,3394.16,237.01,-19.68,11.19
11.25,11.2,-14.87,219.44,3289,30.9067475,232.9794974,2263.093395,4.881173628,-18.73046507,239.4032216,2155.879376,5.164420731,-21.17240911,265.1856236,2240.031235,5.641935246,-29.69350515,319.3373558,2374.96149,4.996262699,-19.93017001,252.7988577,2191.372636,3397.32,236.81,-19.67,11.2
11.26,11.21,-14.87,219.29,3290.62,30.8699895,233.0714013,2263.78687,4.883426293,-18.726408,239.3610281,2156.418434,5.166579673,-21.16680329,265.1399136,2240.603508,5.643717238,-29.68071868,319.2844423,2375.530311,4.998394704,-19.9255679,252.7563665,2191.911378,3401.41,236.6,-19.66,11.21
11.27,11.22,-14.86,219.14,3292.24,30.83164694,233.5303746,2267.255558,4.894689621,-18.7145241,239.1501064,2159.113249,5.177374383,-21.15038769,264.9114241,2243.464385,5.652627195,-29.64371571,319.0199883,2378.373946,5.009054731,-19.91208742,252.5439594,2194.604637,3404.56,236.4,-19.65,11.22
11.28,11.23,-14.86,218.99,3295.01,30.66734058,233.6118685,2267.872867,4.896691991,-18.71025101,239.112633,2159.592082,5.179293442,-21.14443196,264.8708352,2243.972731,5.654211188,-29.62870365,318.9730329,2378.879241,5.010949847,-19.90723072,252.5062237,2195.083204,3404.56,236.2,-19.63,11.23
11.29,11.24,-14.86,218.84,3296.29,30.64082683,233.7127776,2268.644982,4.899194952,-18.70799938,239.0658025,2160.190508,5.181692267,-21.14132173,264.8201142,2244.608043,5.656191178,-29.62182481,318.9143714,2379.510737,5.013318742,-19.90467611,252.459066,2195.681304,3408.31,236,-19.62,11.24
11.3,11.25,-14.85,218.69,3299.06,30.4197362,233.896921,2270.04954,4.903737378,-18.68949026,238.9808228,2161.276447,5.186043407,-21.11573425,264.7281253,2245.760312,5.659722724,-29.56381069,318.8097606,2380.636998,5.017618888,-19.88367025,252.373473,2196.766915,3411.94,235.8,-19.6,11.25
11.31,11.26,-14.85,218.54,3301.61,30.38014402,233.9883283,2270.753064,4.906008591,-18.68542542,238.938375,2161.818982,5.188218977,-21.11013139,264.6821866,2246.335997,5.661488497,-29.55126221,318.7575576,2381.199712,5.01976896,-19.87906103,252.3307217,2197.309306,3415.33,235.6,-19.59,11.26
11.32,11.27,-14.84,218.39,3304.5,30.32046776,234.4447702,2274.271996,4.917364654,-18.67351908,238.7261821,2164.531178,5.199096826,-21.09372464,264.4525537,2249.213922,5.670317362,-29.51443924,318.4966535,2384.012831,5.030519324,-19.86556011,252.1170146,2200.020806,3417.79,235.4,-19.57,11.27
11.33,11.28,-14.84,218.25,3306.82,30.16306944,234.5257561,2274.898235,4.91938351,-18.66923653,238.6884829,2165.013097,5.201030666,-21.08777106,264.4117619,2249.725296,5.671886938,-29.50032646,318.4503284,2384.512705,5.0324305,-19.86069452,252.079048,2200.502613,3419.9,235.2,-19.55,11.28
11.34,11.29,-14.84,218.1,3306.82,30.15205226,234.6261304,2275.681531,4.92190708,-18.66698078,238.6413703,2165.61538,5.203447966,-21.08466278,264.3607871,2250.364391,5.673848908,-29.49375262,318.392451,2385.137429,5.03481947,-19.85813616,252.0316019,2201.104761,3423.06,235.01,-19.53,11.29
11.35,11.3,-14.83,217.95,3308.9,29.91615548,234.8092642,2277.106578,4.926486377,-18.64843776,238.5558886,2166.708189,5.20783223,-21.05909063,264.2683464,2251.523418,5.677348249,-29.43706388,318.2892422,2386.251593,5.039155582,-19.83709953,251.9454948,2202.197598,3425.41,234.81,-19.51,11.3
11.36,11.31,-14.83,217.8,3313.07,29.8446482,234.9001146,2277.820353,4.928776025,-18.64436569,238.5131903,2167.254154,5.210024362,-21.05349126,264.2221821,2252.102476,5.67909792,-29.42473158,318.2377371,2386.808269,5.041323639,-19.83248379,251.9024869,2202.743597,3427.87,234.62,-19.49,11.31
11.37,11.32,-14.83,217.65,3314.69,29.52713011,235.3532812,2281.390541,4.940224268,-18.6324385,238.299745,2169.983491,5.220985021,-21.03709488,263.9914219,2254.997263,5.687846274,-29.38823241,317.9803191,2389.591202,5.05216392,-19.81896411,251.6874971,2205.473127,3429.98,234.42,-19.47,11.32
11.38,11.33,-14.82,217.5,3318.05,29.67220514,235.432987,2282.025894,4.942259512,-18.62814709,238.2618235,2170.468453,5.222933583,-21.03114406,263.9504299,2255.511631,5.689401537,-29.37512505,317.9346127,2390.085715,5.054091081,-19.81409029,251.6493028,2205.958136,3433.26,234.23,-19.45,11.33
11.39,11.34,-14.82,217.36,3318.63,29.62671931,235.5337722,2282.82059,4.944803566,-18.62588753,238.214433,2171.074539,5.225369285,-21.02803803,263.899205,2256.154467,5.691345615,-29.36854363,317.8775056,2390.703741,5.056500033,-19.8115285,251.6015722,2206.564284,3433.26,234.03,-19.43,11.34
11.4,11.35,-14.82,217.21,3320.6,29.38333163,235.7156036,2284.266163,4.949419498,-18.60731314,238.1284571,2172.174121,5.229786553,-21.00248354,263.8063185,2257.32018,5.694812985,-29.3131469,317.775674,2391.805939,5.060871932,-19.79046381,251.5149582,2207.664261,3435.14,233.84,-19.4,11.35
11.41,11.36,-14.81,217.06,3323.15,29.32356743,235.8057724,2284.990204,4.951727464,-18.60323439,238.0855121,2172.723465,5.231995187,-20.99688816,263.7599317,2257.902575,5.69654667,-29.30106456,317.7248542,2392.356642,5.063057881,-19.78584214,251.4716972,2208.213823,3437.96,233.64,-19.38,11.36
11.42,11.37,-14.81,216.91,3325.71,29.13508983,236.2556994,2288.611727,4.963267294,-18.59128793,237.8708339,2175.469694,5.243038356,-20.98050357,263.5280595,2260.814042,5.705215094,-29.26540411,317.4708602,2395.109717,5.073987628,-19.77230542,251.255443,2210.961165,3440.89,233.45,-19.36,11.37
11.43,11.38,-14.8,216.77,3327.45,29.10665438,236.3351723,2289.256203,4.96531882,-18.58698826,237.8326934,2175.957657,5.245001586,-20.97455612,263.48687,2261.331372,5.706756147,-29.2528156,317.4257606,2395.598928,5.075930694,-19.767424,251.2170241,2211.449337,3442.77,233.26,-19.33,11.38
11.44,11.39,-14.8,216.62,3330.58,29.07786913,236.4345276,2290.062317,4.967883226,-18.5847252,237.7850293,2176.56749,5.247455624,-20.97145261,263.4353984,2261.977909,5.708682463,-29.24611756,317.3694113,2396.210327,5.078359527,-19.76485914,251.1690129,2212.059438,3445.71,233.07,-19.3,11.39
11.45,11.4,-14.8,216.47,3330.58,28.81683323,236.614845,2291.528498,4.972535544,-18.56612197,237.6985672,2177.673742,5.25190579,-20.94591795,263.3420719,2263.150241,5.712118093,-29.19195889,317.2689324,2397.300691,5.082767019,-19.7437691,251.0818994,2213.166463,3448.41,232.87,-19.28,11.4
11.46,11.41,-14.79,216.32,3332.67,28.75372223,236.7041943,2292.262846,4.974861703,-18.5620371,237.6553795,2178.226415,5.254130873,-20.94032703,263.2954655,2263.735939,5.713835908,-29.18016272,317.218786,2397.845485,5.084970765,-19.73914209,251.0383891,2213.719544,3450.99,232.68,-19.25,11.41
11.47,11.42,-14.79,216.18,3335.34,28.51445042,237.1499625,2295.935895,4.986492499,-18.55007296,237.4394882,2180.989282,5.265256289,-20.92395558,263.0624957,2266.663917,5.722424982,-29.14563103,316.9681555,2400.569026,5.095989495,-19.72559002,250.8208889,2216.484471,3451.7,232.49,-19.22,11.42
11.48,11.43,-14.79,216.03,3338.24,28.55629654,237.2285507,2296.589525,4.988560195,-18.54576566,237.4011323,2181.480199,5.267234141,-20.91801204,263.0211112,2267.184179,5.723951929,-29.13307546,316.9236516,2401.052991,5.09794838,-19.72070168,250.7822487,2216.975766,3454.4,232.3,-19.19,11.43
11.49,11.44,-14.78,215.88,3340.22,28.50324885,237.3272121,2297.407104,4.991144817,-18.54349941,237.353199,2182.093724,5.269706456,-20.91491132,262.969396,2267.83438,5.725860612,-29.12639923,316.8680475,2401.657837,5.100396987,-19.71813407,250.733961,2217.589769,3456.28,232.11,-19.16,11.44
11.5,11.45,-14.78,215.73,3343.36,28.23970341,237.5058132,2298.8942,4.995833261,-18.52486987,237.2662589,2183.206541,5.274189434,-20.88939852,262.8756349,2269.013266,5.729264733,-29.07342437,316.7688977,2402.736494,5.104839869,-19.69702141,250.6463557,2218.703751,3456.28,231.92,-19.13,11.45
11.51,11.46,-14.78,215.59,3344.75,28.18182776,237.5942881,2299.639006,4.998177484,-18.52077943,237.2228324,2183.762491,5.276430923,-20.88381249,262.8288116,2269.602236,5.730966794,-29.06191182,316.719413,2403.275443,5.10706131,-19.69238964,250.6025999,2219.260303,3459.58,231.73,-19.1,11.46
11.52,11.47,-14.78,215.44,3347.42,28.0438004,238.0357558,2303.364346,5.009898596,-18.5087992,237.0057483,2186.541736,5.28763837,-20.86745542,262.5947573,2272.546566,5.739477098,-29.02837294,316.4720873,2405.969771,5.118168516,-19.67882393,250.3838725,2222.042585,3463.34,231.54,-19.07,11.47
11.53,11.48,-14.77,215.29,3349.75,27.93598209,238.1138545,2304.027269,5.011982349,-18.50448486,236.9671805,2187.035561,5.289630804,-20.8615163,262.5531803,2273.069732,5.74099004,-29.01579544,316.428169,2406.448548,5.120143131,-19.67392931,250.3450144,2222.536962,3465.46,231.35,-19.04,11.48
11.54,11.49,-14.77,215.15,3351.26,27.90134191,238.2109286,2304.856473,5.014587041,-18.50221575,236.9189826,2187.652719,5.292121348,-20.85841863,262.5012245,2273.723561,5.742881219,-29.0093054,316.373297,2407.04691,5.122611399,-19.6713593,250.2964544,2223.154815,3467.34,231.16,-19.01,11.49
11.55,11.5,-14.77,215,3353.47,27.63292832,238.3875862,2306.364713,5.019311346,-18.48356242,236.8315725,2188.771997,5.296637073,-20.83292952,262.4070337,2274.908944,5.746310418,-28.95660932,316.2738183,2408.131817,5.127089461,-19.6502267,250.2083648,2224.275658,3470.05,230.97,-18.98,11.5
11.56,11.51,-14.76,214.85,3353.47,27.56954192,238.4750652,2307.120091,5.021673498,-18.47946694,236.7879115,2189.331171,5.298894936,-20.82734878,262.3599958,2275.501157,5.748025018,-28.94516894,316.2241694,2408.673887,5.129328492,-19.64559076,250.1643674,2224.835636,3471.58,230.78,-18.94,11.51
11.57,11.52,-14.76,214.7,3356.15,27.42055581,238.9114571,2310.898284,5.03348426,-18.46747222,236.5696549,2192.126529,5.310184249,-20.81100722,262.1248693,2278.461696,5.756598016,-28.91183084,315.9760225,2411.383815,5.140523649,-19.6320131,249.9444319,2227.635036,3473.94,230.59,-18.91,11.52
11.58,11.53,-14.76,214.55,3359.52,27.29975506,238.9886187,2311.570599,5.035583951,-18.46315146,236.5308789,2192.623215,5.312191237,-20.80507301,262.0831018,2278.987741,5.758122105,-28.89922122,315.9319583,2411.865362,5.142513899,-19.62711286,249.9053593,2228.132453,3475.59,230.4,-18.88,11.53
11.59,11.54,-14.76,214.41,3361.62,27.27763835,239.0844896,2312.411551,5.038208564,-18.46087979,236.4824208,2193.243948,5.314699974,-20.8019786,262.0309082,2279.645166,5.760027216,-28.89284721,315.8769041,2412.467187,5.145001711,-19.62454079,249.8565313,2228.754104,3477.94,230.21,-18.84,11.54
11.6,11.55,-14.76,214.26,3364.07,26.97566047,239.2589872,2313.941002,5.042968456,-18.44220516,236.394549,2194.369579,5.319248405,-20.77651485,261.9362918,2280.836995,5.763426963,-28.84126217,315.7786757,2413.541089,5.149514738,-19.60339092,249.7679652,2229.881713,3479.59,230.02,-18.81,11.55
11.61,11.56,-14.75,214.11,3366.05,26.92541745,239.3452701,2314.706983,5.045348403,-18.4381052,236.3506575,2194.931924,5.321522621,-20.77093976,261.8890415,2281.432426,5.765126837,-28.830056,315.7296492,2414.077664,5.151771252,-19.59875139,249.7237299,2230.445068,3479.59,229.83,-18.77,11.56
11.62,11.57,-14.75,213.97,3367.79,26.84065115,239.7758811,2318.538175,5.057248133,-18.42609754,236.131249,2197.743129,5.332893699,-20.75461471,261.6528535,2284.409046,5.773626206,-28.79733282,315.4846119,2416.760128,5.16305382,-19.58516345,249.5026056,2233.261348,3483.96,229.64,-18.73,11.57
11.63,11.58,-14.75,213.82,3370.12,26.65172034,239.8521931,2319.219894,5.059363641,-18.42177097,236.0922685,2198.242629,5.334915224,-20.74868584,261.6108976,2284.937946,5.775137205,-28.78504415,315.4410991,2417.236797,5.16505961,-19.58025824,249.4633219,2233.761762,3487.14,229.45,-18.7,11.58
11.64,11.59,-14.75,213.67,3372.34,26.62307035,239.9464561,2320.072647,5.062008025,-18.41949705,236.0435548,2198.866878,5.33744213,-20.7455949,261.5584683,2285.598939,5.777025954,-28.77884042,315.3867331,2417.832527,5.167566848,-19.57768443,249.4142301,2234.387159,3488.44,229.27,-18.66,11.59
11.65,11.6,-14.75,213.52,3375.14,26.33092446,240.1185273,2321.623483,5.06680323,-18.40080359,235.9552295,2199.998755,5.342023256,-20.72015799,261.4634302,2286.797171,5.780412921,-28.72809066,315.2892602,2418.900732,5.172114622,-19.55651992,249.3251952,2235.521438,3491.39,229.08,-18.62,11.6
11.66,11.61,-14.74,213.38,3377.24,26.24702669,240.2036188,2322.400153,5.069200832,-18.39669968,235.9111117,2200.564217,5.344313818,-20.71458885,261.4159693,2287.395797,5.782106405,-28.71705688,315.2406096,2419.434463,5.17438851,-19.55187737,249.2807259,2236.088123,3493.04,228.89,-18.58,11.61
11.67,11.62,-14.74,213.23,3377.24,25.95922366,240.6277208,2326.284781,5.081188843,-18.38468063,235.6905719,2203.391002,5.355766631,-20.69828121,261.178729,2290.388389,5.790573823,-28.68479452,314.9974503,2422.102709,5.185757946,-19.53828079,249.0584321,2238.921042,3494.81,228.7,-18.54,11.62
11.68,11.63,-14.74,213.08,3380.15,25.97910486,240.70229,2326.976004,5.083320045,-18.38034884,235.6513904,2203.893268,5.357802687,-20.69235808,261.1365862,2290.920125,5.792079142,-28.67277792,314.9542705,2422.576854,5.187779179,-19.53337127,249.0189406,2239.424411,3498.12,228.52,-18.5,11.63
11.69,11.64,-14.74,212.93,3384.12,25.94600699,240.7959564,2327.840615,5.085984047,-18.37807299,235.6024256,2204.520973,5.360347756,-20.68927078,261.0839235,2291.584662,5.79396079,-28.66666965,314.90032,2423.169429,5.190305721,-19.53079603,248.9695893,2240.0535,3499.54,228.33,-18.46,11.64
11.7,11.65,-14.74,212.78,3386.57,25.62991759,240.9653894,2329.413069,5.090814288,-18.35936312,235.5136551,2205.65899,5.364961595,-20.66386194,260.9884665,2292.789261,5.797347707,-28.61654775,314.8032284,2424.23597,5.194888025,-19.50961946,248.8800933,2241.194354,3501.78,228.14,-18.42,11.65
11.71,11.66,-14.74,212.64,3387.97,25.54864332,241.0490738,2330.200541,5.093229409,-18.35525578,235.469315,2206.227516,5.367268515,-20.65829903,260.9407966,2293.391066,5.799041165,-28.605646,314.7547674,2424.76887,5.197179177,-19.50497445,248.8353938,2241.76432,3504.38,227.95,-18.38,11.66
11.72,11.67,-14.74,212.49,3389.84,25.23542349,241.4661691,2334.139164,5.105305011,-18.34322686,235.2476642,2209.069613,5.378803112,-20.64200956,260.7025115,2296.39954,5.807508457,-28.57376512,314.5125551,2427.432967,5.208634938,-19.49137084,248.6119494,2244.613641,3504.38,227.77,-18.34,11.67
11.73,11.68,-14.74,212.34,3392.06,25.30437997,241.5394103,2334.83997,5.107451785,-18.33889045,235.2082855,2209.574598,5.380853707,-20.6360925,260.6601831,2296.934097,5.809013753,-28.5619256,314.4695431,2427.906375,5.210671518,-19.48645763,248.5722537,2245.119922,3506.04,227.58,-18.29,11.68
11.74,11.69,-14.74,212.2,3394.51,25.24376084,241.6316688,2335.716593,5.110135252,-18.33661295,235.1590742,2210.2057,5.383416951,-20.63300899,260.6072885,2297.602158,5.810895373,-28.55587842,314.4158019,2428.498029,5.213217243,-19.4838813,248.5226471,2245.75265,3509.7,227.39,-18.25,11.69
11.75,11.7,-14.73,212.05,3396.85,24.91798983,241.7982186,2337.310802,5.115000257,-18.31788905,235.0698665,2211.34975,5.388063561,-20.60762926,260.5114149,2298.813098,5.814251123,-28.50682546,314.3199755,2429.55313,5.217833863,-19.46269518,248.4326975,2246.899985,3512.3,227.21,-18.21,11.7
11.76,11.71,-14.73,211.9,3399.65,24.84587405,241.8804188,2338.109143,5.117432759,-18.3137788,235.0253082,2211.921287,5.390386866,-20.60207279,260.4635371,2299.418067,5.815928998,-28.49615249,314.2721446,2430.080318,5.220142174,-19.45804823,248.3877715,2247.473185,3513.49,227.02,-18.16,11.71
11.77,11.72,-14.73,211.75,3400.94,24.66334645,242.2902304,2342.102094,5.129595271,-18.30174149,234.8025666,2214.778432,5.40200339,-20.58580211,260.2242127,2302.44236,5.824318373,-28.46494537,314.0330797,2432.715865,5.231683725,-19.44443916,248.1631955,2250.338671,3515.97,226.83,-18.12,11.72
11.78,11.73,-14.73,211.61,3400.94,24.53637394,242.3625505,2342.812545,5.131757495,-18.29740105,234.7629942,2215.286089,5.40406855,-20.5798914,260.1816997,2302.979726,5.825809818,-28.45336598,313.9906258,2433.184201,5.233735556,-19.43952288,248.1232988,2250.847823,3517.74,226.65,-18.07,11.73
11.79,11.74,-14.73,211.46,3403.86,24.50880181,242.4523346,2343.701242,5.134460275,-18.29512219,234.7135408,2215.920529,5.40665,-20.57681181,260.1285745,2303.651296,5.827674123,-28.44743917,313.9375815,2433.769519,5.236300345,-19.43694577,248.0734411,2251.484137,3518.81,226.47,-18.03,11.74
11.8,11.75,-14.73,211.31,3407.61,24.16390846,242.6156959,2345.317292,5.139359775,-18.27638656,234.6239039,2217.070508,5.411329339,-20.55146272,260.0322886,2304.868526,5.830998937,-28.39942263,313.8429991,2434.813303,5.240951074,-19.41575252,247.9830451,2252.637859,3520.82,226.28,-17.98,11.75
11.81,11.76,-14.73,211.16,3410.18,24.11032518,242.6962271,2346.126543,5.141809525,-18.2722739,234.5791313,2217.645004,5.413669008,-20.54591302,259.984205,2305.476634,5.832661344,-28.38897204,313.7957877,2435.334841,5.243276439,-19.41110418,247.9378964,2253.214247,3522.6,226.1,-17.93,11.76
11.82,11.77,-14.73,211.02,3411.12,24.0457136,243.0979903,2350.174018,5.154058275,-18.26022965,234.3553188,2220.516936,5.425367355,-20.52966206,259.7438518,2308.516616,5.840973378,-28.35841635,313.5598176,2437.942144,5.254903261,-19.39749115,247.7122069,2256.095667,3525.68,225.92,-17.89,11.77
11.83,11.78,-14.73,210.87,3413.81,23.79165553,243.1692234,2350.894142,5.15623583,-18.25588573,234.3155561,2221.027218,5.427447061,-20.52375813,259.7011561,2309.056767,5.842451073,-28.34708628,313.5179125,2438.405463,5.256970251,-19.39257241,247.6721125,2256.607648,3525.68,225.74,-17.84,11.78
11.84,11.79,-14.73,210.72,3415.57,23.75896435,243.2566274,2351.794966,5.158957775,-18.25360581,234.2658652,2221.664939,5.430046694,-20.52068262,259.6478027,2309.731818,5.844298192,-28.34128195,313.4655535,2438.984513,5.259553989,-19.3899948,247.6220078,2257.247498,3527.22,225.56,-17.8,11.79
11.85,11.8,-14.73,210.58,3417.91,23.40891994,243.4166189,2353.433047,5.163891509,-18.23486069,234.1758067,2222.820744,5.434759041,-20.49536396,259.5511021,2310.955368,5.8475923,-28.29427107,313.3721943,2440.017102,5.264238628,-19.36879677,247.5311727,2258.407517,3531.6,225.38,-17.75,11.8
11.86,11.81,-14.73,210.43,3419.55,23.30890706,243.495436,2354.2533,5.166358376,-18.2307461,234.1308237,2223.398147,5.437115214,-20.48982098,259.5028115,2311.566631,5.849239354,-28.28403595,313.3255921,2440.53305,5.266580947,-19.36414754,247.4858048,2258.987048,3534.33,225.2,-17.7,11.81
11.87,11.82,-14.73,210.28,3421.54,22.90582532,243.8878381,2358.35577,5.178692713,-18.2186963,233.9059596,2226.28461,5.448896081,-20.47358956,259.2614236,2314.62238,5.857474622,-28.25410716,313.0926654,2443.112414,5.278292544,-19.35053201,247.2590197,2261.884176,3536.7,225.02,-17.66,11.82
11.88,11.83,-14.73,210.14,3424.23,23.0349915,243.9563921,2359.085665,5.180885483,-18.21434947,233.8660102,2226.797473,5.450990458,-20.46769238,259.2185442,2315.165331,5.85893867,-28.24302375,313.0513001,2443.570771,5.280374605,-19.34561139,247.2187307,2262.398947,3539.66,224.85,-17.61,11.83
11.89,11.84,-14.73,209.99,3424.23,22.96950251,244.0433296,2359.998692,5.183626447,-18.21206876,233.8160858,2227.438417,5.453608428,-20.46462093,259.1649612,2315.84388,5.86076873,-28.23609533,312.9996136,2444.143625,5.282977182,-19.34303358,247.1683828,2263.042281,3542.75,224.67,-17.56,11.84
11.9,11.85,-14.73,209.84,3426.58,22.618741,244.199593,2361.658944,5.188594165,-18.1933163,233.7256134,2228.599949,5.458353825,-20.43933375,259.0678484,2317.07372,5.861856607,-28.22198634,312.9688963,2444.484124,5.287695544,-19.321833,247.0771154,2264.208511,3545.12,224.5,-17.52,11.85
11.91,11.86,-14.73,209.69,3429.98,22.54269281,244.2765315,2362.490266,5.191078025,-18.18920026,233.6804238,2229.18021,5.460726524,-20.43379772,259.019352,2317.688122,5.862400545,-28.2185972,312.9535452,2444.654339,5.290054725,-19.31718336,247.0315317,2264.791141,3548.21,224.33,-17.47,11.86
11.92,11.87,-14.73,209.55,3431.62,22.3818342,244.6599309,2366.64806,5.203497321,-18.17714626,233.4545267,2232.080955,5.472590017,-20.41758649,258.7769358,2320.759561,5.865120237,-28.20863965,312.8767993,2445.505372,5.30185063,-19.30356672,246.803668,2267.70376,3550.23,224.16,-17.42,11.87
11.93,11.88,-14.73,209.4,3434.91,22.19533358,244.7276044,2367.387774,5.205705195,-18.17279705,233.4143939,2232.596353,5.474699082,-20.41169637,258.7338738,2321.305298,5.865603738,-28.20516096,312.8631604,2445.656645,5.30394768,-19.29864478,246.7631875,2268.221281,3552.48,223.98,-17.38,11.88
11.94,11.89,-14.74,209.25,3436.31,22.16859539,244.8111492,2368.313088,5.208465039,-18.17051581,233.3642403,2233.240465,5.477335414,-20.40862909,258.6800626,2321.987328,5.866208114,-28.20327806,312.846114,2445.845727,5.306568992,-19.29606705,246.7126003,2268.868052,3552.48,223.82,-17.33,11.89
11.95,11.9,-14.74,209.1,3438.43,21.80061629,244.9635078,2369.995614,5.213466503,-18.15175809,233.2733611,2234.407628,5.482114231,-20.3833727,258.5825335,2323.223513,5.867307316,-28.18782488,312.8151129,2446.189608,5.311320906,-19.27486604,246.6209071,2270.040409,3556.76,223.65,-17.29,11.9
11.96,11.91,-14.74,208.96,3439.83,21.69625695,245.0384227,2370.838055,5.215967235,-18.14764104,233.2279685,2234.990698,5.48450364,-20.37784346,258.5338293,2323.841081,5.867856917,-28.1844138,312.7996208,2446.36151,5.313696863,-19.27021645,246.5751108,2270.626097,3560.68,223.48,-17.24,11.91
11.97,11.92,-14.74,208.81,3442.3,21.28838315,245.4112038,2375.051414,5.228470895,-18.13558414,233.0010565,2237.905485,5.496450683,-20.36165195,258.2903743,2326.928343,5.870604922,-28.17439207,312.7221699,2447.220979,5.325576647,-19.25660002,246.3461848,2273.553998,3564.01,223.31,-17.2,11.92
11.98,11.93,-14.74,208.66,3444.53,21.39356019,245.4762301,2375.800989,5.230693768,-18.13123307,232.9607434,2238.423376,5.498574602,-20.35576875,258.2471278,2327.47689,5.871093456,-28.17089015,312.7084058,2447.373751,5.327688609,-19.2516773,246.3055156,2274.074233,3566.15,223.14,-17.15,11.93
11.99,11.94,-14.74,208.52,3446.76,21.34127246,245.5586775,2376.738643,5.233472359,-18.12895155,232.9103647,2239.070602,5.5012295,-20.35270556,258.1930861,2328.162431,5.871704124,-28.16899501,312.6912027,2447.564706,5.330328561,-19.24909989,246.2546927,2274.724395,3568.41,222.97,-17.11,11.94
12,11.95,-14.74,208.37,3446.76,20.96290802,245.7068491,2378.443552,5.238507346,-18.11019056,232.8190857,2240.243303,5.506042017,-20.32747977,258.0951383,2329.40499,5.872814859,-28.1534402,312.6599145,2447.912023,5.335113873,-19.22790047,246.1625798,2275.9028,3571.74,222.8,-17.07,11.95
12.01,11.96,-14.74,208.22,3449.47,20.87349707,245.7796214,2379.297165,5.241024839,-18.10607293,232.7734934,2240.829136,5.508448276,-20.32195728,258.0462252,2330.025739,5.873370227,-28.15000683,312.6442789,2448.085643,5.33750653,-19.22325136,246.116574,2276.491507,3574.96,222.64,-17.02,11.96
12.02,11.97,-14.74,208.07,3452.4,20.61632985,246.141931,2383.56635,5.253612305,-18.09401435,232.5455838,2243.757732,5.520479568,-20.30578535,257.8017257,2333.1289,5.876147065,-28.13991963,312.5661109,2448.953697,5.34946981,-19.20963638,245.8866009,2279.434495,3576.86,222.47,-16.98,11.97
12.03,11.98,-14.74,207.92,3454.99,20.52915371,246.2055481,2384.325827,5.255850076,-18.08966192,232.5050935,2244.278074,5.522618465,-20.29990906,257.7582938,2333.680269,5.876640725,-28.13639445,312.5522194,2449.107995,5.351596616,-19.20471338,245.8457457,2279.957409,3579.01,222.3,-16.94,11.98
12.04,11.99,-14.75,207.78,3456.64,20.48400294,246.2847527,2385.275881,5.258647291,-18.08738036,232.4544934,2244.928364,5.525292085,-20.29684992,257.7040203,2334.369337,5.8772578,-28.13448689,312.5348571,2449.300858,5.354255122,-19.20213655,245.7946905,2280.610917,3581.63,222.13,-16.9,11.99
12.05,12,-14.75,207.63,3458.52,20.09522086,246.4284241,2387.003287,5.263715442,-18.06861853,232.3628238,2246.106479,5.530138635,-20.27165429,257.6056506,2335.618313,5.878380203,-28.11883003,312.5032789,2449.651648,5.3590737,-19.18094058,245.7021635,2281.795298,3581.63,221.96,-16.86,12
12.06,12.01,-14.75,207.48,3460.99,20.00613582,246.4988964,2387.868124,5.266249518,-18.06450085,232.3170366,2246.695014,5.53256191,-20.26613845,257.5565268,2336.242264,5.878941405,-28.11537427,312.4874986,2449.827003,5.361482989,-19.17629237,245.655951,2282.386987,3584.85,221.8,-16.82,12.01
12.07,12.02,-14.75,207.34,3462.75,19.73304523,246.8496957,2392.193399,5.278919898,-18.05244213,232.0881525,2249.63711,5.544678285,-20.24998579,257.3109747,2339.36143,5.881747413,-28.10522136,312.4086066,2450.703735,5.373529432,-19.16267999,245.4249449,2285.344878,3587.83,221.63,-16.78,12.02
12.08,12.03,-14.75,207.19,3464.75,19.66713134,246.9112088,2392.962826,5.28117241,-18.04808894,232.0474892,2250.15985,5.546832307,-20.24411634,257.2673558,2339.915642,5.882246259,-28.10167276,312.3945864,2450.859575,5.375671023,-19.15775719,245.3839063,2285.870438,3590.45,221.46,-16.75,12.03
12.09,12.04,-14.75,207.04,3466.87,19.61818769,246.9879288,2393.925332,5.283988049,-18.04580763,231.9966728,2250.813134,5.549524835,-20.2410612,257.2128487,2340.60826,5.882869816,-28.09975278,312.3770635,2451.054366,5.37834801,-19.15518117,245.3326219,2286.527253,3592.24,221.29,-16.71,12.04
12.1,12.05,-14.75,206.89,3470.05,19.22379946,247.1269309,2395.675338,5.289089331,-18.02704617,231.904616,2251.996615,5.55440581,-20.215895,257.1140526,2341.86371,5.884004222,-28.08399071,312.345187,2451.408728,5.383199743,-19.13399039,245.239686,2287.717541,3594.15,221.13,-16.67,12.05
12.11,12.06,-14.75,206.75,3470.05,19.13588899,247.1950347,2396.551449,5.291639972,-18.0229287,231.8586355,2252.587827,5.556846297,-20.21038565,257.064716,2342.490892,5.884571424,-28.08051192,312.3292577,2451.585868,5.385625609,-19.12934343,245.1932695,2288.312178,3596.17,220.96,-16.64,12.06
12.12,12.07,-14.76,206.6,3472.29,18.9049524,247.5339967,2400.93306,5.304393178,-18.01087057,231.6287854,2255.543304,5.569048735,-20.19425178,256.8181,2345.626206,5.887407438,-28.07029145,312.2496209,2452.471526,5.397754941,-19.11573474,244.9612434,2291.284803,3598.8,220.8,-16.6,12.07
12.13,12.08,-14.76,206.45,3476.06,18.76690419,247.5935293,2401.71248,5.306660414,-18.00651694,231.5879505,2256.068419,5.571218057,-20.18838904,256.7742922,2346.183285,5.887911619,-28.06671851,312.2354684,2452.628952,5.399911267,-19.11081258,244.9200236,2291.812979,3601.31,220.63,-16.57,12.08
12.14,12.09,-14.76,206.3,3477.36,18.73013427,247.6672557,2402.687489,5.30949446,-18.00423604,231.5369198,2256.724671,5.57392971,-20.18533779,256.7195491,2346.879485,5.888541844,-28.06478575,312.2177801,2452.825725,5.402606674,-19.10823757,244.8685128,2292.473063,3604.17,220.47,-16.53,12.09
12.15,12.1,-14.76,206.16,3480.07,18.3187436,247.8013143,2404.460142,5.314628705,-17.98547662,231.4444816,2257.913438,5.578845417,-20.16020077,256.6203239,2348.141444,5.889688429,-28.0489176,312.1856015,2453.183709,5.407491478,-19.08705357,244.7751728,2293.669197,3605.72,220.3,-16.5,12.1
12.16,12.11,-14.76,206.01,3481.25,18.23197446,247.8668714,2405.347548,5.317195827,-17.98135972,231.3983107,2258.507288,5.581303271,-20.15469785,256.570773,2348.771874,5.890261721,-28.0454156,312.1695212,2453.36266,5.40993388,-19.08240822,244.7285546,2294.266752,3605.72,220.14,-16.47,12.11
12.17,12.12,-14.76,205.86,3483.13,17.97623028,248.193104,2409.785591,5.33003144,-17.96930323,231.1675089,2261.475948,5.593592539,-20.13858259,256.3230866,2351.923421,5.893128183,-28.03512714,312.0891301,2454.257367,5.422145889,-19.06880419,244.49552,2297.253958,3608.11,219.98,-16.43,12.12
12.18,12.13,-14.76,205.72,3485.96,17.88590483,248.2502874,2410.575015,5.332313326,-17.96494956,231.126505,2262.003404,5.595777297,-20.13272655,256.2790886,2352.483383,5.893637777,-28.03152955,312.0748436,2454.416402,5.424316913,-19.06388309,244.4541212,2297.784723,3612.89,219.81,-16.4,12.13
12.19,12.14,-14.76,205.57,3488.91,17.82288188,248.3213426,2411.562555,5.335165685,-17.96266927,231.0752631,2262.66258,5.598508246,-20.12967914,256.224108,2353.183185,5.894274768,-28.02958389,312.0569878,2454.615185,5.427030693,-19.06130928,244.4023867,2298.448041,3613.85,219.65,-16.37,12.14
12.2,12.15,-14.77,205.42,3490.8,17.40540993,248.4502049,2413.357964,5.340332746,-17.94391346,230.9824489,2263.85656,5.603459193,-20.10457006,256.124447,2354.451737,5.895433664,-28.01360948,312.0245045,2454.976827,5.431948511,-19.0401335,244.3086466,2299.649968,3615.88,219.48,-16.34,12.15
12.21,12.16,-14.77,205.27,3493.51,17.31377049,248.5131268,2414.256717,5.342916276,-17.93979747,230.9360903,2264.45301,5.605934666,-20.0990733,256.0746787,2355.085458,5.896013111,-28.01008424,312.008272,2455.157605,5.43440742,-19.03549007,244.2618286,2300.250412,3617.68,219.32,-16.31,12.16
12.22,12.17,-14.77,205.13,3493.51,17.04803523,248.8260801,2418.751451,5.355833928,-17.9277436,230.7043502,2267.434667,5.618312033,-20.08297585,255.8259051,2358.25345,5.898910349,-27.99972771,311.9271202,2456.06145,5.446701965,-19.02189158,244.0277959,2303.252064,3620.55,219.16,-16.27,12.17
12.23,12.18,-14.77,204.98,3495.64,16.9479566,248.8808623,2419.550929,5.3581304,-17.9233903,230.6631796,2267.96443,5.620512453,-20.07712623,255.7817141,2358.816332,5.899425414,-27.99610538,311.9126985,2456.222109,5.448887662,-19.01697192,243.9862199,2303.785394,3622.7,219,-16.24,12.18
12.24,12.19,-14.77,204.83,3499.3,16.89578544,248.9489022,2420.551044,5.361000989,-17.9211108,230.6117295,2268.626489,5.623262979,-20.0740825,255.7264922,2359.519782,5.900069245,-27.99414681,311.8946738,2456.422922,5.451619784,-19.01439948,243.9342638,2304.451916,3625.57,218.84,-16.21,12.19
12.25,12.2,-14.77,204.68,3500.84,16.47448168,249.072304,2422.369299,5.366200744,-17.90236006,230.5185441,2269.825614,5.628249663,-20.04900021,255.6263891,2360.795009,5.90124062,-27.97806543,311.8618821,2456.788267,5.45657059,-18.99323321,243.8401272,2305.659587,3627.01,218.67,-16.18,12.2
12.26,12.21,-14.77,204.53,3502.61,16.38324296,249.1324664,2423.279441,5.368800622,-17.89824529,230.4720002,2270.424631,5.630743006,-20.04350937,255.5764001,2361.432062,5.901826308,-27.97451679,311.8454957,2456.970897,5.459045993,-18.98859197,243.7931113,2306.262899,3628.44,218.51,-16.15,12.21
12.27,12.22,-14.77,204.39,3505.56,16.11811378,249.4316123,2427.831075,5.38180001,-17.88619493,230.239334,2273.419116,5.643209716,-20.027429,255.3265235,2364.616703,5.904754747,-27.96409173,311.763574,2457.883998,5.471423009,-18.97499982,243.5580892,2309.278877,3628.44,218.35,-16.12,12.22
12.28,12.23,-14.77,204.24,3507.93,16.01670361,249.4839331,2428.640644,5.384111012,-17.88184238,230.1979989,2273.951156,5.64542602,-20.02158555,255.2821366,2365.182541,5.905275359,-27.96044452,311.7490156,2458.046302,5.473623367,-18.97008193,243.5163374,2309.814751,3630.84,218.19,-16.09,12.23
12.29,12.24,-14.77,204.09,3508.99,15.96339883,249.5488757,2429.653379,5.386999765,-17.87956384,230.1463433,2274.61606,5.6481964,-20.01854536,255.22667,2365.889685,5.905926123,-27.95847294,311.73082,2458.249171,5.476373815,-18.96751101,243.4641618,2310.484452,3635.51,218.03,-16.06,12.24
12.3,12.25,-14.77,203.94,3511.95,15.53760273,249.6666536,2431.494555,5.392232119,-17.86081949,230.0527911,2275.820267,5.653219025,-19.99349024,255.1261244,2367.171592,5.907110128,-27.94228423,311.6977171,2458.618262,5.481357616,-18.94635539,243.3696315,2311.697828,3637.91,217.86,-16.02,12.25
12.31,12.26,-14.77,203.79,3513.13,15.43305182,249.7239717,2432.416121,5.394848296,-17.85670624,230.006064,2276.42182,5.655730337,-19.98800539,255.0759145,2367.811978,5.90770213,-27.9387121,311.6811752,2458.802763,5.483849516,-18.94171658,243.3224191,2312.303987,3638.99,217.7,-15.99,12.26
12.32,12.27,-14.77,203.64,3515.73,15.09345633,250.0086341,2437.02483,5.407929181,-17.84466022,229.7724825,2279.428977,5.668286898,-19.97194232,254.8249339,2371.013281,5.910662141,-27.92821824,311.5984763,2459.72522,5.496309017,-18.92813145,243.0864148,2315.334194,3640.78,217.54,-15.96,12.27
12.33,12.28,-14.78,203.5,3515.73,15.05906109,250.0581272,2437.84452,5.410254671,-17.84030875,229.7309849,2279.963267,5.670519175,-19.96610518,254.780351,2371.582077,5.911188365,-27.92454611,311.5837798,2459.889187,5.498524039,-18.92321562,243.0444885,2315.872595,3642.7,217.38,-15.93,12.28
12.34,12.29,-14.78,203.35,3518.34,15.00856995,250.1201464,2438.869906,5.413161535,-17.83803134,229.6791261,2280.630982,5.673309522,-19.96306853,254.7246394,2372.292916,5.911846146,-27.92256147,311.5654116,2460.094135,5.501292817,-18.92064637,242.992095,2316.545451,3645.34,217.23,-15.9,12.29
12.35,12.3,-14.78,203.2,3521.65,14.58139494,250.2320053,2440.73406,5.418426418,-17.8192946,229.585211,2281.840215,5.678369163,-19.93803665,254.6236335,2373.581731,5.913042921,-27.90626515,311.5319946,2460.467008,5.506309504,-18.89950297,242.897176,2317.764467,3646.54,217.07,-15.87,12.3
12.36,12.31,-14.78,203.05,3522.95,14.48852301,250.2863429,2441.667074,5.42105886,-17.81518311,229.5383027,2282.444276,5.680898983,-19.93255695,254.5731938,2374.225564,5.913641309,-27.90266949,311.5152958,2460.6534,5.508817847,-18.89486694,242.8497696,2318.373439,3648.7,216.91,-15.83,12.31
12.37,12.32,-14.78,202.9,3526.27,14.230304,250.5563006,2446.332979,5.434221068,-17.80314219,229.3038156,2285.463966,5.693548084,-19.9165087,254.3210649,2377.444094,5.916633247,-27.89210667,311.4318127,2461.58531,5.521359564,-18.88128982,242.6127955,2321.417707,3650.86,216.75,-15.8,12.32
12.38,12.33,-14.77,202.75,3528.05,14.11122796,250.6034377,2447.162806,5.436561016,-17.79879211,229.2621571,2286.000481,5.695796814,-19.91067693,254.276278,2378.015948,5.917165148,-27.88840954,311.4169769,2461.750957,5.523589202,-18.87637647,242.5706971,2321.958604,3650.86,216.59,-15.77,12.33
12.39,12.34,-14.77,202.61,3529.94,14.05245478,250.6617336,2448.200875,5.439485951,-17.79651597,229.2100974,2286.670975,5.698607725,-19.90764336,254.2203117,2378.73061,5.917830023,-27.88641182,311.3984347,2461.958004,5.52637625,-18.87380906,242.5180883,2322.63458,3653.74,216.43,-15.74,12.34
12.4,12.35,-14.77,202.46,3531.84,13.61142241,250.7675318,2450.088064,5.444783165,-17.7777885,229.1158254,2287.88515,5.703667555,-19.8828168,254.1195824,2380.016921,5.919039717,-27.87000759,311.3647006,2462.334701,5.531426051,-18.85267804,242.4227794,2323.859248,3657.34,216.27,-15.7,12.35
12.41,12.36,-14.77,202.31,3533.26,13.53080044,250.8187706,2451.032555,5.447431772,-17.77367915,229.0687391,2288.491675,5.70619747,-19.87738148,254.0692806,2380.659504,5.919644564,-27.86638832,311.3478435,2462.523004,5.533950951,-18.84804481,242.3751782,2324.471041,3658.54,216.11,-15.67,12.36
12.42,12.37,-14.77,202.16,3536.34,13.35330703,251.0734474,2455.755781,5.460674806,-17.76164435,228.8333616,2291.523684,5.718847046,-19.86146241,253.8178401,2383.871784,5.9226688,-27.85575636,311.263569,2463.464466,5.546575453,-18.83447578,242.1372311,2327.529406,3659.86,215.95,-15.64,12.37
12.43,12.38,-14.77,202.02,3537.53,13.13801904,251.1181294,2456.595761,5.463029124,-17.75729609,228.7915451,2292.062386,5.72109586,-19.85568057,253.7731754,2384.442529,5.923206442,-27.85203414,311.2485926,2463.63181,5.548819809,-18.82956498,242.0949598,2328.072806,3662.15,215.8,-15.6,12.38
12.44,12.39,-14.77,201.87,3537.53,13.08988091,251.1725495,2457.646549,5.46597202,-17.75502142,228.7392878,2292.735612,5.723906877,-19.8521878,253.7173608,2385.15581,5.923878495,-27.85002331,311.2298746,2463.840979,5.551625254,-18.82699943,242.0421351,2328.751909,3662.51,215.64,-15.57,12.39
12.45,12.4,-14.77,201.72,3540.73,12.65451353,251.2721043,2459.556843,5.471301554,-17.73630417,228.6446618,2293.954685,5.725578284,-19.8445348,253.6841797,2385.579868,5.925101255,-27.83351091,311.1958207,2464.221538,5.556708282,-18.80588142,241.946437,2329.982216,3664.79,215.48,-15.54,12.4
12.46,12.41,-14.77,201.57,3543.22,12.56700338,251.3202262,2460.512842,5.47396632,-17.73219716,228.5973987,2294.563655,5.726413987,-19.84273539,253.6675955,2385.791838,5.925712635,-27.82986798,311.1788039,2464.411771,5.559249797,-18.80125114,241.8986415,2330.596822,3666.47,215.32,-15.5,12.41
12.47,12.42,-14.77,201.42,3546.31,12.35801195,251.5591714,2465.293561,5.487290154,-17.72016908,228.3611378,2297.607877,5.730592505,-19.83744655,253.5846823,2386.851619,5.928769535,-27.81916673,311.0937307,2465.362884,5.571957369,-18.78769056,241.6597233,2333.669251,3668.76,215.17,-15.47,12.42
12.48,12.43,-14.77,201.28,3548.09,12.17159473,251.6009442,2466.143735,5.489658835,-17.71582289,228.3191644,2298.148746,5.731335353,-19.83561067,253.5699461,2387.039989,5.929312984,-27.81541935,311.0786124,2465.531943,5.574216493,-18.78278249,241.6172796,2334.215147,3670.08,215.01,-15.43,12.43
12.49,12.44,-14.77,201.13,3549.99,12.12365058,251.6519858,2467.207255,5.492619687,-17.71354979,228.2667111,2298.824681,5.732263913,-19.83461116,253.5515276,2387.275435,5.929992295,-27.81339537,311.0597172,2465.743256,5.577040398,-18.78021887,241.5642394,2334.897369,3670.08,214.85,-15.4,12.44
12.5,12.45,-14.76,200.98,3551.89,11.68249269,251.7451324,2469.140716,5.497981492,-17.69484386,228.1717345,2300.048603,5.733952703,-19.8264121,253.5180311,2387.70363,5.931228269,-27.79677454,311.0253405,2466.127718,5.582156656,-18.75911497,241.468155,2336.133274,3672.48,214.69,-15.37,12.45
12.51,12.46,-14.76,200.83,3553.55,11.58932402,251.790011,2470.108251,5.500662395,-17.69073942,228.1242963,2300.659991,5.734797099,-19.82459915,253.5012897,2387.917664,5.931846256,-27.79310791,311.0081625,2466.319901,5.584714785,-18.75448787,241.4201667,2336.750674,3675.13,214.54,-15.34,12.46
12.52,12.47,-14.76,200.69,3555.45,11.33555775,252.0126144,2474.946593,5.514066909,-17.67871873,227.8871605,2303.716299,5.739019076,-19.81927143,253.4175907,2388.987764,5.93493619,-27.78233722,310.9222836,2467.280763,5.597505429,-18.74093642,241.1802848,2339.837061,3677.06,214.38,-15.3,12.47
12.53,12.48,-14.76,200.54,3557.47,11.19647367,252.0513218,2475.806977,5.516449933,-17.67437488,227.8450317,2304.259314,5.739769649,-19.81741989,253.4027149,2389.177968,5.935485512,-27.77856461,310.9070222,2467.451555,5.599779322,-18.73603137,241.1376699,2340.385436,3678.38,214.23,-15.27,12.48
12.54,12.49,-14.76,200.39,3559.02,11.14826491,252.0989453,2476.883265,5.519428714,-17.67210349,227.7923842,2304.937929,5.740707866,-19.81641276,253.3841219,2389.415705,5.936172164,-27.77652746,310.887948,2467.665033,5.602621687,-18.73346981,241.0844159,2341.070754,3681.51,214.07,-15.24,12.49
12.55,12.5,-14.76,200.24,3559.02,10.70528614,252.1854729,2478.839946,5.524822838,-17.6534096,227.6970587,2306.166669,5.742414984,-19.80814746,253.350293,2389.848262,5.937421502,-27.75979796,310.8532457,2468.053438,5.607771372,-18.7123803,240.9879444,2342.312263,3683.68,213.92,-15.21,12.5
12.56,12.51,-14.75,200.1,3561.4,10.60668899,252.2270176,2479.819041,5.5275199,-17.64930789,227.6494464,2306.780461,5.743268543,-19.80631994,253.3333855,2390.064475,5.938046171,-27.75610757,310.8359051,2468.247591,5.610346215,-18.70775642,240.939763,2342.932459,3685.84,213.77,-15.18,12.51
12.57,12.52,-14.75,199.95,3565.2,10.31590427,252.432828,2484.715122,5.541005209,-17.63729505,227.41144,2309.848782,5.747536338,-19.8009497,253.2488562,2391.14547,5.941169516,-27.74526731,310.7492132,2469.218303,5.623220428,-18.69421426,240.6989153,2346.03282,3688.25,213.62,-15.15,12.52
12.58,12.53,-14.75,199.8,3566.98,10.20908445,252.4684134,2485.585738,5.543402598,-17.63295374,227.3691565,2310.393929,5.748295057,-19.79908281,253.2338329,2391.337609,5.941724777,-27.74146939,310.7338073,2469.390846,5.625509177,-18.68931233,240.656129,2346.583676,3690.18,213.47,-15.12,12.53
12.59,12.54,-14.75,199.65,3569.01,10.17221385,252.5124754,2486.674815,5.546399333,-17.63068413,227.3163158,2311.075208,5.749243456,-19.79806747,253.2150555,2391.577767,5.942418854,-27.73941904,310.7145526,2469.606512,5.628370114,-18.68675285,240.6026607,2347.272094,3692.59,213.32,-15.09,12.54
12.6,12.55,-14.74,199.51,3571.15,9.733065025,252.5922343,2488.654737,5.551825852,-17.61200291,227.2206426,2312.308744,5.750968967,-19.78973616,253.1808937,2392.014692,5.943681708,-27.72258063,310.6795218,2469.998899,5.633553408,-18.66567806,240.5058018,2348.519208,3692.59,213.17,-15.06,12.55
12.61,12.56,-14.74,199.36,3573.53,9.633900512,252.6303921,2489.645401,5.554539111,-17.60790407,227.1728567,2312.924928,5.751831723,-19.78789405,253.16382,2392.233088,5.944313135,-27.71886643,310.662017,2470.195043,5.636145055,-18.66105749,240.4574269,2349.1422,3695.73,213.03,-15.04,12.56
12.62,12.57,-14.74,199.21,3575.91,9.342339511,252.8192373,2494.599266,5.568105407,-17.59589945,226.9339826,2316.005204,5.756145501,-19.78248084,253.0784594,2393.324997,5.94747027,-27.70795646,310.5745048,2471.175707,5.64910329,-18.64752481,240.2156125,2352.25654,3700.55,212.88,-15.01,12.57
12.63,12.58,-14.74,199.07,3577.1,9.238497417,252.8517937,2495.480122,5.570517193,-17.59156086,226.8915451,2316.552474,5.756912395,-19.78059924,253.0632883,2393.519076,5.948031538,-27.70413317,310.5589532,2471.350019,5.651406976,-18.6426261,240.1726545,2352.809877,3701.88,212.73,-14.99,12.58
12.64,12.59,-14.73,198.92,3579.13,9.198707092,252.8920799,2496.581992,5.573531925,-17.5892931,226.8385118,2317.236404,5.757871013,-19.77957575,253.0443263,2393.761657,5.948733124,-27.70206959,310.5395165,2471.567895,5.654286584,-18.64006874,240.1189717,2353.501395,3705.13,212.59,-14.96,12.59
12.65,12.6,-14.73,198.77,3581.39,8.765620462,252.9649452,2498.58522,5.578991014,-17.57062484,226.7424903,2318.474736,5.759615415,-19.77117657,253.0098228,2394.203068,5.950009648,-27.68512205,310.5041541,2471.964306,5.659503772,-18.6190086,240.021723,2354.754141,3707.43,212.44,-14.94,12.6
12.66,12.61,-14.73,198.62,3581.39,8.669134551,252.9996626,2499.587484,5.581720559,-17.56652892,226.6945305,2319.093312,5.760487616,-19.76931949,252.9925783,2394.423706,5.950647909,-27.681384,310.4864838,2472.162461,5.662112366,-18.61439132,239.9731535,2355.379943,3710.69,212.3,-14.92,12.61
12.67,12.62,-14.72,198.47,3584.01,8.417414456,253.1713385,2504.599282,5.595368281,-17.55453269,226.4547874,2322.185542,5.764848622,-19.76386219,252.9063642,2395.52682,5.953839219,-27.67040418,310.3981439,2473.153178,5.675155336,-18.60086808,239.7303666,2358.508324,3712.98,212.15,-14.9,12.62
12.68,12.63,-14.72,198.33,3586.99,8.263426903,253.2009725,2505.490404,5.597794542,-17.55019689,226.4121955,2322.734934,5.765623912,-19.76196532,252.8910415,2395.72289,5.954406563,-27.66655546,310.3824453,2473.329277,5.677474086,-18.5959726,239.6872358,2359.064154,3716.12,212.01,-14.88,12.63
12.69,12.64,-14.71,198.18,3588.54,8.225217724,253.2371595,2506.605097,5.600827369,-17.54793103,226.3589694,2323.421515,5.766593024,-19.76093354,252.87189,2395.967961,5.955115742,-27.66447862,310.3628248,2473.549386,5.680372524,-18.59341734,239.6333372,2359.758787,3718.66,211.86,-14.86,12.64
12.7,12.65,-14.71,198.03,3591.76,7.789795847,253.302984,2508.631701,5.606319103,-17.52927635,226.2626009,2324.664618,5.768356539,-19.75246604,252.8370413,2396.413904,5.956406092,-27.64742171,310.3271279,2473.949863,5.685623997,-18.57237137,239.5356944,2361.017216,3721.2,211.72,-14.84,12.65
12.71,12.66,-14.71,197.88,3593.07,7.696522911,253.3341539,2509.645596,5.609064969,-17.52518349,226.2144678,2325.285574,5.769238297,-19.75059394,252.8196244,2396.636807,5.957051266,-27.64365977,310.3092905,2474.150049,5.688249734,-18.56775727,239.4869282,2361.645853,3721.2,211.58,-14.82,12.66
12.72,12.67,-14.7,197.74,3595.1,7.44399747,253.4881376,2514.71548,5.622794303,-17.51319603,225.9738587,2328.389699,5.773647085,-19.74509258,252.7325482,2397.751243,5.960277139,-27.63260997,310.2201156,2475.150924,5.701378419,-18.55424313,239.243158,2364.788403,3724.95,211.43,-14.81,12.67
12.73,12.68,-14.7,197.59,3597.37,7.297134107,253.5146143,2515.616888,5.625235073,-17.5088632,225.931113,2328.941202,5.774430869,-19.74318,252.7170723,2397.949325,5.960850628,-27.62873576,310.2042686,2475.328827,5.703712407,-18.5493508,239.1998526,2365.346748,3728.82,211.29,-14.79,12.68
12.74,12.69,-14.69,197.44,3599.28,7.266365968,253.5469247,2516.744445,5.628286036,-17.5065993,225.8776947,2329.63042,5.7754106,-19.74213991,252.6977294,2398.19691,5.961567488,-27.62664564,310.1844627,2475.551193,5.706629893,-18.54679757,239.1457358,2366.044524,3731.72,211.14,-14.78,12.69
12.75,12.7,-14.69,197.29,3601.43,6.831743073,253.605676,2518.794474,5.63381059,-17.48795848,225.7809786,2330.878294,5.777193458,-19.73360366,252.6625319,2398.647434,5.962871821,-27.60947916,310.1484284,2475.955777,5.711916029,-18.52576538,239.0476949,2367.308681,3732.93,211,-14.77,12.7
12.76,12.71,-14.68,197.15,3603.22,6.723737795,253.6332946,2519.820023,5.636572867,-17.48386874,225.732672,2331.50163,5.778084887,-19.73171647,252.6449408,2398.872625,5.963523987,-27.60569327,310.1304224,2476.158015,5.714559097,-18.52115438,238.99873,2367.940176,3735.72,210.85,-14.76,12.71
12.77,12.72,-14.67,197,3603.22,6.334423287,253.7692044,2524.948108,5.650384253,-17.47189021,225.4911955,2334.617645,5.782542032,-19.72617093,252.5569937,2399.998505,5.966784817,-27.59457337,310.040405,2477.169152,5.727774438,-18.50764907,238.7539667,2371.097011,3737.65,210.71,-14.75,12.72
12.78,12.73,-14.67,196.85,3605.49,6.364352984,253.7919672,2525.859828,5.65283961,-17.46756045,225.4482958,2335.171259,5.783334414,-19.7242424,252.541363,2400.19862,5.96736452,-27.5906736,310.0244083,2477.348879,5.730123831,-18.50275982,238.7104849,2371.657892,3740.56,210.56,-14.74,12.73
12.79,12.74,-14.66,196.7,3608.71,6.306477791,253.8211438,2527.000263,5.655908807,-17.46529853,225.394685,2335.863115,5.78432489,-19.72319393,252.5218267,2400.448747,5.968089149,-27.58857018,310.0044154,2477.573524,5.733060574,-18.50020857,238.6561478,2372.358836,3742.74,210.42,-14.73,12.74
12.8,12.75,-14.66,196.56,3611.22,5.86388553,253.872663,2529.073799,5.661466381,-17.44667177,225.2976203,2337.115762,5.786127338,-19.71458845,252.4862766,2400.903904,5.969407624,-27.57129391,309.9680405,2477.982257,5.738381799,-18.47918959,238.557704,2373.628779,3745.04,210.27,-14.73,12.75
12.81,12.76,-14.65,196.41,3613.37,5.759309177,253.8966148,2530.11104,5.664245168,-17.4425852,225.2491397,2337.741479,5.787028562,-19.71268606,252.4685094,2401.131411,5.970066862,-27.56748404,309.9498645,2478.186569,5.741042411,-18.47458156,238.508538,2374.263161,3747.47,210.13,-14.72,12.76
12.82,12.77,-14.64,196.26,3615.04,5.363571423,254.0142379,2535.297511,5.678139103,-17.43061573,225.0067936,2340.869395,5.791534682,-19.707096,252.3796817,2402.268864,5.973363049,-27.55629392,309.8589969,2479.208072,5.754345474,-18.4610847,238.2627695,2377.434423,3747.47,209.98,-14.71,12.77
12.83,12.78,-14.64,196.12,3616.84,5.416839133,254.0337118,2536.219563,5.680609136,-17.42628909,224.9637394,2341.425121,5.79233577,-19.70515143,252.3638945,2402.471036,5.973949038,-27.55236854,309.8428492,2479.389642,5.756710463,-18.45619843,238.2191092,2377.997865,3749.05,209.84,-14.71,12.78
12.84,12.79,-14.63,195.97,3619.71,5.346739704,254.0589232,2537.372931,5.683696677,-17.42402918,224.9099356,2342.119615,5.79333713,-19.70409451,252.3441626,2402.723733,5.974681524,-27.55025179,309.8226676,2479.61659,5.759666699,-18.45364908,238.164549,2378.702009,3753.9,209.69,-14.71,12.79
12.85,12.8,-14.62,195.82,3621.38,4.931545202,254.1030576,2539.470055,5.689287417,-17.40541688,224.8125224,2343.377028,5.795159376,-19.69541949,252.3082569,2403.183566,5.976014303,-27.53286553,309.7859492,2480.029515,5.765020545,-18.43265413,238.065751,2379.977105,3756.57,209.54,-14.7,12.8
12.86,12.81,-14.61,195.68,3623.78,4.837059732,254.1234112,2540.519027,5.692082788,-17.40133355,224.7638678,2344.005122,5.796070499,-19.69350181,252.290312,2403.413409,5.976680692,-27.52903164,309.7676016,2480.235922,5.767697468,-18.4280514,238.0164082,2380.614058,3757.41,209.4,-14.7,12.81
12.87,12.82,-14.6,195.53,3624.85,4.580179907,254.2232294,2545.764089,5.706059639,-17.38937337,224.520652,2347.144916,5.800626115,-19.68786696,252.2005959,2404.562543,5.98001264,-27.51777119,309.6758763,2481.267899,5.781082083,-18.4145698,237.7697559,2383.798168,3760.33,209.25,-14.7,12.82
12.88,12.83,-14.6,195.38,3624.85,4.447659045,254.2400324,2546.696531,5.708544412,-17.38504998,224.4774433,2347.70275,5.801436003,-19.68590637,252.184651,2404.766791,5.980604986,-27.51382012,309.6595762,2481.45133,5.78346157,-18.40968917,237.7259386,2384.363891,3762.39,209.11,-14.7,12.83
12.89,12.84,-14.59,195.24,3628.44,4.415497097,254.2603481,2547.86284,5.711650379,-17.38279211,224.4234465,2348.399878,5.802448362,-19.68484094,252.1647218,2405.022082,5.981345419,-27.51169003,309.6392042,2481.680604,5.786435928,-18.40714298,237.6711823,2385.070884,3764.58,208.96,-14.7,12.84
12.9,12.85,-14.58,195.09,3631.32,3.993664949,254.2971771,2549.983598,5.717274697,-17.36419378,224.3256802,2349.662107,5.804290627,-19.67609602,252.1284571,2405.486636,5.982692665,-27.49419358,309.6021391,2482.097764,5.791779169,-18.38634116,237.5728285,2386.340818,3766.52,208.82,-14.7,12.85
12.91,12.86,-14.57,194.94,3633.35,3.888887592,254.3138324,2551.044322,5.720086856,-17.36011359,224.2768493,2350.292603,5.80521176,-19.67416297,252.1103328,2405.718838,5.983366288,-27.49033563,309.5836184,2482.306288,5.79445079,-18.38178031,237.5237072,2386.975194,3769.31,208.67,-14.7,12.86
12.92,12.87,-14.56,194.8,3634.31,3.521209628,254.3949241,2556.348068,5.73414765,-17.34816238,224.0327523,2353.4444,5.809817423,-19.66848309,252.0197202,2406.879765,5.986734405,-27.47900474,309.4910278,2483.348846,5.807808892,-18.36842059,237.2781615,2390.146423,3770.77,208.52,-14.7,12.87
12.93,12.88,-14.55,194.65,3636.71,3.534501837,254.4079774,2557.290898,5.736647347,-17.34384213,223.9893872,2354.004364,5.810636208,-19.66650641,252.003616,2407.086108,5.987333181,-27.47502795,309.474574,2483.534157,5.810183666,-18.36358679,237.2345406,2390.709858,3770.77,208.37,-14.7,12.88
12.94,12.89,-14.54,194.51,3638.39,3.478586598,254.4248757,2558.470196,5.739771968,-17.34158625,223.9351948,2354.704154,5.811659688,-19.66543244,251.9834877,2407.344018,5.988081651,-27.47288447,309.4540098,2483.765782,5.813152133,-18.36106365,237.1800296,2391.413992,3773.2,208.23,-14.7,12.89
12.95,12.9,-14.53,194.36,3640.42,3.057411914,254.4541959,2560.614691,5.745423831,-17.32302258,223.8371826,2355.969805,5.813522192,-19.65661727,251.9468608,2407.813339,5.989443531,-27.45527766,309.4165951,2484.187221,5.818447192,-18.34059744,237.0828067,2392.669875,3776.73,208.08,-14.7,12.9
12.96,12.91,-14.52,194.21,3643.18,3.001612842,254.467081,2561.687216,5.748249762,-17.31895001,223.7882289,2356.602007,5.814453444,-19.65466878,251.9285555,2408.047922,5.990124471,-27.45139561,309.3978997,2484.397883,5.821094722,-18.33610935,237.0342494,2393.297237,3778.67,207.93,-14.71,12.91
12.97,12.92,-14.51,194.07,3645.22,2.992108439,254.5303307,2567.049888,5.76237942,-17.30702082,223.5435181,2359.762332,5.819109702,-19.64894365,251.8370383,2409.220753,5.99352917,-27.43999417,309.3044359,2485.451131,5.83433237,-18.3229626,236.7915224,2396.433408,3780.01,207.79,-14.71,12.92
12.98,12.93,-14.5,193.92,3646.18,2.597965092,254.5415395,2568.003137,5.764891359,-17.30270877,223.5000439,2360.32381,5.819937482,-19.64695078,251.8207733,2409.429212,5.99413445,-27.43599159,309.287827,2485.638342,5.836685729,-18.31820942,236.7484019,2396.990618,3781.96,207.64,-14.71,12.93
12.99,12.94,-14.49,193.78,3646.18,2.569977851,254.5522477,2569.19549,5.768031282,-17.30045731,223.4457153,2361.02549,5.820972206,-19.64586824,251.8004442,2409.689767,5.99489105,-27.43383473,309.2670691,2485.872341,5.839627429,-18.31535872,236.6945153,2397.686981,3784.03,207.49,-14.71,12.94
13,12.95,-14.47,193.63,3648.94,2.15313787,254.5741386,2571.363755,5.77363223,-17.28218465,223.3488164,2362.276998,5.822855169,-19.63698249,251.7634518,2410.163897,5.99626773,-27.41611737,309.2293014,2486.298103,5.841376486,-18.30901112,236.6624806,2398.100966,3786.71,207.34,-14.71,12.95
13.01,12.96,-14.46,193.48,3652.18,2.090011372,254.5833087,2572.448098,5.776432703,-17.27817521,223.3004181,2362.902141,5.82379665,-19.6350185,251.7449639,2410.400884,5.996956071,-27.41221119,309.2104298,2486.510925,5.842251014,-18.30752546,236.6464689,2398.307899,3789.26,207.2,-14.71,12.96
13.02,12.97,-14.45,193.34,3653.86,2.032250851,254.6278151,2577.869773,5.790435072,-17.26642996,223.0584827,2366.027184,5.828504056,-19.62924793,251.6525339,2411.585733,6.000397771,-27.4007391,309.1160852,2487.574973,5.846623657,-18.30315863,236.5664166,2399.342495,3791.7,207.05,-14.71,12.97
13.03,12.98,-14.44,193.2,3656.14,1.690787685,254.6355087,2578.833471,5.792924381,-17.26218845,223.0155012,2366.582397,5.829340929,-19.62723878,251.6361067,2411.796327,6.001009629,-27.39671068,309.0993198,2487.764103,5.847401016,-18.30164503,236.5521885,2399.526386,3793.65,206.9,-14.71,12.98
13.04,12.99,-14.42,193.05,3658.3,1.669646844,254.6423546,2580.038871,5.796036019,-17.25965579,222.9617875,2367.276257,5.830387019,-19.62614762,251.6155749,2412.05955,6.001774452,-27.39454041,309.0783663,2488.000501,5.848372715,-18.30081981,236.5344048,2399.756235,3793.65,206.75,-14.71,12.99
13.05,13,-14.41,192.91,3659.86,1.272428733,254.6567283,2582.231059,5.79788613,-17.25397412,222.9298552,2367.688754,5.832290663,-19.61719096,251.5782137,2412.538537,6.003166103,-27.37671233,309.0402427,2488.43063,5.850139367,-18.29405371,236.5020737,2400.174109,3795.11,206.6,-14.71,13
13.06,13.01,-14.4,192.76,3661.91,1.177692144,254.6622054,2583.327292,5.798811186,-17.25264685,222.9138944,2367.89494,5.833242486,-19.61521139,251.5595416,2412.77795,6.003861928,-27.37278198,309.0211933,2488.645635,5.851022693,-18.2925568,236.485914,2400.382982,3798.64,206.45,-14.71,13.01
13.07,13.02,-14.39,192.62,3664.19,0.861338847,254.6875519,2588.80835,5.803436464,-17.24874553,222.8340961,2368.925794,5.838001597,-19.6093952,251.4661906,2413.974928,6.007341055,-27.36123916,308.9259599,2489.720593,5.855439323,-18.28815765,236.4051226,2401.427274,3802.18,206.3,-14.71,13.02
13.08,13.03,-14.37,192.48,3666.11,0.838825782,254.6908475,2589.78258,5.804258735,-17.24739407,222.8199129,2369.109018,5.838847661,-19.60736967,251.4495998,2414.187678,6.007959566,-27.35718485,308.9090366,2489.911662,5.856224502,-18.28663124,236.3907631,2401.612889,3802.79,206.15,-14.71,13.03
13.09,13.04,-14.36,192.33,3667.43,0.789914802,254.695199,2591.001083,5.805286575,-17.24665686,222.8021854,2369.338032,5.839905241,-19.60626985,251.4288635,2414.453595,6.008732705,-27.35500114,308.8878858,2490.150483,5.857205975,-18.28579968,236.3728153,2401.844891,3805.1,206,-14.7,13.04
13.1,13.05,-14.34,192.19,3667.43,0.395405918,254.7020724,2593.21731,5.807155971,-17.24061035,222.7699445,2369.754538,5.841829793,-19.59724196,251.3911302,2414.937482,6.010139498,-27.33706218,308.849403,2490.585025,5.858991152,-18.2789789,236.3401719,2402.266858,3806.81,205.85,-14.7,13.05
13.11,13.06,-14.33,192.04,3670.2,0.308661041,254.7037927,2594.32549,5.80809067,-17.2392724,222.7538298,2369.962723,5.842792069,-19.59524675,251.3722723,2415.179345,6.010842894,-27.33310764,308.8301742,2490.802234,5.85988374,-18.27746994,236.3238563,2402.477777,3808.88,205.7,-14.7,13.06
13.12,13.07,-14.32,191.9,3673.45,0.038458241,254.7105072,2599.866204,5.812764161,-17.23534041,222.6732622,2371.003573,5.847603448,-19.58938473,251.2779921,2416.388565,6.014359876,-27.32149398,308.7340442,2491.888216,5.864346683,-18.27303553,236.242285,2403.532294,3810.23,205.55,-14.69,13.07
13.13,13.08,-14.3,191.75,3675.25,-0.036260888,254.710656,2600.850992,5.813595004,-17.23397664,222.6589423,2371.188573,5.848458804,-19.58734274,251.2612362,2416.60349,6.014985117,-27.31741373,308.7169616,2492.081244,5.865140095,-18.27149659,236.227787,2403.719726,3811.2,205.4,-14.69,13.08
13.14,13.09,-14.29,191.61,3677.54,-0.072378527,254.7105906,2602.082689,5.814633558,-17.23323338,222.6410439,2371.419807,5.849527999,-19.58623424,251.2402936,2416.872126,6.015766669,-27.31521658,308.6956118,2492.322513,5.866131859,-18.27065823,236.209666,2403.953999,3814.01,205.25,-14.68,13.09
13.15,13.1,-14.27,191.47,3679.22,-0.467719086,254.709954,2604.32297,5.816523284,-17.22713482,222.6084778,2371.840538,5.851473685,-19.57713479,251.2021849,2417.360961,6.017188777,-27.29716658,308.6567666,2492.761512,5.867936537,-18.26377942,236.1766933,2404.380282,3814.01,205.1,-14.68,13.1
13.16,13.11,-14.26,191.33,3681.39,-0.534416392,254.7078971,2605.443104,5.817468147,-17.22578538,222.5922006,2372.050834,5.852446528,-19.57512387,251.1831394,2417.605295,6.017899832,-27.29318781,308.6373568,2492.980949,5.868838876,-18.26225762,236.1602132,2404.593356,3816.33,204.95,-14.67,13.11
13.17,13.12,-14.24,191.18,3683.44,-0.687832842,254.6961461,2611.043495,5.822192462,-17.22181984,222.5108205,2373.102237,5.857310743,-19.56921581,251.0879218,2418.826872,6.021455103,-27.28150324,308.5403221,2494.078066,5.873350569,-18.25778538,236.0778195,2405.658653,3819.51,204.8,-14.67,13.12
13.18,13.13,-14.23,191.04,3684.76,-0.868023203,254.6934574,2612.038837,5.823032341,-17.22044413,222.4963563,2373.289114,5.858175493,-19.56715729,251.0709993,2419.043993,6.022087151,-27.277397,308.5230789,2494.273074,5.874152648,-18.25623354,236.0631753,2405.848,3821.09,204.65,-14.66,13.13
13.19,13.14,-14.21,190.9,3687.29,-0.917309759,254.6886575,2613.283745,5.824082188,-17.21969439,222.4782775,2373.522691,5.859256429,-19.56604005,251.0498485,2419.315373,6.022877212,-27.27518638,308.5015282,2494.516816,5.875155247,-18.25538802,236.0448717,2406.084667,3822.56,204.5,-14.66,13.14
13.2,13.15,-14.2,190.76,3688.13,-1.295567233,254.6805012,2615.548322,5.825992444,-17.21354343,222.4453834,2373.947681,5.86122348,-19.55686874,251.0113611,2419.809201,6.024314812,-27.25702521,308.4623173,2494.960318,5.876979451,-18.24845148,236.0115701,2406.515261,3823.54,204.36,-14.65,13.15
13.21,13.16,-14.18,190.61,3688.13,-1.374654907,254.6747414,2616.680529,5.826947571,-17.21218238,222.4289423,2374.160106,5.862207005,-19.55484204,250.9921265,2420.05603,6.025033612,-27.25302217,308.442725,2495.182006,5.877891553,-18.24691693,235.9949257,2406.73049,3825.25,204.21,-14.64,13.16
13.22,13.17,-14.17,190.47,3691.51,-1.62758001,254.6441845,2622.341207,5.83172321,-17.2081826,222.3467432,2375.22215,5.867124632,-19.54888774,250.8959631,2421.290079,6.028627614,-27.24126663,308.3447776,2496.290373,5.882452064,-18.24240714,235.9117104,2407.806557,3826.23,204.06,-14.64,13.17
13.23,13.18,-14.15,190.33,3694.64,-1.676304283,254.6377526,2623.347234,5.832572212,-17.20679532,222.3321334,2375.410917,5.867998876,-19.54681261,250.8788725,2421.509416,6.029266547,-27.23713434,308.3273722,2496.48738,5.883262821,-18.24084233,235.8969202,2407.997819,3829.16,203.92,-14.63,13.18
13.24,13.19,-14.13,190.19,3696.33,-1.741348031,254.6295246,2624.60545,5.833633465,-17.2060391,222.3138726,2375.646857,5.869091682,-19.5456866,250.8575117,2421.783566,6.030065214,-27.23491024,308.3056189,2496.733622,5.884276268,-18.23998975,235.8784341,2408.236878,3830.87,203.77,-14.62,13.19
13.25,13.2,-14.12,190.05,3698.02,-2.10261578,254.6138721,2626.894255,5.83556456,-17.19983507,222.2806461,2376.076166,5.871080329,-19.53644311,250.8186422,2422.282433,6.031518484,-27.21663775,308.2660392,2497.181673,5.886120419,-18.23299432,235.8447968,2408.671874,3832.22,203.62,-14.62,13.2
13.26,13.21,-14.1,189.91,3699.83,-2.175812988,254.6044222,2628.038499,5.836530107,-17.19846229,222.2640389,2376.290749,5.872074653,-19.53440056,250.7992167,2422.53178,6.03224512,-27.21261043,308.2462627,2497.405634,5.887042494,-18.23144682,235.8279846,2408.889302,3832.22,203.48,-14.61,13.21
13.27,13.22,-14.09,189.76,3701.64,-2.367543208,254.5555277,2633.759283,5.841357844,-17.19442794,222.1810092,2377.363581,5.877046271,-19.52839983,250.7020991,2423.778416,6.035878296,-27.20078383,308.1473945,2498.525368,5.891652871,-18.22689901,235.7439308,2409.976364,3834.17,203.34,-14.6,13.22
13.28,13.23,-14.07,189.62,3703.69,-2.492961861,254.5460694,2634.775957,5.842216108,-17.1930288,222.1662519,2377.554265,5.877930114,-19.52630801,250.6848391,2423.99999,6.036524194,-27.19662546,308.1298255,2498.724394,5.892472494,-18.22532069,235.7289916,2410.169579,3837.6,203.19,-14.6,13.23
13.29,13.24,-14.05,189.48,3705.38,-2.533485678,254.5333864,2636.047446,5.843288939,-17.19226609,222.1478067,2377.792601,5.879034919,-19.5251732,250.6632664,2424.276936,6.037331566,-27.19438787,308.1078678,2498.97316,5.893497022,-18.22446094,235.7103193,2410.41108,3838.7,203.05,-14.59,13.24
13.3,13.25,-14.04,189.34,3707.79,-2.882524274,254.5103671,2638.360148,5.845241257,-17.18600813,222.1142419,2378.226304,5.881045397,-19.51585721,250.6240114,2424.780889,6.038800687,-27.17600392,308.067916,2499.425808,5.895361412,-18.21740602,235.6763418,2410.850536,3840.78,202.9,-14.58,13.25
13.31,13.26,-14.02,189.2,3709.12,-2.963547315,254.4972717,2639.516264,5.846217416,-17.18462348,222.0974656,2378.443082,5.882050636,-19.51379874,250.6043933,2425.032777,6.039535248,-27.1719523,308.0479536,2499.652066,5.896293607,-18.21584544,235.6593596,2411.070193,3842.74,202.76,-14.58,13.26
13.32,13.27,-14,189.06,3709.12,-3.232159515,254.4299547,2645.296325,5.851098211,-17.18055428,222.013591,2379.52689,5.887076833,-19.5077514,250.5063131,2426.292117,6.04320805,-27.16005457,307.9481564,2500.783282,5.900954581,-18.21125935,235.574456,2412.168397,3845.56,202.62,-14.57,13.27
13.33,13.28,-13.98,188.92,3711.41,-3.255010541,254.4169025,2646.323499,5.851965908,-17.17914279,221.9986835,2379.719524,5.887970379,-19.50564281,250.4888821,2426.515949,6.043860992,-27.15587008,307.9304224,2500.984349,5.901783199,-18.20966726,235.5593659,2412.363592,3847.15,202.47,-14.57,13.28
13.34,13.29,-13.97,188.78,3715.16,-3.30345614,254.4007342,2647.608075,5.853050529,-17.17837351,221.9800507,2379.960298,5.889087311,-19.50449915,250.4670956,2426.795715,6.044677171,-27.15361897,307.9082585,2501.235666,5.902818971,-18.20880025,235.5405048,2412.607568,3849.72,202.33,-14.56,13.29
13.35,13.3,-13.95,188.64,3716.73,-3.632178708,254.3703967,2649.944393,5.855024273,-17.17206142,221.946145,2380.39843,5.891119858,-19.49511036,250.4274518,2427.304801,6.046162324,-27.13512345,307.8679312,2501.692957,5.904703817,-18.20168555,235.506184,2413.051526,3852.17,202.19,-14.56,13.3
13.36,13.31,-13.93,188.5,3719.27,-3.742795596,254.3537185,2651.112238,5.856011145,-17.17066487,221.9291983,2380.617421,5.892136132,-19.49303591,250.4076395,2427.559254,6.046904901,-27.1310475,307.8477812,2501.921535,5.905646241,-18.20011182,235.4890303,2413.273432,3853.15,202.04,-14.55,13.31
13.37,13.32,-13.91,188.36,3720.84,-4.266247665,254.2677878,2656.950871,5.860945504,-17.16656084,221.8444721,2381.71229,5.897217498,-19.48694177,250.3085882,2428.831415,6.050617786,-27.11907858,307.7470468,2503.064351,5.910358357,-18.19548723,235.4032693,2414.382881,3853.15,201.9,-14.55,13.32
13.38,13.33,-13.9,188.22,3722.05,-3.970836997,254.2503748,2657.988432,5.861822724,-17.1651368,221.8294133,2381.90689,5.898120853,-19.48481633,250.2909846,2429.057525,6.051277854,-27.11486793,307.7291464,2503.26748,5.911196066,-18.19388133,235.3880268,2414.580075,3856.46,201.76,-14.55,13.33
13.39,13.34,-13.88,188.08,3724.71,-4.043798768,254.2319885,2659.285919,5.862919248,-17.16436091,221.8105913,2382.150121,5.899250045,-19.48366379,250.2689825,2429.340139,6.05210294,-27.1126033,307.7067744,2503.521373,5.912243203,-18.19300701,235.3689753,2414.826548,3860.51,201.61,-14.54,13.34
13.4,13.35,-13.86,187.95,3725.55,-4.381840331,254.1944567,2661.645537,5.864914671,-17.15799433,221.7763411,2382.592727,5.9013049,-19.4742019,250.2289464,2429.854405,6.053604312,-27.0939961,307.6660683,2503.983355,5.914148758,-18.18583207,235.3343076,2415.275056,3862.97,201.47,-14.54,13.35
13.41,13.36,-13.84,187.81,3728.46,-4.441428517,254.1741221,2662.824954,5.865912382,-17.15658579,221.7592224,2382.813953,5.902332327,-19.4721114,250.2089381,2430.111446,6.054354997,-27.0898958,307.6457292,2504.214278,5.915101535,-18.18424508,235.3169805,2415.499236,3864.81,201.33,-14.54,13.36
13.42,13.37,-13.83,187.67,3729.54,-4.591523664,254.0710662,2668.721344,5.870900939,-17.15244667,221.6736358,2383.919998,5.907469462,-19.46597026,250.1089072,2431.396546,6.058108427,-27.07785564,307.5440492,2505.368813,5.919865421,-18.17958166,235.2303528,2416.620053,3867.14,201.18,-14.54,13.37
13.43,13.38,-13.81,187.53,3729.54,-4.728827375,254.0521261,2669.769099,5.871787794,-17.15101003,221.6584241,2384.116584,5.908382731,-19.4638279,250.0911296,2431.624955,6.058775703,-27.07361878,307.5259808,2505.574025,5.920712334,-18.17796191,235.2149563,2416.819267,3869.72,201.04,-14.54,13.38
13.44,13.39,-13.79,187.39,3732.81,-4.76424278,254.0273704,2671.079389,5.872896362,-17.15022748,221.639411,2384.362296,5.909524317,-19.46266644,250.06891,2431.910442,6.059609798,-27.07134062,307.5033989,2505.830521,5.921770975,-18.17708021,235.1957124,2417.068264,3872.42,200.9,-14.53,13.39
13.45,13.4,-13.77,187.25,3736.08,-5.08260543,253.9826868,2673.46191,5.874913705,-17.14380606,221.6048131,2384.809419,5.91160172,-19.45313115,250.0284782,2432.429936,6.061127575,-27.05262162,307.4623106,2506.297242,5.923697462,-18.1698447,235.1606945,2417.521366,3874.51,200.75,-14.53,13.4
13.46,13.41,-13.75,187.12,3738.14,-5.143485191,253.958852,2674.6527,5.875922377,-17.14238546,221.5875207,2385.032902,5.912640422,-19.45102454,250.0082722,2432.689589,6.061886463,-27.04849696,307.4417807,2506.530533,5.924660706,-18.16824439,235.1431925,2417.747841,3876.35,200.61,-14.54,13.41
13.47,13.42,-13.73,186.98,3738.99,-5.31637908,253.8382506,2680.605875,5.880965735,-17.13821098,221.5010655,2386.150229,5.917833931,-19.44483623,249.9072531,2433.987747,6.065680905,-27.03638551,307.3391468,2507.696908,5.929476924,-18.16354189,235.0556903,2418.880131,3878.68,200.46,-14.54,13.42
13.48,13.43,-13.72,186.84,3740.93,-5.410878323,253.8160897,2681.66369,5.881862332,-17.13676173,221.4856994,2386.34882,5.918757221,-19.44267686,249.8892999,2434.218476,6.066355472,-27.0321224,307.3209089,2507.904223,5.930333141,-18.16190823,235.0401383,2419.081383,3878.68,200.32,-14.54,13.43
13.49,13.44,-13.7,186.7,3743.71,-5.446207736,253.7877371,2682.986504,5.882983078,-17.13597247,221.4664935,2386.597038,5.919911334,-19.44150646,249.8668609,2434.506863,6.067198682,-27.0298307,307.2981153,2508.163349,5.931403412,-18.16101913,235.0207002,2419.332929,3881.76,200.17,-14.54,13.44
13.5,13.45,-13.68,186.57,3744.56,-5.738039979,253.7361252,2685.391578,5.88502258,-17.12949589,221.4315446,2387.048719,5.922011531,-19.43189747,249.8260299,2435.031632,6.068733053,-27.01099982,307.2566415,2508.634858,5.933351063,-18.1537227,234.9853289,2419.790667,3885.94,200.03,-14.54,13.45
13.51,13.46,-13.66,186.43,3745.77,-5.811755031,253.7089364,2686.593564,5.886042332,-17.12806314,221.4140768,2387.27448,5.923061629,-19.42977469,249.8056245,2435.293921,6.069500238,-27.00685077,307.235919,2508.870541,5.934324888,-18.15210898,234.9676503,2420.019459,3888.28,199.88,-14.54,13.46
13.52,13.47,-13.64,186.29,3749.29,-6.048884351,253.5712461,2692.602652,5.891141088,-17.12385305,221.326745,2388.403194,5.928312121,-19.42353902,249.7036086,2436.605255,6.073336166,-26.99466799,307.1323227,2510.048878,5.939194015,-18.14736718,234.8792654,2421.163331,3891.23,199.74,-14.55,13.47
13.53,13.48,-13.62,186.15,3751.23,-6.080516899,253.545769,2693.670383,5.892047534,-17.12239117,221.3112231,2388.603808,5.929245542,-19.42136258,249.6854783,2436.838326,6.074018109,-26.9903786,307.1139139,2510.258318,5.940059638,-18.14571953,234.8635566,2421.366642,3893.08,199.59,-14.55,13.48
13.54,13.49,-13.6,186.02,3751.23,-6.098657449,253.5140723,2695.005511,5.89318059,-17.12159515,221.2918225,2388.854554,5.930412318,-19.42018318,249.662818,2437.129639,6.074870537,-26.98807335,307.0909066,2510.520101,5.941141666,-18.14482298,234.8439225,2421.62076,3895.41,199.45,-14.55,13.49
13.55,13.5,-13.59,185.88,3752.44,-6.395091684,253.455683,2697.432693,5.895242496,-17.11506309,221.2565194,2389.310837,5.932535554,-19.41050021,249.6215843,2437.659732,6.076421695,-26.9691305,307.0490439,2510.996447,5.943110712,-18.13746529,234.8081945,2422.083178,3896.89,199.3,-14.56,13.5
13.56,13.51,-13.57,185.75,3756.08,-6.444237256,253.4250693,2698.645656,5.896273448,-17.11361813,221.2388746,2389.538897,5.933597173,-19.40836119,249.6009778,2437.92468,6.077197273,-26.96495705,307.0281272,2511.234547,5.944095235,-18.13583811,234.7903377,2422.314308,3899.36,199.16,-14.56,13.51
13.57,13.52,-13.55,185.61,3757.9,-6.586600552,253.2708247,2704.709526,5.901428211,-17.10937223,221.150658,2390.679103,5.938905264,-19.402078,249.4979564,2439.249312,6.081075167,-26.9527029,306.92356,2512.424967,5.94901785,-18.13105682,234.701062,2423.469871,3901.45,199.01,-14.56,13.52
13.58,13.53,-13.53,185.47,3759.6,-6.678138404,253.2427976,2705.786933,5.902344613,-17.1078976,221.1349789,2390.881759,5.939848925,-19.3998844,249.4796475,2439.484745,6.08176457,-26.9483872,306.9049787,2512.636555,5.949892981,-18.12939506,234.6851949,2423.675259,3904.16,198.87,-14.57,13.53
13.59,13.54,-13.51,185.34,3761.91,-6.716536747,253.2070262,2707.13419,5.903490116,-17.1070948,221.1153818,2391.135058,5.9410285,-19.39869599,249.4567639,2439.779011,6.082626324,-26.94606838,306.8817559,2512.901021,5.950986896,-18.12849103,234.665363,2423.931973,3904.16,198.72,-14.57,13.54
13.6,13.55,-13.49,185.2,3762.63,-6.998481045,253.1420697,2709.582998,5.905574668,-17.10050693,221.0797212,2391.595985,5.943175025,-19.38893874,249.4151241,2440.314476,6.084194462,-26.92701349,306.8395008,2513.382254,5.95297757,-18.12107176,234.6292751,2424.399115,3906.13,198.58,-14.58,13.55
13.61,13.56,-13.47,185.07,3765.43,-7.05243026,253.108228,2710.806695,5.906616944,-17.09904969,221.0618977,2391.826365,5.944248288,-19.38678343,249.3943147,2440.582108,6.084978531,-26.92281563,306.8183881,2513.622796,5.953972907,-18.11943102,234.6112385,2424.632605,3909.83,198.43,-14.58,13.56
13.62,13.57,-13.46,184.93,3767.13,-7.246336865,252.9377155,2716.924162,5.911828324,-17.0947678,220.9727881,2392.97817,5.949614601,-19.38045254,249.2902791,2441.920157,6.088898875,-26.91049007,306.7128414,2514.825423,5.958949592,-18.11461005,234.5210638,2425.799967,3911.93,198.28,-14.58,13.57
13.63,13.58,-13.44,184.8,3769.68,-7.254724151,252.9065687,2718.011063,5.912754792,-17.09328034,220.9569503,2393.182887,5.950568612,-19.37824171,249.27179,2442.157975,6.089595825,-26.90614802,306.6940862,2515.03918,5.959834336,-18.11293411,234.505037,2426.007452,3914.15,198.14,-14.59,13.58
13.64,13.59,-13.42,184.66,3770.53,-7.307951161,252.8677216,2719.37014,5.913912876,-17.09247072,220.9371549,2393.438762,5.951761126,-19.37704424,249.2486812,2442.45522,6.090467013,-26.90381564,306.670646,2515.306357,5.960940266,-18.11202254,234.4850054,2426.266786,3916.62,197.99,-14.59,13.59
13.65,13.6,-13.4,184.53,3770.53,-7.558920751,252.7963374,2721.840169,5.916020322,-17.08582673,220.9011334,2393.904375,5.953931191,-19.36721244,249.2066318,2442.996106,6.092052327,-26.88464863,306.627995,2515.792527,5.962952803,-18.10454136,234.4485543,2426.738696,3918.22,197.85,-14.6,13.6
13.66,13.61,-13.38,184.4,3773.32,-7.595979644,252.7594195,2723.074399,5.917074044,-17.08435714,220.8831297,2394.137096,5.955016223,-19.36504078,249.1856177,2443.266446,6.092844985,-26.88042635,306.6066846,2516.035535,5.963959072,-18.10288701,234.4303362,2426.974569,3919.7,197.7,-14.6,13.61
13.67,13.62,-13.36,184.26,3775.39,-7.605826717,252.573925,2729.244465,5.922342658,-17.08003907,220.7931188,2395.300607,5.960441386,-19.35866201,249.0805592,2444.618034,6.096808271,-26.86802937,306.5001498,2517.250495,5.968990416,-18.09802614,234.3392544,2428.153839,3921.8,197.55,-14.6,13.62
13.68,13.63,-13.35,184.13,3777.7,-7.852541975,252.5409055,2730.340689,5.9232793,-17.07853869,220.7771209,2395.507404,5.961405859,-19.35643388,249.0618883,2444.858257,6.097512855,-26.86366095,306.481219,2517.466444,5.969884877,-18.09633593,234.3230664,2428.36344,3923.65,197.41,-14.61,13.63
13.69,13.64,-13.33,184,3779.89,-7.856433859,252.497318,2731.71135,5.924450103,-17.0777222,220.7571254,2395.765878,5.96261145,-19.35522733,249.0385524,2445.158509,6.098393586,-26.86131499,306.4575595,2517.73636,5.971002954,-18.0954168,234.3028333,2428.625419,3925.75,197.26,-14.61,13.64
13.7,13.65,-13.31,183.86,3781.35,-8.100056835,252.4198153,2734.202211,5.926580691,-17.07102178,220.7207398,2396.236221,5.964805309,-19.3453207,248.9960898,2445.704865,6.099996276,-26.84203581,306.4145091,2518.227517,5.973037593,-18.08787338,234.2660157,2429.102141,3925.75,197.11,-14.61,13.65
13.71,13.66,-13.29,183.73,3783.54,-8.155058245,252.3798623,2735.446782,5.927645985,-17.06953977,220.7025541,2396.471305,5.965902238,-19.34313263,248.9748693,2445.977937,6.100797622,-26.8377891,306.3929994,2518.473017,5.974054913,-18.08620534,234.2476145,2429.340417,3929.33,196.97,-14.61,13.66
13.72,13.67,-13.28,183.6,3785.97,-8.368654992,252.1787409,2741.668468,5.932972455,-17.06518533,220.6116337,2397.646628,5.971386884,-19.33670582,248.8687791,2447.343186,6.104804348,-26.82532067,306.2854677,2519.700435,5.979141511,-18.08130436,234.1556173,2430.531707,3931.68,196.82,-14.62,13.67
13.73,13.68,-13.26,183.47,3787.31,-8.329194315,252.1420495,2742.773835,5.933919382,-17.06367195,220.5954742,2397.855524,5.972361933,-19.33446032,248.8499249,2447.585836,6.105516655,-26.82092585,306.2663598,2519.918598,5.980045795,-18.07959982,234.1392666,2430.743443,3934.65,196.67,-14.62,13.68
13.74,13.69,-13.24,183.33,3789.02,-8.381598588,252.0967837,2744.155884,5.935103042,-17.06284857,220.5752767,2398.116622,5.973580743,-19.33324464,248.8263599,2447.889122,6.106407038,-26.81856631,306.242479,2520.191281,5.98117615,-18.07867308,234.1188303,2431.008092,3936.63,196.52,-14.62,13.69
13.75,13.7,-13.22,183.2,3791.21,-8.610088505,252.0132921,2746.667106,5.937257024,-17.05609139,220.5385236,2398.591737,5.975798651,-19.32326292,248.7834805,2448.440996,6.108027306,-26.79917491,306.1990258,2520.687476,5.983233131,-18.07106709,234.0816428,2431.48967,3938.98,196.38,-14.62,13.7
13.76,13.71,-13.21,183.07,3791.21,-8.649507208,251.9704082,2747.921781,5.938334015,-17.05459691,220.5201544,2398.829206,5.976907605,-19.32105839,248.7620519,2448.716826,6.10883744,-26.79490377,306.1773149,2520.935494,5.984261622,-18.06938529,234.0630569,2431.730373,3939.97,196.23,-14.62,13.71
13.77,13.72,-13.19,182.94,3793.16,-8.729436315,251.7550073,2754.193916,5.943718969,-17.05020588,220.4283162,2400.016449,5.982452375,-19.31458337,248.6549211,2450.095858,6.11288811,-26.78236387,306.0687776,2522.175498,5.989404075,-18.064444,233.9701359,2432.933792,3942.44,196.08,-14.62,13.72
13.78,13.73,-13.17,182.81,3797.06,-8.861386362,251.7163599,2755.308212,5.944676295,-17.04867944,220.4119936,2400.227463,5.983438112,-19.31232042,248.635882,2450.340957,6.113608229,-26.77794262,306.0494911,2522.395897,5.990318289,-18.06272504,233.9536212,2433.147684,3944.3,195.94,-14.62,13.73
13.79,13.74,-13.16,182.68,3797.79,-8.868087533,251.6669297,2756.70139,5.945872951,-17.04784912,220.3915922,2400.491208,5.984670283,-19.31109559,248.612086,2450.647304,6.114508378,-26.77556951,306.0253871,2522.671376,5.991461057,-18.06179066,233.9329797,2433.415026,3945.66,195.79,-14.62,13.74
13.8,13.75,-13.14,182.55,3800.1,-9.079642248,251.5777381,2759.232562,5.948050581,-17.04103489,220.3544683,2400.97114,5.986912499,-19.30103852,248.5687863,2451.204746,6.116146427,-26.75606584,305.9815274,2523.17266,5.993540623,-18.05412177,233.895419,2433.901505,3947.39,195.64,-14.62,13.75
13.81,13.76,-13.12,182.41,3801.93,-9.151335628,251.5320785,2760.497139,5.949139396,-17.03952785,220.3359137,2401.211014,5.988033608,-19.29881746,248.5471478,2451.483357,6.116965451,-26.75177026,305.9596135,2523.423222,5.994580406,-18.05242615,233.8766466,2434.144657,3947.39,195.49,-14.62,13.76
13.82,13.77,-13.11,182.28,3804.01,-9.5245153,251.3019776,2766.81871,5.954583471,-17.03510005,220.2431493,2402.410287,5.993639148,-19.29229407,248.4389675,2452.876296,6.121060574,-26.7391589,305.8500617,2524.67594,5.999779322,-18.04744435,233.7827936,2435.360318,3949.74,195.34,-14.62,13.77
13.83,13.78,-13.09,182.15,3805.35,-9.279270649,251.2594026,2767.941777,5.955551307,-17.03356046,220.2266621,2402.623439,5.994635689,-19.29001361,248.4197419,2453.123866,6.121788596,-26.7347112,305.830595,2524.898599,6.000703574,-18.04571088,233.7661132,2435.576385,3953.09,195.19,-14.61,13.78
13.84,13.79,-13.08,182.02,3808.27,-9.325213284,251.209182,2769.345836,5.956761101,-17.03272316,220.206055,2402.889855,5.995881364,-19.2887796,248.3957129,2453.433301,6.122698623,-26.7323245,305.8062658,2525.176901,6.001858888,-18.04476882,233.7452648,2435.846446,3955.32,195.04,-14.61,13.79
13.85,13.8,-13.06,181.89,3809.62,-9.517489691,251.1144958,2771.896569,5.958962636,-17.02585157,220.1685569,2403.374646,5.998148149,-19.27864691,248.3519894,2453.99636,6.124354654,-26.71270862,305.7619963,2525.683326,6.003961285,-18.03703672,233.7073275,2436.337871,3956.93,194.9,-14.61,13.8
13.86,13.81,-13.04,181.76,3810.84,-9.585373308,251.0661766,2773.170854,5.960063404,-17.02433191,220.1498154,2403.616949,5.999281542,-19.27640927,248.3301391,2454.277779,6.125182669,-26.70838861,305.7398777,2525.936455,6.005012483,-18.0353272,233.688367,2436.583494,3958.79,194.75,-14.61,13.81
13.87,13.82,-13.03,181.63,3810.84,-9.937817002,250.822857,2779.540901,5.965567242,-17.01986715,220.0561162,2404.82836,6.004948505,-19.26983737,248.2209004,2455.684747,6.129322745,-26.69570583,305.629303,2527.202013,6.010268475,-18.0303047,233.5935735,2437.811509,3960.4,194.6,-14.6,13.82
13.88,13.83,-13.01,181.5,3813.4,-9.691898717,250.7780097,2780.672557,5.966545702,-17.01831434,220.039463,2405.043668,6.005955965,-19.26753933,248.2014868,2455.93481,6.130058759,-26.69123167,305.6096546,2527.426954,6.011202874,-18.02855664,233.576726,2438.029771,3962.51,194.45,-14.6,13.83
13.89,13.84,-13,181.37,3815.6,-9.750342394,250.7248893,2782.087298,5.967768777,-17.01747003,220.0186483,2405.31278,6.00721529,-19.2662961,248.1772228,2456.247361,6.130978776,-26.6888314,305.5850983,2527.708108,6.012370872,-18.02760686,233.5556687,2438.302576,3964.62,194.31,-14.6,13.84
13.9,13.85,-12.98,181.24,3818.77,-9.922409472,250.6249592,2784.656957,5.969994476,-17.01054075,219.9807725,2405.802475,6.009506908,-19.25608754,248.1330718,2456.816088,6.132652983,-26.66910344,305.5404157,2528.219721,6.014496347,-18.01981123,233.5173515,2438.798992,3965.48,194.16,-14.59,13.85
13.91,13.86,-12.97,181.11,3820.48,-9.983290992,250.5741124,2785.940634,5.971107326,-17.00900841,219.9618424,2406.047228,6.010652716,-19.25383327,248.111008,2457.100338,6.133490086,-26.66475905,305.5180909,2528.475443,6.015559085,-18.01808775,233.4982011,2439.047109,3967.47,194.01,-14.59,13.86
13.92,13.87,-12.95,180.98,3821.83,-10.27626844,250.3183186,2792.357579,5.976671575,-17.0045065,219.8672,2407.270888,6.01638176,-19.2472127,248.0007019,2458.521461,6.137675604,-26.65200496,305.4064851,2529.753961,6.020872772,-18.01302434,233.4024587,2440.287591,3967.47,193.87,-14.59,13.87
13.93,13.88,-12.94,180.85,3823.17,-10.09671274,250.2715096,2793.497546,5.977660775,-17.00294039,219.8503792,2407.488372,6.017400256,-19.244897,247.9810987,2458.774039,6.138419696,-26.64750436,305.3866535,2529.981204,6.021817428,-18.01126162,233.3854426,2440.508069,3969.08,193.72,-14.58,13.88
13.94,13.89,-12.93,180.72,3824.88,-10.13901155,250.215256,2794.922618,5.978897275,-17.00208903,219.8293551,2407.760204,6.018673377,-19.24364454,247.9565977,2459.089733,6.139349811,-26.64509053,305.3618684,2530.265237,6.022998247,-18.01030408,233.3641745,2440.783642,3972.31,193.58,-14.58,13.89
13.95,13.9,-12.91,180.6,3826.71,-10.30090232,250.1103819,2797.51076,5.981147401,-16.99510178,219.7910982,2408.254847,6.020990093,-19.23335986,247.9120157,2459.664178,6.141042392,-26.62525066,305.3167694,2530.782087,6.025147051,-18.0024446,233.3254739,2441.285095,3974.17,193.43,-14.57,13.9
13.96,13.91,-12.9,180.47,3828.92,-10.3422469,250.0571076,2798.80361,5.982272464,-16.99355669,219.7719777,2408.502072,6.02214845,-19.23108891,247.8897366,2459.951284,6.141888683,-26.62088191,305.2942367,2531.040426,6.026221453,-18.00070709,233.3061321,2441.535729,3976.53,193.29,-14.57,13.91
13.97,13.92,-12.88,180.34,3830.75,-10.47865697,249.7896669,2805.266353,5.987897779,-16.98901742,219.6763835,2409.73809,6.027940239,-19.22441952,247.7783542,2461.386687,6.146120134,-26.60805663,305.1815917,2532.332025,6.031593462,-17.99560257,233.2094321,2442.788792,3977.77,193.14,-14.57,13.92
13.98,13.93,-12.87,180.21,3830.75,-10.48847583,249.7414947,2806.414423,5.988897835,-16.98743794,219.6593936,2409.957771,6.02896989,-19.2220861,247.7585597,2461.641802,6.146872393,-26.60352961,305.1615756,2532.561594,6.032548486,-17.99382512,233.1922459,2443.011505,3978.64,193,-14.56,13.93
13.99,13.94,-12.86,180.08,3832.71,-10.49881825,249.6814623,2807.849605,5.990147905,-16.9865795,219.6381581,2410.232347,6.030256954,-19.22082437,247.7338197,2461.960667,6.147812715,-26.60110225,305.1365598,2532.848531,6.033742266,-17.99285978,233.1707653,2443.289871,3980.75,192.85,-14.56,13.94
14,13.95,-12.84,179.95,3836.25,-10.65312327,249.5718717,2810.455882,5.992422722,-16.97953396,219.5995168,2410.731983,6.032599035,-19.21046333,247.688803,2462.540879,6.149523869,-26.58115062,305.0910413,2533.370667,6.035914651,-17.98493614,233.1316778,2443.796408,3982.86,192.71,-14.56,13.95
14.01,13.96,-12.83,179.82,3838.21,-10.68419092,249.5162711,2811.757734,5.993560131,-16.97797606,219.5802041,2410.981703,6.033770076,-19.20817565,247.6663068,2462.830867,6.150379445,-26.57675757,305.0682991,2533.631647,6.037000843,-17.98318453,233.1121427,2444.049581,3983.98,192.57,-14.55,13.96
14.02,13.97,-12.82,179.69,3838.82,-10.80042814,249.2374573,2818.265412,5.999247173,-16.97339926,219.4836496,2412.23019,6.039625279,-19.2014573,247.553839,2464.280675,6.154657329,-26.56386123,304.9546068,2534.936451,6.042431806,-17.97803872,233.0144767,2445.315339,3985.85,192.42,-14.55,13.97
14.03,13.98,-12.8,179.57,3841.52,-10.79721021,249.1873511,2819.421433,6.000258203,-16.97180633,219.466489,2412.452086,6.040666204,-19.1991061,247.5338517,2464.53835,6.155417842,-26.55930782,304.9344046,2535.168365,6.04339731,-17.97624644,232.9971189,2445.540308,3985.85,192.28,-14.55,13.98
14.04,13.99,-12.79,179.44,3843.6,-10.82301763,249.1248853,2820.866539,6.00152199,-16.97094077,219.4450403,2412.729431,6.041967361,-19.19783507,247.5088707,2464.860413,6.156368482,-26.55686694,304.9091564,2535.458236,6.044604191,-17.97527327,232.9754237,2445.821494,3987.84,192.13,-14.54,13.99
14.05,14,-12.78,179.31,3845.56,-10.96091201,249.0108857,2823.490598,6.003821766,-16.96383665,219.4060109,2413.234106,6.044335078,-19.18739744,247.4634157,2465.446444,6.158098409,-26.53680375,304.863215,2535.985706,6.046800413,-17.96728516,232.935946,2446.333159,3990.2,191.99,-14.54,14
14.06,14.01,-12.77,179.18,3847.27,-10.97253969,248.9531597,2824.801277,6.004971653,-16.96226587,219.3865044,2413.486342,6.045518937,-19.18509298,247.4407005,2465.739339,6.158963373,-26.53238643,304.8402616,2536.249352,6.047898524,-17.96551939,232.916216,2446.588895,3992.31,191.85,-14.54,14.01
14.07,14.02,-12.75,179.06,3848.74,-10.9185637,248.6642235,2831.353032,6.010721091,-16.95765135,219.2889809,2414.747411,6.051438231,-19.17832552,247.3271383,2467.203677,6.163288191,-26.51941916,304.7255139,2537.567483,6.053389078,-17.96033209,232.8175753,2447.867463,3994.05,191.7,-14.54,14.02
14.08,14.03,-12.74,178.93,3850.7,-11.11004137,248.6131098,2832.516859,6.011743214,-16.9560449,219.2716481,2414.971542,6.05249055,-19.17595648,247.3069566,2467.463934,6.164057047,-26.51483939,304.7051242,2537.801766,6.054365177,-17.95852492,232.8000442,2448.094708,3996.29,191.56,-14.54,14.03
14.09,14.04,-12.73,178.8,3850.7,-11.12332128,248.5470838,2833.971687,6.013020867,-16.95517218,219.2499842,2415.251681,6.053805949,-19.17467613,247.2817326,2467.789224,6.165018118,-26.51238503,304.6796417,2538.094596,6.0555853,-17.95754387,232.7781327,2448.378739,3998.29,191.41,-14.53,14.04
14.1,14.05,-12.72,178.67,3852.3,-11.24259212,248.4288747,2836.613041,6.01534587,-16.94800918,219.2105634,2415.761438,6.056199576,-19.16416168,247.2358356,2468.381124,6.166767022,-26.49221047,304.6332741,2538.627451,6.057805617,-17.94949099,232.7382612,2448.89558,3999.9,191.27,-14.53,14.05
14.11,14.06,-12.71,178.55,3855.85,-11.27308108,248.3691364,2837.932305,6.016508372,-16.94642546,219.1908613,2416.016213,6.057396389,-19.16184039,247.2128997,2468.676951,6.167641473,-26.48776894,304.610108,2538.893788,6.058915775,-17.94771099,232.7183345,2449.153901,4002.27,191.12,-14.53,14.06
14.12,14.07,-12.7,178.42,3857.69,-11.38722484,248.0696349,2844.526935,6.02232088,-16.94177303,219.0923601,2417.289976,6.063380457,-19.1550237,247.098234,2470.155946,6.172013733,-26.47473089,304.4942966,2540.225369,6.064466566,-17.94248202,232.6187105,2450.445396,4004.14,190.98,-14.53,14.07
14.13,14.08,-12.69,178.29,3860.02,-11.37948508,248.0158511,2845.698373,6.023354215,-16.94015298,219.0748536,2417.516363,6.064444291,-19.15263675,247.0778562,2470.418808,6.172791023,-26.47012478,304.473718,2540.462042,6.065453373,-17.94065986,232.6010047,2450.674937,4006.75,190.83,-14.53,14.08
14.14,14.09,-12.67,178.17,3860.76,-11.38322774,247.9489461,2847.162631,6.024645883,-16.93927307,219.0529725,2417.79932,6.065774083,-19.15134704,247.0523872,2470.747352,6.173762636,-26.46765696,304.4479994,2540.75786,6.066686882,-17.93967091,232.5788748,2450.961838,4006.75,190.69,-14.53,14.09
14.15,14.1,-12.66,178.04,3862.35,-11.50365105,247.8269109,2849.820806,6.026996387,-16.93205089,219.0131567,2418.314205,6.068193894,-19.14075557,247.0060446,2471.345172,6.175530722,-26.44737125,304.4012024,2541.29615,6.068931554,-17.93155295,232.5386061,2451.483901,4008.87,190.55,-14.53,14.1
14.16,14.11,-12.65,177.91,3863.7,-11.52133824,247.7652478,2851.148421,6.028171639,-16.93045417,218.9932573,2418.571542,6.0694038,-19.1384174,246.9828861,2471.643956,6.176414764,-26.44290555,304.3778218,2541.565202,6.07005389,-17.92975865,232.5184809,2451.744831,4012.49,190.4,-14.53,14.11
14.17,14.12,-12.64,177.79,3866.03,-11.59213158,247.4564583,2857.784742,6.034047898,-16.92576366,218.8937696,2419.858111,6.075453328,-19.13155134,246.8671077,2473.137736,6.180834977,-26.42979688,304.2609385,2542.910358,6.075665568,-17.92448782,232.4178648,2453.049368,4014.23,190.25,-14.53,14.12
14.18,14.13,-12.63,177.66,3867.88,-11.592558,247.401225,2858.963549,6.035092566,-16.92412994,218.8760878,2420.086774,6.076528799,-19.12914643,246.8465323,2473.403224,6.181620793,-26.42516447,304.2401695,2543.149444,6.0766632,-17.92265062,232.3999828,2453.281227,4016.72,190.11,-14.53,14.13
14.19,14.14,-12.63,177.53,3869.72,-11.62658674,247.3321536,2860.437031,6.036398402,-16.9232428,218.8539877,2420.372575,6.077873139,-19.12784734,246.8208163,2473.735052,6.182603063,-26.42268322,304.214213,2543.448276,6.07791024,-17.92165372,232.3776326,2453.571025,4018.47,189.97,-14.53,14.14
14.2,14.15,-12.62,177.41,3869.72,-11.73011404,247.2064189,2863.111793,6.038774681,-16.91596116,218.8137733,2420.892633,6.080319411,-19.11717862,246.7740243,2474.338843,6.184390536,-26.40228658,304.1669832,2543.992051,6.080179529,-17.91347038,232.3369632,2454.098357,4020.72,189.82,-14.53,14.15
14.21,14.16,-12.61,177.28,3872.17,-11.75215638,247.1429917,2864.447644,6.039962821,-16.91435137,218.7936748,2421.152555,6.081542548,-19.11482353,246.7506414,2474.640609,6.185284273,-26.39779677,304.1433865,2544.263843,6.081314174,-17.91166173,232.3166378,2454.361919,4023.21,189.68,-14.54,14.16
14.22,14.17,-12.6,177.16,3875.24,-11.85372585,246.8252601,2871.125094,6.045903519,-16.90962259,218.6931917,2422.452044,6.087658229,-19.10790799,246.6337412,2476.1493,6.189752958,-26.38461764,304.0254231,2545.622701,6.086987397,-17.90634885,232.2150209,2455.679615,4025.21,189.53,-14.54,14.17
14.23,14.18,-12.59,177.03,3876.1,-11.81164626,246.7682863,2872.311198,6.046959643,-16.90797512,218.6753331,2422.683002,6.088745462,-19.10548504,246.6129665,2476.417438,6.190547391,-26.37995897,304.0044623,2545.864221,6.08799597,-17.90449652,232.196961,2455.913812,4026.96,189.39,-14.54,14.18
14.24,14.19,-12.58,176.91,3879.05,-11.84046884,246.6976002,2873.793736,6.048279798,-16.90708072,218.653012,2422.971672,6.090104502,-19.10417656,246.5870015,2476.752576,6.191540432,-26.37746431,303.978266,2546.166096,6.089256686,-17.90349164,232.1743886,2456.206532,4028.7,189.24,-14.54,14.19
14.25,14.2,-12.57,176.78,3880.65,-11.92346583,246.5684466,2876.484677,6.05068213,-16.89973933,218.6123955,2423.496949,6.092577516,-19.09343038,246.5397566,2477.362389,6.193347503,-26.356957,303.9306001,2546.715406,6.091550859,-17.89524263,232.1333149,2456.73918,4028.7,189.1,-14.54,14.2
14.26,14.21,-12.57,176.66,3882.37,-11.95719481,246.5034172,2877.828562,6.051883296,-16.89811641,218.5920961,2423.759478,6.093814023,-19.09105833,246.5161474,2477.667165,6.194251038,-26.35244313,303.9067856,2546.989965,6.092697945,-17.89341955,232.1127875,2457.005398,4031.08,188.95,-14.54,14.21
14.27,14.22,-12.56,176.53,3883.85,-12.11264058,246.1773502,2884.546141,6.057889127,-16.89334919,218.4906089,2425.072001,6.099996558,-19.08409319,246.3981163,2479.190895,6.198768716,-26.33919371,303.7877338,2548.362649,6.098433377,-17.88806445,232.010161,2458.336371,4035.82,188.81,-14.54,14.22
14.28,14.23,-12.55,176.41,3885.45,-12.02699869,246.1186291,2885.739374,6.058956831,-16.8916879,218.4725718,2425.305274,6.101095675,-19.08165215,246.3771406,2479.461704,6.199571859,-26.33450883,303.7665796,2548.606626,6.099453009,-17.88619691,231.9919218,2458.572927,4037.82,188.66,-14.54,14.23
14.29,14.24,-12.55,176.28,3887.29,-12.03347091,246.046486,2887.230734,6.06029146,-16.8907862,218.4500277,2425.596839,6.102469572,-19.08033424,246.3509245,2479.800182,6.200575787,-26.3320008,303.7401418,2548.911572,6.10072755,-17.88518402,231.9691251,2458.868595,4040.82,188.51,-14.54,14.24
14.3,14.25,-12.54,176.16,3889.26,-12.10970956,245.9141065,2889.937488,6.062720126,-16.88338478,218.4090057,2426.127381,6.104969609,-19.06951042,246.3032229,2480.416068,6.202402667,-26.31138305,303.6920364,2549.466468,6.103046874,-17.87686905,231.9276436,2459.406607,4042.07,188.37,-14.55,14.25
14.31,14.26,-12.53,176.03,3889.26,-12.12649424,245.8474973,2891.289227,6.063934459,-16.88174867,218.3885036,2426.39254,6.106219627,-19.06712137,246.2793857,2480.723877,6.203316106,-26.30684519,303.6680026,2549.743818,6.104206536,-17.87503149,231.9069125,2459.675504,4043.7,188.22,-14.55,14.26
14.32,14.27,-12.53,175.91,3891.97,-12.16679734,245.5139901,2898.046019,6.070006123,-16.87694283,218.2860033,2427.718211,6.11246972,-19.0601065,246.1602144,2482.262774,6.207883305,-26.29352567,303.547854,2551.130456,6.110004845,-17.86963397,231.8032675,2461.019872,4045.45,188.08,-14.55,14.27
14.33,14.28,-12.52,175.79,3894.18,-12.1992767,245.4545029,2899.246191,6.07108553,-16.87526765,218.2677862,2427.953821,6.113580847,-19.05764733,246.1390362,2482.536279,6.208695251,-26.28881462,303.5265051,2551.376912,6.111035656,-17.86775116,231.7848473,2461.258808,4048.2,187.93,-14.55,14.28
14.34,14.29,-12.52,175.66,3895.66,-12.20630878,245.3798669,2900.746216,6.072434789,-16.87435862,218.2450172,2428.248304,6.114969757,-19.05631997,246.112567,2482.878124,6.209710185,-26.28629325,303.4998238,2551.684957,6.112324169,-17.86673022,231.7618245,2461.557451,4050.33,187.79,-14.55,14.29
14.35,14.3,-12.51,175.54,3897.88,-12.28352702,245.2444439,2903.468594,6.074890071,-16.86689688,218.2035858,2428.784158,6.117497101,-19.04541832,246.0644051,2483.500135,6.211557085,-26.26556535,303.4512757,2552.245491,6.114668915,-17.858349,231.7199316,2462.100873,4052.83,187.64,-14.54,14.3
14.36,14.31,-12.51,175.41,3899.23,-12.29209289,245.1763041,2904.828093,6.076117713,-16.86524752,218.1828793,2429.05197,6.118760774,-19.04301223,246.0403379,2483.811004,6.212480535,-26.26100356,303.4270207,2552.525657,6.115841288,-17.85649689,231.6989949,2462.372474,4052.83,187.49,-14.54,14.31
14.37,14.32,-12.51,175.29,3901.94,-12.29110053,244.8353675,2911.623624,6.082255918,-16.86040289,218.079357,2430.390904,6.125079134,-19.03594753,245.9200173,2485.365196,6.217097787,-26.24761413,303.3057671,2553.926376,6.121703152,-17.85105679,231.5943226,2463.730355,4055.34,187.35,-14.54,14.32
14.38,14.33,-12.5,175.16,3904.41,-12.35997795,244.7747615,2912.830647,6.083347155,-16.85871375,218.0609583,2430.62887,6.126202399,-19.03347016,245.8986349,2485.641418,6.217918632,-26.24287695,303.2842218,2554.175335,6.122745261,-17.84915863,231.5757198,2463.971693,4057.84,187.2,-14.54,14.33
14.39,14.34,-12.5,175.04,3905.52,-12.36547156,244.698238,2914.339241,6.084711201,-16.85779735,218.0379623,2430.926299,6.127606479,-19.03213333,245.8719105,2485.986659,6.218944688,-26.24034228,303.2572953,2554.486507,6.124047898,-17.84812961,231.5524689,2464.273336,4059.35,187.06,-14.54,14.34
14.4,14.35,-12.5,174.91,3907.24,-12.43818221,244.5599057,2917.076686,6.087193385,-16.85027502,217.9961181,2431.467509,6.130161417,-19.02115367,245.8232845,2486.614847,6.220811824,-26.21950451,303.208301,2555.05273,6.126418338,-17.83968185,231.510161,2464.822217,4061.73,186.91,-14.53,14.35
14.41,14.36,-12.49,174.79,3909.71,-12.43689678,244.4903329,2918.443667,6.088434477,-16.84861235,217.9752054,2431.737998,6.131438886,-19.0187305,245.7989856,2486.928801,6.221745393,-26.21491886,303.1838233,2555.335738,6.127603558,-17.83781514,231.489017,2465.096545,4063.48,186.76,-14.53,14.36
14.42,14.37,-12.49,174.66,3909.71,-12.36924234,244.1425047,2925.276558,6.094639938,-16.84372875,217.870652,2433.09031,6.137826231,-19.01161587,245.6775064,2488.498416,6.226413234,-26.20145973,303.0614562,2556.750667,6.133529659,-17.83233228,231.3833083,2466.468059,4065.24,186.62,-14.52,14.37
14.43,14.38,-12.49,174.54,3911.43,-12.5125491,244.0810049,2926.490193,6.095743131,-16.84202558,217.8520701,2433.330654,6.138961759,-19.00912026,245.6559182,2488.777378,6.227243073,-26.19669647,303.0397133,2557.002151,6.134583188,-17.83041869,231.3645215,2466.711819,4068.12,186.47,-14.52,14.38
14.44,14.39,-12.49,174.42,3914.76,-12.50771673,244.0024355,2928.007042,6.097122122,-16.84110179,217.8288451,2433.631053,6.140381169,-19.00777394,245.6289365,2489.126044,6.228280371,-26.19414854,303.0125396,2557.316478,6.1359001,-17.82938155,231.3410404,2467.016489,4069.37,186.32,-14.51,14.39
14.45,14.4,-12.49,174.29,3915.75,-12.56000659,243.861346,2930.759447,6.099631496,-16.83351859,217.7865845,2434.177667,6.142963989,-18.99671609,245.5798429,2489.76046,6.23016796,-26.1732012,302.9630958,2557.888441,6.13829651,-17.82086699,231.2983139,2467.570877,4070.88,186.18,-14.51,14.4
14.46,14.41,-12.49,174.17,3917.85,-12.56629049,243.7905064,2932.133859,6.100886184,-16.83184255,217.7654637,2434.450855,6.144255399,-18.99427581,245.5553103,2490.077525,6.231111755,-26.16859176,302.9383937,2558.174318,6.139494716,-17.81898561,231.2769609,2467.847956,4073.14,186.03,-14.5,14.41
14.47,14.42,-12.48,174.04,3919.58,-12.53304401,243.436131,2939.003872,6.10715962,-16.82691983,217.6598702,2435.816662,6.150712449,-18.98711115,245.4326634,2491.662692,6.235830729,-26.15506313,302.8149048,2559.603585,6.145485742,-17.81345983,231.1702068,2469.233223,4073.14,185.88,-14.49,14.42
14.48,14.43,-12.48,173.92,3921.43,-12.63840028,243.3732976,2940.224105,6.108274897,-16.82520255,217.6411035,2436.059403,6.151860369,-18.98459724,245.4108677,2491.944417,6.236669658,-26.15027386,302.7929626,2559.857617,6.146550814,-17.81153074,231.1512342,2469.479426,4075.39,185.74,-14.49,14.43
14.49,14.44,-12.48,173.8,3923.53,-12.63135241,243.2935729,2941.749112,6.109668994,-16.82427134,217.6176476,2436.362799,6.153295269,-18.98324142,245.3836268,2492.296537,6.237718319,-26.1477127,302.76554,2560.175129,6.147882153,-17.81048545,231.1275211,2469.787151,4078.91,185.59,-14.48,14.44
14.5,14.45,-12.48,173.67,3925.01,-12.6886688,243.1499243,2944.515952,6.112205849,-16.816627,217.5749669,2436.914863,6.155906261,-18.97210523,245.3340617,2492.937232,6.23962658,-26.12665612,302.7156433,2560.752884,6.150304812,-17.80190381,231.0843724,2470.347094,4080.41,185.44,-14.47,14.45
14.51,14.46,-12.48,173.55,3925.75,-12.69771214,243.077774,2945.897534,6.113474277,-16.81493754,217.5536362,2437.190773,6.157211757,-18.9696478,245.3092937,2493.257433,6.240580711,-26.12202297,302.6907151,2561.041655,6.151516142,-17.80000771,231.0628084,2470.626948,4081.92,185.29,-14.46,14.46
14.52,14.47,-12.48,173.42,3928.22,-12.73576981,242.7167658,2952.803337,6.119816416,-16.80997552,217.4469935,2438.570191,6.163739239,-18.96243303,245.1854696,2494.858281,6.245351364,-26.10842507,302.566096,2562.485391,6.157572789,-17.79443883,230.955,2472.026087,4083.8,185.15,-14.45,14.47
14.53,14.48,-12.49,173.3,3928.22,-12.72913882,242.6523942,2954.029898,6.120943907,-16.80824407,217.4280404,2438.81535,6.16489968,-18.95990077,245.1634648,2495.142792,6.24619948,-26.10360983,302.543953,2562.741993,6.158649526,-17.79249417,230.9358401,2472.274755,4086.07,185,-14.44,14.48
14.54,14.49,-12.49,173.17,3930.32,-12.74174658,242.572036,2955.562826,6.122353271,-16.80730539,217.4043516,2439.121768,6.166350231,-18.95853542,245.1359626,2495.498394,6.247259625,-26.10103549,302.5162795,2563.062718,6.159995448,-17.7914407,230.9118929,2472.58556,4087.07,184.85,-14.43,14.49
14.55,14.5,-12.49,173.05,3932.67,-12.78647159,242.4259576,2958.343816,6.124917901,-16.79959965,217.361247,2439.67933,6.168989689,-18.94732074,245.0859224,2496.14542,6.249188779,-26.07987,302.4659266,2563.646318,6.162444636,-17.7827917,230.8683183,2473.151107,4089.08,184.71,-14.42,14.5
14.56,14.51,-12.49,172.92,3934.9,-12.79240553,242.3526621,2959.732427,6.126200216,-16.79789671,217.3397047,2439.957986,6.170309417,-18.94484614,245.0609171,2496.468784,6.250153356,-26.07521321,302.4407706,2563.938009,6.16366923,-17.78088082,230.8465416,2473.43376,4091.72,184.56,-14.41,14.51
14.57,14.52,-12.49,172.8,3937.86,-12.79393593,241.9860142,2966.673336,6.13261179,-16.79289523,217.2320037,2441.351131,6.176908061,-18.93758116,244.9359068,2498.085442,6.25497624,-26.06154627,302.3150128,2565.396343,6.169792199,-17.77526868,230.7376698,2474.846893,4093.98,184.41,-14.39,14.52
14.58,14.53,-12.49,172.67,3938.98,-12.83682183,241.9208246,2967.906125,6.133751625,-16.79114954,217.2128626,2441.598729,6.178081153,-18.93503051,244.9136912,2498.372762,6.255833642,-26.05670514,302.2926676,2565.65554,6.170880727,-17.77330839,230.7183209,2475.098047,4093.98,184.27,-14.38,14.53
14.59,14.54,-12.49,172.55,3940.34,-12.83431329,241.8388841,2969.446789,6.135176419,-16.79020337,217.1889387,2441.908195,6.179547519,-18.93365561,244.8859257,2498.731873,6.256905394,-26.05411766,302.2647415,2565.979507,6.172241387,-17.77224671,230.6941375,2475.411959,4096.25,184.12,-14.37,14.54
14.6,14.55,-12.5,172.42,3942.07,-12.86467147,241.6905671,2972.241559,6.137769119,-16.78243598,217.1454067,2442.471301,6.182215736,-18.9223623,244.8354066,2499.385282,6.258855663,-26.03284361,302.2139289,2566.569004,6.174717386,-17.76353009,230.6501335,2475.983158,4098.89,183.98,-14.35,14.55
14.61,14.56,-12.5,172.3,3944.05,-12.87553917,241.6162332,2973.637015,6.139065469,-16.7807195,217.1236508,2442.752727,6.183549844,-18.9198705,244.8101621,2499.711835,6.259830797,-26.02816325,302.1885434,2566.863641,6.175955386,-17.76160437,230.6281422,2476.268635,4101.15,183.83,-14.34,14.56
14.62,14.57,-12.5,172.18,3945.66,-12.91754787,241.2442498,2980.61212,6.145547219,-16.7756784,217.0148824,2444.159716,6.190220387,-18.91255524,244.6839563,2501.344431,6.26470647,-26.01442753,302.0616386,2568.336705,6.182145385,-17.75594882,230.5181979,2477.695883,4102.66,183.69,-14.33,14.57
14.63,14.58,-12.51,172.05,3947.02,-12.90487805,241.1779037,2981.850983,6.14669953,-16.77391841,216.9955516,2444.409773,6.191406261,-18.90998615,244.6615284,2501.634583,6.265573256,-26.00956056,302.0390897,2568.598519,6.18324583,-17.75397282,230.4986585,2477.949545,4104.05,183.54,-14.31,14.58
14.64,14.59,-12.51,171.92,3947.02,-12.90618624,241.0952189,2983.399173,6.148139919,-16.77296471,216.9713907,2444.722313,6.192888604,-18.9086017,244.6334974,2501.997233,6.266656739,-26.00695999,302.0109089,2568.925756,6.184621385,-17.75290289,230.474237,2478.266591,4106.06,183.4,-14.3,14.59
14.65,14.6,-12.51,171.8,3949.13,-12.93522713,240.9448752,2986.207694,6.150760988,-16.7651354,216.9274276,2445.29101,6.195585877,-18.89722962,244.5824957,2502.657076,6.268628348,-25.98557774,301.9596334,2569.521204,6.187124482,-17.74411839,230.4297997,2478.84349,4107.45,183.26,-14.28,14.6
14.66,14.61,-12.52,171.67,3952.47,-12.9503058,240.8695342,2987.609984,6.152071522,-16.76340533,216.9054563,2445.575229,6.196934513,-18.8947206,244.5570102,2502.986843,6.269614153,-25.98087392,301.9340167,2569.818814,6.18837603,-17.74217778,230.4075921,2479.131815,4109.08,183.12,-14.27,14.61
14.67,14.62,-12.52,171.55,3953.46,-13.07807381,240.4923902,2994.619211,6.158624194,-16.75832447,216.7956112,2446.99618,6.203677695,-18.88735499,244.4295997,2504.635506,6.274543175,-25.96706966,301.8059564,2571.306738,6.194633773,-17.73647865,230.2965661,2480.573299,4111.48,182.97,-14.26,14.62
14.68,14.63,-12.52,171.42,3955.07,-12.9334426,240.4246808,2995.864118,6.159789114,-16.7565501,216.7760891,2447.248718,6.204876483,-18.88476742,244.4069578,2504.928513,6.275419446,-25.96217692,301.7832022,2571.571193,6.19574626,-17.73448688,230.2768345,2480.829491,4113.24,182.83,-14.24,14.63
14.69,14.64,-12.53,171.3,3957.05,-12.96104388,240.3418328,2997.41985,6.161245263,-16.75558885,216.7516891,2447.564358,6.206374968,-18.8833734,244.3786593,2505.294731,6.276514784,-25.9595633,301.754765,2571.901731,6.19713687,-17.73340868,230.2521728,2481.149698,4113.24,182.69,-14.23,14.64
14.7,14.65,-12.53,171.17,3960.03,-12.97371521,240.1896583,3000.241694,6.163895002,-16.74769737,216.7072912,2448.138694,6.209101595,-18.87192244,244.3271714,2505.96106,6.27850796,-25.93807325,301.703023,2572.503181,6.199667352,-17.72455605,230.2072987,2481.732347,4115.89,182.55,-14.21,14.65
14.71,14.66,-12.54,171.05,3960.65,-13.00963755,240.1134967,3001.650606,6.165219871,-16.74595366,216.6851027,2448.425729,6.210464908,-18.86939617,244.3014431,2506.294067,6.279504547,-25.93334604,301.6771735,2572.80379,6.200932593,-17.7226005,230.1848729,2482.023544,4118.91,182.41,-14.2,14.66
14.72,14.67,-12.54,170.93,3961.89,-13.28741675,239.7316343,3008.692915,6.171844218,-16.74083287,216.5741717,2449.860759,6.217281476,-18.86198015,244.1728186,2507.958926,6.284487486,-25.91947351,301.5479492,2574.306707,6.207258799,-17.71685764,230.0727561,2483.479386,4120.42,182.27,-14.18,14.67
14.73,14.68,-12.55,170.8,3964.12,-12.96552431,239.6622981,3009.943713,6.173021879,-16.73904406,216.5544567,2450.115799,6.21849331,-18.85937406,244.149961,2508.25481,6.285373342,-25.91455508,301.5249883,2574.573826,6.208383458,-17.71485003,230.0528307,2483.738129,4121.81,182.13,-14.17,14.68
14.74,14.69,-12.55,170.67,3965.48,-12.99654797,239.5798394,3011.506711,6.174493956,-16.73807523,216.5298155,2450.434565,6.220008103,-18.85797045,244.121393,2508.624624,6.286480662,-25.91192846,301.4962927,2574.907693,6.209789281,-17.71376352,230.0279268,2484.061524,4122.95,181.99,-14.16,14.69
14.75,14.7,-12.56,170.55,3965.48,-13.00605581,239.4260689,3014.341345,6.177172668,-16.73012134,216.4849791,2451.014586,6.222764384,-18.84644051,244.0694152,2509.297491,6.288495633,-25.890331,301.444081,2575.5152,6.212347439,-17.70484252,229.9826122,2484.649972,4124.46,181.85,-14.14,14.7
14.76,14.71,-12.56,170.42,3967.96,-13.01637344,239.3491275,3015.756615,6.178512024,-16.72836394,216.4625715,2451.304461,6.224142524,-18.84389696,244.0434421,2509.633763,6.289503118,-25.8855805,301.4179968,2575.818834,6.213626518,-17.70287197,229.9599663,2484.944066,4126.98,181.71,-14.13,14.71
14.77,14.72,-12.57,170.3,3971.07,-13.09271329,238.9641148,3022.830681,6.185208805,-16.72320307,216.3505453,2452.753689,6.231033227,-18.83643048,243.9135944,2511.314947,6.294540545,-25.87163997,301.2876001,2577.336877,6.220021913,-17.69708524,229.8467494,2486.414389,4127.74,181.57,-14.12,14.72
14.78,14.73,-12.57,170.17,3973.18,-13.00921405,238.8952667,3024.087095,6.186399343,-16.72139976,216.3306357,2453.011251,6.23225824,-18.83380583,243.8905195,2511.613731,6.295436088,-25.86669593,301.264431,2577.606684,6.221158872,-17.69506171,229.8266286,2486.675704,4129.51,181.43,-14.1,14.73
14.79,14.74,-12.58,170.05,3974.79,-13.01865839,238.8103077,3025.657126,6.187887517,-16.72042332,216.3057514,2453.333169,6.233789507,-18.83239263,243.8616801,2511.98717,6.296555516,-25.86405637,301.2354752,2577.94391,6.222580071,-17.69396687,229.8014804,2487.002315,4131.02,181.29,-14.09,14.74
14.8,14.75,-12.58,169.92,3975.66,-13.00480456,238.6550491,3028.505154,6.190595508,-16.71240678,216.2604726,2453.918923,6.236575744,-18.8207836,243.8092086,2512.666626,6.298592512,-25.84235191,301.1827903,2578.557526,6.225166198,-17.68497726,229.7557216,2487.59661,4131.02,181.15,-14.08,14.75
14.81,14.76,-12.59,169.8,3977.65,-13.04183107,238.5775025,3029.927084,6.191949504,-16.71063563,216.2378441,2454.211662,6.237968862,-18.81822276,243.782989,2513.00619,6.29961101,-25.83757822,301.1564699,2578.864213,6.226459261,-17.68299166,229.7328538,2487.893625,4132.66,181.01,-14.07,14.76
14.82,14.77,-12.6,169.67,3978.39,-13.31182274,238.1886653,3037.03444,6.198719483,-16.70543455,216.1247135,2455.675205,6.244934453,-18.81070577,243.6519089,2514.703826,6.304703501,-25.82356998,301.0248922,2580.397515,6.232924577,-17.6771609,229.6185277,2489.378551,4135.82,180.87,-14.06,14.77
14.83,14.78,-12.6,169.55,3981.25,-13.00882373,238.1181076,3038.296797,6.199923035,-16.70361666,216.1046076,2455.935311,6.246172781,-18.80806253,243.6286151,2515.005533,6.305608833,-25.81860041,301.0015133,2580.670032,6.234073967,-17.67512141,229.5982097,2489.642461,4138.47,180.73,-14.05,14.78
14.84,14.79,-12.61,169.42,3982.86,-13.01714881,238.0340688,3039.874122,6.201427474,-16.70263258,216.0794781,2456.260408,6.24772069,-18.80663972,243.5995021,2515.382624,6.306740497,-25.81594796,300.9722955,2581.010647,6.235510703,-17.6740182,229.5728153,2489.972314,4139.36,180.59,-14.04,14.79
14.85,14.8,-12.62,169.29,3984.85,-13.00949811,237.8777086,3042.733365,6.204165054,-16.69455316,216.0337533,2456.851943,6.250537185,-18.79495153,243.5465333,2516.068721,6.308799752,-25.79413694,300.9191339,2581.630426,6.238125094,-17.66495974,229.5266085,2490.572507,4141.38,180.46,-14.03,14.8
14.86,14.81,-12.62,169.17,3984.85,-13.03147841,237.7995745,3044.160874,6.205533844,-16.69276821,216.010902,2457.147569,6.251945433,-18.79237339,243.5200653,2516.411602,6.309829379,-25.78934015,300.8925756,2581.940192,6.239432289,-17.66295905,229.503517,2490.872468,4143.27,180.32,-14.02,14.81
14.87,14.82,-12.63,169.04,3986.97,-13.22238941,237.4082438,3051.296082,6.212377793,-16.68752678,215.8966575,2458.625546,6.25898667,-18.78480584,243.3877438,2518.125819,6.314977515,-25.77526451,300.7598086,2583.488886,6.245968264,-17.65708413,229.3880723,2492.37212,4144.16,180.18,-14.01,14.82
14.88,14.83,-12.64,168.92,3990.57,-12.98063519,237.3376547,3052.563356,6.213594495,-16.68569426,215.8763538,2458.888216,6.260238446,-18.78214399,243.3642294,2518.430472,6.315892739,-25.77026949,300.7362184,2583.764139,6.247130215,-17.6550286,229.3675556,2492.638647,4146.56,180.04,-14,14.83
14.89,14.84,-12.64,168.79,3991.07,-13.0051685,237.2526001,3054.146869,6.215115372,-16.68470251,215.8509769,2459.216517,6.261803165,-18.78071156,243.3348407,2518.811245,6.317036769,-25.7676042,300.7067367,2584.108172,6.248582654,-17.65391701,229.3419129,2492.97177,4147.82,179.9,-13.99,14.84
14.9,14.85,-12.65,168.67,3992.69,-12.98706496,237.0950748,3057.020607,6.217882851,-16.67655998,215.8048024,2459.81388,6.264650224,-18.76894413,243.2813709,2519.504033,6.319118515,-25.74568708,300.653095,2584.734167,6.251225605,-17.64478946,229.2952544,2493.577909,4149.72,179.76,-13.99,14.85
14.91,14.86,-12.66,168.54,3994.68,-12.98608025,237.0164218,3058.455329,6.21926659,-16.67476119,215.7817264,2460.112418,6.266073753,-18.76634868,243.2546528,2519.850256,6.320159389,-25.7408673,300.626297,2585.047039,6.252547081,-17.64277363,229.2719373,2493.88084,4149.72,179.62,-13.98,14.86
14.92,14.87,-12.67,168.41,3996.79,-12.98016561,236.6231866,3065.62658,6.226185286,-16.66947926,215.6663588,2461.604947,6.273191399,-18.75873055,243.1210806,2521.581181,6.325363755,-25.72672455,300.4923322,2586.61126,6.259154459,-17.63685441,229.1553648,2495.395342,4153.39,179.48,-13.97,14.87
14.93,14.88,-12.67,168.29,3997.91,-12.9702386,236.5533099,3066.900245,6.227415277,-16.66763205,215.6458555,2461.870203,6.274456758,-18.75605004,243.097344,2521.888803,6.326288975,-25.72170418,300.4685293,2586.889272,6.260329104,-17.63478278,229.1346477,2495.664506,4155.29,179.34,-13.96,14.88
14.94,14.89,-12.68,168.16,3999.41,-12.97749281,236.4660359,3068.49173,6.228952765,-16.66663261,215.6202292,2462.201735,6.276038457,-18.754608,243.0676777,2522.273285,6.327445501,-25.7190261,300.4387816,2587.236753,6.26179741,-17.63366277,229.1087545,2496.000926,4156.81,179.2,-13.96,14.89
14.95,14.9,-12.69,168.03,4001.15,-12.94215197,236.3078751,3071.373629,6.231750455,-16.65842674,215.5736011,2462.804974,6.278916384,-18.74276128,243.0137033,2522.972816,6.329549975,-25.69700335,300.3846566,2587.869019,6.264469223,-17.62446593,229.0616407,2496.613062,4158.7,179.06,-13.95,14.9
14.96,14.91,-12.7,167.91,4002.77,-12.96898086,236.2290101,3072.81241,6.233149301,-16.65661406,215.5502986,2463.106447,6.280355348,-18.7401485,242.9867332,2523.322407,6.330602213,-25.69216069,300.3576173,2588.185024,6.265805129,-17.62243491,229.0380961,2496.918988,4161.11,178.92,-13.95,14.91
14.97,14.92,-12.7,167.78,4002.77,-13.17346526,235.8338673,3080.003953,6.240143527,-16.6512915,215.4337985,2464.613647,6.287550166,-18.73247976,242.8519012,2525.070168,6.335863399,-25.67795117,300.222446,2589.764906,6.272484659,-17.61647126,228.9203865,2498.448462,4162.88,178.78,-13.94,14.92
14.98,14.93,-12.71,167.65,4005.38,-12.92104085,235.7625121,3081.281253,6.241386946,-16.64942954,215.4130939,2464.881509,6.288829245,-18.72978058,242.8279409,2525.38078,6.336798721,-25.67290553,300.1984289,2590.0457,6.273672131,-17.61438348,228.8994674,2498.720287,4164.4,178.65,-13.94,14.93
14.99,14.94,-12.72,167.53,4008.12,-12.93243615,235.6767922,3082.877166,6.242941218,-16.64842238,215.3872163,2465.216299,6.290428094,-18.72832891,242.7979949,2525.769,6.337967874,-25.67021473,300.1684135,2590.396659,6.275156472,-17.61325503,228.8733218,2499.060031,4166.56,178.51,-13.93,14.94
15,14.95,-12.73,167.4,4008.87,-12.89533904,235.517631,3085.777684,6.245769437,-16.64015296,215.3401309,2465.825461,6.293337197,-18.71640286,242.7435123,2526.475324,6.340095314,-25.64808684,300.1138017,2591.035249,6.277857447,-17.60398867,228.8257488,2499.678212,4167.57,178.37,-13.93,14.95
15.01,14.96,-12.74,167.27,4011.61,-12.92106163,235.4382787,3087.22574,6.247183546,-16.63832635,215.3165999,2466.129892,6.294791749,-18.71377275,242.7162883,2526.828308,6.341159034,-25.6432214,300.0865193,2591.354414,6.279207935,-17.60194241,228.8019748,2499.987158,4169.22,178.23,-13.92,14.96
15.02,14.97,-12.74,167.14,4013.61,-13.14151525,235.0407256,3094.463619,6.254254092,-16.63296303,215.1989578,2467.651883,6.302064507,-18.7060534,242.5801876,2528.59303,6.346477635,-25.62894543,299.9501332,2592.950092,6.285960373,-17.59593421,228.6831188,2501.531729,4169.22,178.09,-13.92,14.97
15.03,14.98,-12.75,167.02,4015.48,-12.85123228,234.9688436,3095.74914,6.255511078,-16.63108626,215.1780504,2467.922372,6.303357442,-18.70333552,242.5560019,2528.906656,6.347423165,-25.62387463,299.9259003,2593.233693,6.287160806,-17.59383021,228.661996,2501.806235,4171.88,177.95,-13.92,14.98
15.04,14.99,-12.76,166.89,4017.47,-12.87741262,234.8829014,3097.355313,6.257082311,-16.63007136,215.1519192,2468.260445,6.30497361,-18.70187422,242.5257743,2529.298642,6.348605076,-25.62117117,299.8956154,2593.58816,6.288661348,-17.5926933,228.6355958,2502.149332,4173.4,177.81,-13.91,14.99
15.05,15,-12.77,166.76,4018.1,-12.84140032,234.7237917,3100.257474,6.259941375,-16.62173819,215.1043727,2468.875579,6.307914198,-18.68986881,242.4707798,2530.01181,6.350755722,-25.59893865,299.8405133,2594.233129,6.291391791,-17.58335722,228.58756,2502.773608,4175.56,177.67,-13.91,15
15.06,15.01,-12.78,166.63,4020.34,-12.85932431,234.6444593,3101.706342,6.261370907,-16.61989759,215.0806114,2469.182992,6.309384492,-18.68722136,242.4433002,2530.368212,6.351831045,-25.59405055,299.8129862,2594.55548,6.292757012,-17.58129569,228.5635548,2503.085599,4178.09,177.53,-13.9,15.01
15.07,15.02,-12.79,166.51,4021.46,-13.04522936,234.2472437,3108.948276,6.268518568,-16.6144934,214.961818,2470.719891,6.31673596,-18.6794514,242.3059216,2532.150022,6.35720766,-25.57970848,299.6753768,2596.16709,6.299583119,-17.57524281,228.443543,2504.645388,4181.14,177.4,-13.9,15.02
15.08,15.03,-12.79,166.38,4021.46,-12.77948585,234.1756067,3110.234509,6.269789263,-16.61260176,214.9407061,2470.993029,6.318042888,-18.6767148,242.2815089,2532.466683,6.358163502,-25.57461262,299.6509267,2596.453522,6.300796649,-17.57312253,228.4222149,2504.922599,4182.66,177.26,-13.9,15.03
15.09,15.04,-12.8,166.25,4024.09,-12.81327385,234.0895409,3111.841586,6.271377632,-16.61157909,214.9143192,2471.334413,6.319676548,-18.67524387,242.2509977,2532.862463,6.359358306,-25.57189656,299.6203702,2596.811526,6.302313561,-17.57197713,228.3955581,2505.269075,4184.06,177.12,-13.89,15.04
15.1,15.05,-12.81,166.12,4026.21,-12.78582794,233.9297684,3114.760532,6.274267862,-16.60318196,214.8663079,2471.955565,6.322648929,-18.66315909,242.1954877,2533.582525,6.361532398,-25.54955993,299.5647746,2597.462928,6.305073778,-17.56257114,228.3470557,2505.899496,4185.71,176.98,-13.89,15.05
15.11,15.06,-12.82,165.99,4027.83,-12.75564842,233.8500532,3116.217764,6.275712977,-16.60132735,214.8423144,2472.265984,6.324135119,-18.66049431,242.1677507,2533.94237,6.362619445,-25.5446493,299.537001,2597.788494,6.306453886,-17.56049429,228.3228174,2506.214556,4187.61,176.84,-13.88,15.06
15.12,15.07,-12.83,165.86,4030.7,-12.52645043,233.4524181,3123.50147,6.282938552,-16.59588216,214.7223603,2473.817911,6.33156607,-18.65267374,242.0290855,2535.741392,6.368054676,-25.53024148,299.3981599,2599.41617,6.313354427,-17.55439662,228.2016405,2507.789689,4189.52,176.7,-13.88,15.07
15.13,15.08,-12.83,165.73,4031.7,-12.78808319,233.3829976,3124.795072,6.284223099,-16.5939756,214.7010421,2474.093718,6.332887128,-18.6499184,242.0044442,2536.061111,6.36902094,-25.52512066,299.373491,2599.705456,6.31458119,-17.55226001,228.1801054,2508.069626,4189.52,176.56,-13.87,15.08
15.14,15.09,-12.84,165.61,4032.95,-12.74869954,233.292665,3126.411457,6.285828782,-16.59294513,214.6743975,2474.438438,6.334538451,-18.64843784,241.9736473,2536.460712,6.370228769,-25.52239208,299.3426612,2600.067028,6.316114643,-17.55110609,228.1531899,2508.419508,4192.82,176.42,-13.87,15.09
15.15,15.1,-12.85,165.48,4034.95,-12.71650341,233.1335248,3129.323628,6.288750501,-16.58448385,214.6259176,2475.065656,6.337542934,-18.6362737,241.9176184,2537.187718,6.372426551,-25.49995189,299.2865686,2600.724918,6.318904942,-17.54163,228.1042171,2509.056123,4195.87,176.28,-13.86,15.1
15.16,15.11,-12.86,165.35,4037.45,-12.714778,233.0541556,3130.777479,6.29021136,-16.58261518,214.60169,2475.379106,6.339045176,-18.63359159,241.8896222,2537.551031,6.373525442,-25.49501884,299.2585469,2601.053725,6.320300091,-17.53953779,228.0797439,2509.374277,4197.52,176.14,-13.86,15.11
15.17,15.12,-12.87,165.22,4037.82,-12.7125139,232.6573638,3138.044295,6.297515655,-16.57712887,214.4805657,2476.946178,6.346556385,-18.62572043,241.7496614,2539.367389,6.379019898,-25.48054565,299.1184656,2602.697603,6.327275838,-17.53339522,227.9573925,2510.964877,4198.79,176,-13.85,15.12
15.18,15.13,-12.88,165.09,4039.45,-12.69059037,232.5868356,3139.334922,6.298814196,-16.57520734,214.4590396,2477.224676,6.347891711,-18.62294634,241.72479,2539.690188,6.37999669,-25.47539998,299.0935764,2602.989768,6.328515971,-17.53124223,227.9356488,2511.247562,4200.83,175.87,-13.84,15.13
15.19,15.14,-12.88,164.96,4039.45,-12.69165065,232.4989383,3140.947526,6.300437373,-16.57416906,214.4321352,2477.572758,6.349560868,-18.62145616,241.6937055,2540.093638,6.381217681,-25.47265894,299.0624715,2603.354938,6.330066137,-17.53007978,227.9084726,2511.600878,4202.74,175.73,-13.84,15.14
15.2,15.15,-12.89,164.84,4042.07,-12.65452344,232.3392455,3143.872959,6.303390903,-16.56564344,214.3831829,2478.20609,6.352597764,-18.60921267,241.6371541,2540.827636,6.383439397,-25.45011576,299.0058784,2604.01937,6.332886828,-17.5205334,227.8590256,2512.243737,4205.02,175.59,-13.83,15.15
15.21,15.16,-12.9,164.71,4044.7,-12.68118522,232.2596327,3145.333416,6.304867668,-16.56376067,214.3587193,2478.522593,6.354116213,-18.60651324,241.608897,2541.194443,6.384550256,-25.44516042,298.977607,2604.351445,6.334297174,-17.51842579,227.8343156,2512.56501,4206.17,175.45,-13.82,15.16
15.22,15.17,-12.91,164.58,4046.33,-12.90203573,231.8607298,3152.633238,6.312251494,-16.55823315,214.2364154,2480.10493,6.361708454,-18.59859152,241.4676318,2543.02826,6.390104547,-25.43062224,298.8362771,2606.011662,6.341348903,-17.51223822,227.7107804,2514.171201,4207.7,175.31,-13.81,15.17
15.23,15.18,-12.91,164.45,4048.45,-12.62314668,231.7885786,3153.929742,6.313564174,-16.55629659,214.2146797,2480.38614,6.363058185,-18.59579868,241.4425287,2543.35416,6.391091977,-25.42545184,298.8111662,2606.30673,6.342602544,-17.51006879,227.6888264,2514.456655,4210.24,175.17,-13.81,15.18
15.24,15.19,-12.92,164.32,4050.46,-12.63644186,231.7023218,3155.549618,6.315205025,-16.55525047,214.1875134,2480.737611,6.36474535,-18.59429887,241.4111547,2543.761486,6.392326264,-25.42269842,298.7797841,2606.675528,6.344169595,-17.50889779,227.6613873,2514.813433,4210.24,175.03,-13.8,15.19
15.25,15.2,-12.93,164.19,4051.58,-12.61960767,231.5425195,3158.479772,6.318190694,-16.54666034,214.1380849,2481.377104,6.36781497,-18.58197608,241.3540773,2544.502526,6.39457216,-25.40005282,298.7226873,2607.346557,6.347020991,-17.49928095,227.6114625,2515.462586,4212.53,174.89,-13.79,15.2
15.26,15.21,-12.94,164.06,4053.71,-12.61403353,231.4627248,3159.942576,6.319683528,-16.54476344,214.1133835,2481.696684,6.36934978,-18.57925934,241.3255575,2544.872849,6.395695109,-25.39507534,298.6941644,2607.681927,6.34844669,-17.49715791,227.5865138,2515.787002,4215.33,174.75,-13.78,15.21
15.27,15.22,-12.94,163.93,4054.96,-12.59809173,231.0639276,3167.254092,6.3271477,-16.53919459,213.9898905,2483.294403,6.37702383,-18.5712871,241.1829793,2546.724247,6.401309851,-25.38047256,298.5515776,2609.358617,6.355575182,-17.49092523,227.4617854,2517.408906,4217.5,174.61,-13.77,15.22
15.28,15.23,-12.95,163.8,4056.46,-12.59243869,230.9931199,3168.552617,6.328474664,-16.53724295,213.9679436,2483.578346,6.378388106,-18.5684755,241.1576429,2547.053271,6.402308028,-25.37527755,298.5262434,2609.656613,6.35684247,-17.48873932,227.4396194,2517.697153,4220.05,174.47,-13.76,15.23
15.29,15.24,-12.96,163.67,4058.59,-12.59650279,230.9046039,3170.175155,6.330133369,-16.53618898,213.9405133,2483.933232,6.38009345,-18.56696608,241.1259774,2547.464499,6.403555748,-25.37251181,298.4945824,2610.029069,6.358426579,-17.48755974,227.4119154,2518.057419,4221.83,174.33,-13.75,15.24
15.3,15.25,-12.96,163.54,4058.59,-12.58101537,230.7460331,3173.081906,6.333151505,-16.52753417,213.8906048,2484.578933,6.383196105,-18.55456404,241.0683706,2548.21263,6.405826073,-25.34976442,298.4369785,2610.706749,6.361308996,-17.47787229,227.361509,2518.712915,4222.34,174.19,-13.74,15.25
15.31,15.26,-12.97,163.41,4059.85,-12.5883447,230.6668452,3174.533036,6.334660573,-16.52562309,213.8656636,2484.901615,6.384747432,-18.55183001,241.0395864,2548.586494,6.406961235,-25.34476491,298.4082024,2611.045441,6.362750204,-17.47573379,227.3363197,2519.040499,4224.64,174.05,-13.73,15.26
15.32,15.27,-12.98,163.28,4062.35,-12.64897632,230.2706748,3181.786214,6.342205912,-16.52001283,213.7409722,2486.514834,6.392504068,-18.5438073,240.8956866,2550.455593,6.412637048,-25.33009795,298.2643503,2612.738743,6.369956245,-17.46945591,227.2103888,2520.678241,4227.06,173.91,-13.72,15.27
15.33,15.28,-12.98,163.15,4064.23,-12.57437539,230.1999053,3183.074389,6.343547305,-16.51804606,213.7188124,2486.80153,6.393883025,-18.54097693,240.8701155,2550.787761,6.413646081,-25.32487845,298.2387914,2613.039689,6.37123732,-17.46725346,227.1880092,2520.969301,4228.21,173.77,-13.7,15.28
15.34,15.29,-12.99,163.02,4065.74,-12.57337406,230.1125213,3184.683978,6.345224047,-16.51698422,213.691116,2487.159857,6.395606722,-18.53945791,240.8381566,2551.202919,6.414907372,-25.32210048,298.2068496,2613.415834,6.372838662,-17.46606529,227.1600382,2521.333083,4230.63,173.64,-13.69,15.29
15.35,15.3,-13,162.89,4067.74,-12.56346982,229.9556746,3187.554532,6.34827498,-16.50826456,213.6407238,2487.811814,6.398742721,-18.52697671,240.7800168,2551.958187,6.417202374,-25.29925191,298.1487353,2614.100219,6.375752415,-17.45630707,227.1091464,2521.994971,4230.63,173.5,-13.68,15.3
15.36,15.31,-13,162.76,4070.63,-12.54862337,229.877313,3188.987608,6.349800446,-16.50633928,213.615541,2488.13762,6.400310721,-18.5242254,240.7509666,2552.335616,6.418349875,-25.29423053,298.1197044,2614.442262,6.377209291,-17.45415307,227.0837147,2522.325748,4232.29,173.36,-13.67,15.31
15.37,15.32,-13.01,162.63,4071.13,-12.4303636,229.4859682,3196.150555,6.357427777,-16.50068751,213.4896416,2489.766456,6.40815072,-18.51615229,240.6057367,2554.222535,6.42408738,-25.2794998,297.9745786,2616.152309,6.384493672,-17.44782991,226.956572,2523.97945,4235.61,173.22,-13.66,15.32
15.38,15.33,-13.02,162.5,4072.76,-12.56462569,229.4170515,3197.422695,6.358783746,-16.49870556,213.4672672,2490.055928,6.409544497,-18.51330316,240.5799293,2554.557869,6.425107381,-25.27425595,297.9487935,2616.456231,6.385788673,-17.44561089,226.9339771,2524.273345,4237.14,173.08,-13.64,15.33
15.39,15.34,-13.02,162.37,4075.14,-12.55632734,229.3290004,3199.012308,6.360478709,-16.49763583,213.4393026,2490.417722,6.411286719,-18.51177455,240.5476751,2554.976983,6.426382382,-25.27146581,297.9165691,2616.836094,6.387407424,-17.4444141,226.9057371,2524.640671,4239.18,172.95,-13.63,15.34
15.4,15.35,-13.03,162.24,4076.9,-12.54374788,229.1737943,3201.847009,6.363562769,-16.48885119,213.3884229,2491.075982,6.414456374,-18.49921428,240.4889992,2555.739436,6.428702311,-25.24851673,297.8579411,2617.52724,6.390352831,-17.43458497,226.8543562,2525.309,4240.59,172.81,-13.62,15.35
15.41,15.36,-13.03,162.11,4076.9,-12.56808011,229.096269,3203.262201,6.3651048,-16.48691168,213.3629966,2491.404935,6.416041201,-18.49644572,240.4596811,2556.120453,6.429862276,-25.24347362,297.8286537,2617.872659,6.391825534,-17.43241545,226.8286802,2525.642995,4242.63,172.68,-13.61,15.36
15.42,15.37,-13.04,161.98,4077.9,-12.7655407,228.7078904,3210.335781,6.372814951,-16.48121831,213.23588,2493.049506,6.423965338,-18.48832229,240.3131128,2558.025308,6.435662099,-25.22867956,297.682246,2619.599589,6.399189049,-17.42604693,226.7003163,2527.312779,4244.54,172.54,-13.59,15.37
15.43,15.38,-13.04,161.85,4081.04,-12.5232794,228.6377606,3211.592083,6.374185645,-16.47922114,213.2132893,2493.341772,6.425374073,-18.48545441,240.2870676,2558.363829,6.436693179,-25.22341149,297.6562332,2619.90651,6.400498118,-17.42381128,226.6775044,2527.609531,4246.84,172.41,-13.58,15.38
15.44,15.39,-13.05,161.72,4081.92,-12.14504184,228.5517619,3213.161894,6.375899012,-16.4781435,213.1850544,2493.70706,6.427134992,-18.48391621,240.2545164,2558.786924,6.437982028,-25.22060927,297.6237243,2620.290122,6.402134455,-17.42260587,226.6489933,2527.980428,4247.99,172.27,-13.57,15.39
15.45,15.4,-13.05,161.59,4084.31,-12.5406142,228.5021804,3214.094903,6.379016534,-16.46929373,213.1336835,2494.371669,6.430338612,-18.47127699,240.1953009,2559.556609,6.440327137,-25.19756034,297.5645792,2620.988082,6.405111834,-17.41270569,226.5971196,2528.655248,4250.04,172.13,-13.56,15.4
15.46,15.41,-13.06,161.46,4086.07,-12.53942301,228.4765822,3214.561198,6.380575295,-16.46733996,213.1080118,2494.703793,6.431940422,-18.46849122,240.1657135,2559.941237,6.441499691,-25.19249566,297.5350337,2621.336906,6.406600524,-17.41052063,226.5711975,2528.992484,4250.04,172,-13.54,15.41
15.47,15.42,-13.06,161.33,4086.95,-12.5210614,228.3486033,3216.892416,6.3883691,-16.46160491,212.9796685,2496.364216,6.439949471,-18.46031755,240.0177984,2561.864144,6.447362462,-25.17763871,297.3873359,2623.080853,6.414043972,-17.40410668,226.4416032,2530.678473,4251.7,171.87,-13.53,15.42
15.48,15.43,-13.07,161.2,4088.7,-12.54363257,228.3258848,3217.306719,6.389754665,-16.45959249,212.9568599,2496.659298,6.441373303,-18.45743094,239.991514,2562.205872,6.448404733,-25.17234656,297.361094,2623.390799,6.415367252,-17.40185436,226.4185727,2530.978104,4254.64,171.73,-13.52,15.43
15.49,15.44,-13.07,161.06,4090.34,-12.54154387,228.2973867,3217.824537,6.391486622,-16.45850692,212.9283527,2497.028104,6.443153091,-18.45588318,239.9586639,2562.632975,6.449707571,-25.16953235,297.3282987,2623.778189,6.417021351,-17.40064031,226.3897884,2531.352598,4256.95,171.6,-13.51,15.44
15.5,15.45,-13.07,160.93,4091.6,-12.5458696,228.2456594,3218.766149,6.39463794,-16.44959189,212.8764867,2497.699109,6.446390985,-18.44316514,239.8989057,2563.409936,6.452078111,-25.14638427,297.2686333,2624.483018,6.420031024,-17.39066897,226.3374182,2532.033957,4257.46,171.46,-13.5,15.45
15.51,15.46,-13.08,160.8,4093.61,-12.54682832,228.2197868,3219.236715,6.396213599,-16.44762383,212.8505678,2498.034428,6.448009932,-18.44036219,239.8690472,2563.798198,6.453263381,-25.14129817,297.2388281,2624.835273,6.421535861,-17.38846833,226.311248,2532.374459,4259.5,171.33,-13.49,15.46
15.52,15.47,-13.08,160.67,4093.61,-12.57255127,228.090414,3221.589277,6.404091894,-16.44184705,212.7209885,2499.710817,6.456104666,-18.43213839,239.7197773,2565.739271,6.459189733,-25.12637879,297.0898319,2626.596374,6.429060044,-17.38200889,226.180414,2534.076775,4261.81,171.2,-13.48,15.47
15.53,15.48,-13.08,160.54,4095.87,-12.53646654,228.0673672,3222.00737,6.40549248,-16.43981932,212.6979603,2500.008736,6.45754373,-18.42923306,239.6932523,2566.084225,6.460243306,-25.12106271,297.0633594,2626.909367,6.430397676,-17.37973986,226.1571633,2534.379306,4262.83,171.06,-13.46,15.48
15.54,15.49,-13.09,160.41,4098.51,-12.54109313,228.0387136,3222.529929,6.407243212,-16.43872581,212.6691787,2500.381087,6.45934256,-18.42767576,239.6601014,2566.515361,6.461560273,-25.1182366,297.0302761,2627.300566,6.432069717,-17.37851717,226.1281038,2534.757425,4265.52,170.93,-13.45,15.49
15.55,15.5,-13.09,160.28,4100.65,-12.54334623,227.9864281,3223.480658,6.410428662,-16.42974541,212.6168139,2501.058534,6.462615035,-18.41487907,239.5997973,2567.299643,6.4639565,-25.09499008,296.9700871,2628.012318,6.435112006,-17.36847455,226.0752333,2535.445372,4266.67,170.8,-13.44,15.5
15.56,15.51,-13.09,160.15,4102.54,-12.54381943,227.9602806,3223.955777,6.412021387,-16.42776304,212.5906459,2501.39707,6.464251273,-18.41205897,239.5696662,2567.691561,6.465154613,-25.08988272,296.9400205,2628.368031,6.43663315,-17.36625832,226.0488133,2535.789164,4268.46,170.66,-13.43,15.51
15.57,15.52,-13.1,160.01,4103.54,-12.56831273,227.8295384,3226.3311,6.419985012,-16.42194445,212.4598213,2503.089541,6.472432462,-18.40378518,239.4190337,2569.65091,6.471145179,-25.07490141,296.7897179,2630.146421,6.444238873,-17.35975332,225.9167304,2537.507927,4268.46,170.53,-13.43,15.52
15.58,15.53,-13.1,159.88,4105.18,-12.53103598,227.80625,3226.753237,6.421400768,-16.41990138,212.4365719,2503.390317,6.473886895,-18.40086114,239.3922666,2569.999111,6.472210169,-25.06956154,296.7630133,2630.462486,6.445591002,-17.35746756,225.8932578,2537.81338,4270,170.4,-13.42,15.53
15.59,15.54,-13.1,159.75,4106.94,-12.53738189,227.7772952,3227.280848,6.423170462,-16.41879992,212.4075138,2503.766238,6.475704937,-18.39929432,239.3588132,2570.434304,6.473541405,-25.06672361,296.7296401,2630.857523,6.447281162,-17.3562362,225.863921,2538.19515,4273.59,170.27,-13.41,15.54
15.6,15.55,-13.1,159.62,4109.21,-12.54061777,227.7244776,3228.240436,6.426390381,-16.40975403,212.3546466,2504.450173,6.4790123,-18.38641918,239.2979601,2571.225951,6.475963573,-25.0433794,296.6689243,2631.576252,6.450356391,-17.34612222,225.8105466,2538.889733,4274.74,170.13,-13.4,15.55
15.61,15.56,-13.11,159.49,4109.71,-12.5413195,227.698062,3228.719979,6.428000341,-16.40775733,212.3282275,2504.791949,6.480665982,-18.38358198,239.2675548,2571.621548,6.477174657,-25.03825095,296.6385947,2631.935451,6.451894005,-17.34389038,225.7838749,2539.23684,4276.54,170,-13.39,15.56
15.62,15.57,-13.11,159.36,4111.73,-12.54733692,227.5659764,3231.117417,6.436050138,-16.40189688,212.1961484,2506.500617,6.48893439,-18.37525831,239.1155518,2573.599282,6.483230076,-25.02320819,296.4869776,2633.731264,6.459582076,-17.33733978,225.6505339,2540.972171,4277.95,169.87,-13.38,15.57
15.63,15.58,-13.11,159.22,4111.73,-12.54307809,227.5424833,3231.543482,6.437481214,-16.39983843,212.172676,2506.804269,6.490404329,-18.37231561,239.0885413,2573.950748,6.484306594,-25.01784469,296.4600396,2634.050424,6.460948844,-17.33503724,225.6268377,2541.280567,4280.13,169.74,-13.38,15.58
15.64,15.59,-13.11,159.09,4113.49,-12.54034749,227.5131455,3232.076003,6.439270057,-16.39872901,212.1433394,2507.183786,6.492241754,-18.37073929,239.0547837,2574.390023,6.485652243,-25.01499504,296.4263747,2634.449331,6.462657305,-17.33379721,225.5972216,2541.666015,4281.41,169.6,-13.37,15.59
15.65,15.6,-13.11,158.96,4117.02,-12.53508746,227.4597554,3233.044638,6.442524784,-16.38961755,212.089966,2507.874254,6.495584309,-18.3577859,238.9933785,2575.189076,6.488100607,-24.99155391,296.3651288,2635.175091,6.465765797,-17.32361178,225.5433396,2542.367282,4283.46,169.47,-13.36,15.6
15.66,15.61,-13.11,158.83,4118.66,-12.5339352,227.4330715,3233.528699,6.444152147,-16.3876065,212.0632942,2508.219293,6.497255587,-18.35493165,238.9626976,2575.588372,6.48932479,-24.98640453,296.3345346,2635.537802,6.467320043,-17.32136432,225.5164145,2542.717728,4284.74,169.34,-13.36,15.61
15.67,15.62,-13.11,158.7,4119.92,-12.50217421,227.2996645,3235.948724,6.452288962,-16.38170413,211.9299512,2509.944271,6.505611976,-18.34655827,238.8093166,2577.584597,6.495445701,-24.97130083,296.1815951,2637.351172,6.475091273,-17.31476808,225.3818062,2544.469745,4286.16,169.2,-13.35,15.62
15.68,15.63,-13.12,158.57,4121.81,-12.5523426,227.2760078,3236.378802,6.453735507,-16.37963027,211.9062544,2510.250821,6.507097556,-18.34359693,238.7820613,2577.939349,6.496533863,-24.96591387,296.1544222,2637.673452,6.476472825,-17.31244874,225.3578849,2544.781106,4286.16,169.07,-13.35,15.63
15.69,15.64,-13.12,158.44,4122.57,-12.53740338,227.2462342,3236.916335,6.455543688,-16.37851288,211.8766371,2510.633958,6.508954532,-18.34201114,238.7479979,2578.382728,6.497894065,-24.96305259,296.1204638,2638.076257,6.478199766,-17.31120002,225.3279875,2545.170258,4288.21,168.94,-13.34,15.64
15.7,15.65,-13.12,158.31,4124.84,-12.53221261,227.1922793,3237.894298,6.45883356,-16.36933576,211.8227539,2511.331005,6.512332582,-18.32897975,238.6860377,2579.189231,6.500368883,-24.93951532,296.0586848,2638.809101,6.481341847,-17.30094308,225.2735943,2545.878257,4290.39,168.8,-13.34,15.65
15.71,15.66,-13.12,158.17,4126.23,-12.53618045,227.165313,3238.383018,6.460478496,-16.36731035,211.7958274,2511.679329,6.514021607,-18.3261085,238.6550796,2579.592246,6.501606292,-24.9343452,296.0278244,2639.175351,6.482912887,-17.29867998,225.2464138,2546.232064,4293.22,168.67,-13.33,15.66
15.72,15.67,-13.12,158.04,4128.12,-12.54969029,227.0304388,3240.826329,6.468703176,-16.36136603,211.6612115,2513.420728,6.522466733,-18.31768558,238.5003133,2581.607066,6.507793337,-24.91918109,295.8735545,2641.006412,6.49076809,-17.29203807,225.1105292,2548.000887,4294.76,168.54,-13.33,15.67
15.73,15.68,-13.12,157.91,4129.51,-12.54098809,227.0064354,3241.260545,6.470165341,-16.35927673,211.6372885,2513.730195,6.523968088,-18.31470564,238.4728119,2581.96512,6.508893256,-24.91377084,295.8461454,2641.331835,6.492164571,-17.28970189,225.0863812,2548.315234,4296.17,168.41,-13.33,15.68
15.74,15.69,-13.12,157.78,4129.51,-12.53736033,226.9764905,3241.803246,6.471993048,-16.35815135,211.6073886,2514.116978,6.525844783,-18.31311042,238.438441,2582.412626,6.510268155,-24.91089803,295.8118918,2641.738568,6.493910171,-17.28844448,225.0562004,2548.708117,4297.2,168.27,-13.32,15.69
15.75,15.7,-13.12,157.65,4131.53,-12.53773293,226.9219627,3242.790422,6.475318405,-16.34890851,211.5529919,2514.820648,6.529258627,-18.30000128,238.3759229,2583.226618,6.512769684,-24.88726545,295.7495765,2642.47855,6.497086167,-17.27811597,225.0012923,2549.422895,4299.64,168.14,-13.32,15.7
15.76,15.71,-13.12,157.52,4134.3,-12.52785743,226.8946981,3243.283744,6.476981084,-16.34686872,211.525809,2515.172279,6.530965549,-18.2971131,238.3446862,2583.633374,6.514020448,-24.88207476,295.7184484,2642.848366,6.498674165,-17.27583722,224.9738547,2549.780087,4300.02,168.01,-13.32,15.71
15.77,15.72,-13.11,157.39,4135.44,-12.45489428,226.7584819,3245.750053,6.485294477,-16.34088242,211.389911,2516.930212,6.53950016,-18.28864082,238.1885275,2585.666887,6.52027427,-24.86685078,295.5628403,2644.69725,6.506614155,-17.26914962,224.8366847,2551.565833,4302.47,167.88,-13.31,15.72
15.78,15.73,-13.11,157.26,4137.08,-12.53497522,226.7344068,3246.188352,6.486772414,-16.33877766,211.3657602,2517.242616,6.541017424,-18.28564233,238.1607788,2586.028263,6.521386061,-24.8614174,295.5351936,2645.02584,6.508025709,-17.26679659,224.8123084,2551.883186,4303.88,167.74,-13.31,15.73
15.79,15.74,-13.11,157.12,4138.47,-12.53530263,226.7039044,3246.736162,6.488619835,-16.33764429,211.3355757,2517.633068,6.542914005,-18.28403771,238.1260988,2586.479919,6.522775799,-24.85853317,295.500643,2645.436531,6.509790151,-17.26553049,224.7818423,2552.279826,4303.88,167.61,-13.31,15.74
15.8,15.75,-13.11,156.99,4139.61,-12.5388355,226.6488003,3247.732737,6.491981017,-16.32833566,211.2806619,2518.343406,6.54636394,-18.27085112,238.06302,2587.301438,6.525304297,-24.83480612,295.4377883,2646.183703,6.513000388,-17.25513037,224.7264158,2553.001429,4306.71,167.48,-13.3,15.75
15.81,15.76,-13.11,156.86,4141.88,-12.53776557,226.6212405,3248.230752,6.493661608,-16.32628149,211.2532207,2518.698367,6.548088907,-18.26794607,238.0315034,2587.711953,6.526568545,-24.82959506,295.4063909,2646.557111,6.514605506,-17.25283597,224.6987193,2553.36203,4309.41,167.34,-13.3,15.76
15.82,15.77,-13.11,156.73,4143.9,-12.54139909,226.4834533,3250.720523,6.502064564,-16.32025318,211.1160316,2520.472942,6.556713745,-18.25942464,237.8739453,2589.764258,6.532889789,-24.81431176,295.249437,2648.423951,6.522631099,-17.24610267,224.5602551,2555.164816,4311.08,167.21,-13.3,15.77
15.83,15.78,-13.11,156.6,4145.17,-12.53445101,226.4589507,3251.162989,6.503558423,-16.31813293,211.0916515,2520.788303,6.55824705,-18.25640765,237.845948,2590.128971,6.534013565,-24.80885544,295.2215512,2648.755731,6.524057871,-17.24373275,224.5356488,2555.485195,4312.24,167.08,-13.3,15.78
15.84,15.79,-13.1,156.47,4146.43,-12.53396405,226.4283545,3251.716007,6.505425747,-16.31699157,211.0611804,2521.182449,6.560163681,-18.25479368,237.8109574,2590.584798,6.535418286,-24.80595989,295.186702,2649.170409,6.525841336,-17.24245796,224.5048953,2555.885618,4313.91,166.94,-13.29,15.79
15.85,15.8,-13.1,156.34,4146.43,-12.5343974,226.3726538,3252.722255,6.508823094,-16.30761712,211.0057459,2521.899498,6.56365,-18.24152996,237.7473154,2591.413883,6.53797401,-24.78213924,295.1233048,2649.924825,6.529086141,-17.2319862,224.4489469,2556.614093,4314.56,166.81,-13.29,15.8
15.86,15.81,-13.1,156.21,4148.58,-12.53506351,226.3448025,3253.2251,6.510521768,-16.30554855,210.9780445,2522.25781,6.565393159,-18.23860813,237.7155175,2591.828176,6.539251873,-24.776908,295.0916367,2650.30185,6.530708544,-17.22967615,224.4209897,2556.978126,4316.87,166.68,-13.29,15.81
15.87,15.82,-13.1,156.07,4150.61,-12.53423589,226.2055387,3255.739016,6.519015137,-16.29947822,210.8395555,2524.049136,6.574108957,-18.23003777,237.5565535,2593.899364,6.545641183,-24.76156596,294.9333293,2652.186777,6.538820556,-17.22289714,224.2812223,2558.798065,4319.19,166.54,-13.28,15.82
15.88,15.83,-13.09,155.94,4152,-12.53815985,226.1807823,3256.185773,6.520525069,-16.29734246,210.8149444,2524.367472,6.575658433,-18.22700234,237.5283065,2594.267432,6.54677706,-24.75608689,294.9052032,2652.521771,6.540262692,-17.22051033,224.2563846,2559.121492,4320.61,166.41,-13.28,15.83
15.89,15.84,-13.09,155.81,4154.4,-12.53620055,226.1498254,3256.744149,6.522412485,-16.29619311,210.7841847,2524.765337,6.577595277,-18.22537905,237.4930038,2594.727451,6.548196907,-24.75318012,294.8700537,2652.940464,6.542065361,-17.21922684,224.2253418,2559.525723,4322.15,166.28,-13.28,15.84
15.9,15.85,-13.09,155.68,4155.54,-12.53047571,226.0935106,3257.760057,6.525846337,-16.28675281,210.7282259,2525.489139,6.581118269,-18.21203857,237.428796,2595.564137,6.550780116,-24.72926677,294.806111,2653.702175,6.545345061,-17.20868345,224.1688679,2560.261115,4322.15,166.14,-13.27,15.85
15.91,15.86,-13.08,155.55,4157.19,-12.52921153,226.0653661,3258.267727,6.527563264,-16.28466985,210.7002628,2525.850824,6.582879765,-18.20910002,237.3967155,2595.982225,6.552071721,-24.72401556,294.7741706,2654.082845,6.54698491,-17.20635774,224.1406483,2560.628602,4323.57,166.01,-13.27,15.86
15.92,15.87,-13.08,155.42,4158.83,-12.49682186,225.9246578,3260.805758,6.536147895,-16.2785575,210.5604649,2527.659008,6.591687247,-18.20048098,237.2363392,2598.072387,6.558529744,-24.70861538,294.6145023,2655.985988,6.555184159,-17.19953304,223.9995691,2562.465809,4327.31,165.88,-13.27,15.87
15.93,15.88,-13.08,155.29,4160.1,-12.54794471,225.8997077,3261.256799,6.537674052,-16.2764062,210.5356213,2527.980339,6.593253021,-18.19742718,237.2078414,2598.443824,6.559677837,-24.70311375,294.5861346,2656.324218,6.556641803,-17.19712931,223.9744983,2562.792303,4329.11,165.74,-13.26,15.88
15.94,15.89,-13.07,155.15,4161.24,-12.53173608,225.8683043,3261.820527,6.539581748,-16.27524885,210.5045709,2528.381945,6.595210239,-18.19579462,237.1722252,2598.908055,6.561112953,-24.70019588,294.550683,2656.746956,6.558463859,-17.19583713,223.9431643,2563.200367,4330.79,165.61,-13.26,15.89
15.95,15.9,-13.07,155.02,4163.64,-12.52456468,225.8113929,3262.846286,6.543052445,-16.2657427,210.4480845,2529.112543,6.59877019,-18.18237776,237.1074491,2599.752376,6.563723906,-24.67619076,294.486192,2657.516014,6.561778779,-17.1852221,223.8861614,2563.942721,4331.82,165.48,-13.25,15.9
15.96,15.91,-13.06,154.89,4163.64,-12.53221217,225.7829535,3263.358874,6.544787794,-16.26364534,210.4198577,2529.477621,6.600550165,-18.17942259,237.0750849,2600.174278,6.565029382,-24.67091977,294.4539778,2657.900353,6.563436239,-17.18288075,223.8576776,2564.313685,4334.79,165.35,-13.25,15.91
15.97,15.92,-13.06,154.76,4164.15,-12.56813725,225.6406697,3265.921494,6.553464537,-16.25749098,210.2787423,2531.302769,6.609450042,-18.17075514,236.9132903,2602.283497,6.571556764,-24.65546206,294.2929413,2659.821842,6.571723541,-17.17601038,223.7152779,2566.168272,4335.82,165.21,-13.24,15.92
15.98,15.93,-13.05,154.63,4167.82,-12.53599092,225.6153023,3266.376904,6.555007069,-16.25532414,210.2536646,2531.627112,6.611032242,-18.16768304,236.8845405,2602.65832,6.572717187,-24.64993807,294.2643305,2660.163331,6.573196839,-17.17358972,223.6899725,2566.497854,4337.49,165.08,-13.23,15.93
15.99,15.94,-13.05,154.5,4169.47,-12.53217538,225.5837829,3266.946089,6.556935235,-16.2541588,210.2223217,2532.032484,6.613009993,-18.16604125,236.8486096,2603.126781,6.574167716,-24.64700921,294.2285754,2660.590142,6.575038462,-17.17228885,223.6583454,2566.909775,4338.79,164.94,-13.23,15.94
16,15.95,-13.04,154.37,4171.37,-12.53047103,225.5262503,3267.981703,6.560443115,-16.24458679,210.1653041,2532.769919,6.616607182,-18.15254844,236.7832629,2603.97877,6.57680667,-24.62291329,294.1635331,2661.366598,6.578388929,-17.16160222,223.6008102,2567.659135,4340.72,164.81,-13.22,15.95
16.01,15.96,-13.04,154.24,4172.51,-12.52290966,225.4974878,3268.499213,6.562197056,-16.24247505,210.136812,2533.138411,6.618405776,-18.14957674,236.7506138,2604.4045,6.578126147,-24.61762273,294.1310437,2661.754632,6.580064163,-17.15924522,223.5720605,2568.033599,4340.72,164.68,-13.21,15.96
16.02,15.97,-13.03,154.11,4174.92,-12.46198736,225.3537625,3271.086434,6.570966758,-16.23627869,209.9943704,2534.980625,6.627398748,-18.14086116,236.5873952,2606.532859,6.584723532,-24.60210812,293.9686318,2663.694593,6.588440332,-17.15232922,223.4283317,2569.905675,4342.53,164.55,-13.21,15.97
16.03,15.98,-13.02,153.98,4175.43,-12.53130847,225.3283356,3271.546211,6.572525817,-16.2340963,209.9690571,2535.307999,6.628997499,-18.13777084,236.5583925,2606.911081,6.585896401,-24.59656198,293.9397767,2664.039364,6.589929429,-17.14989163,223.4027903,2570.238363,4344.98,164.41,-13.2,15.98
16.04,15.99,-13.02,153.85,4177.33,-12.52908054,225.2961876,3272.12086,6.574474639,-16.23292295,209.9374198,2535.717159,6.630995937,-18.1361199,236.5221455,2607.38379,6.587362486,-24.59362226,293.9037164,2664.470276,6.5917908,-17.14858207,223.3708681,2570.654167,4347.05,164.28,-13.19,15.99
16.05,16,-13.01,153.71,4178.98,-12.53273565,225.2380453,3273.166372,6.578020042,-16.22328513,209.8798676,2536.461472,6.634630638,-18.12255158,236.4562261,2608.243478,6.5900297,-24.56943651,293.83812,2665.25418,6.59517714,-17.13782389,223.3127972,2571.410577,4348.08,164.14,-13.18,16
16.06,16.01,-13.01,153.58,4180.38,-12.53355351,225.2089657,3273.688824,6.579792743,-16.221159,209.8511085,2536.833399,6.636447989,-18.11956347,236.4232911,2608.673052,6.591363306,-24.56412662,293.805354,2665.645935,6.596870311,-17.13545126,223.2837799,2571.788561,4350.92,164.01,-13.18,16.01
16.07,16.02,-13,153.45,4180.38,-12.56321778,225.0635581,3276.300747,6.58865625,-16.21492068,209.7073322,2538.692779,6.645534742,-18.11080007,236.2586431,2610.820625,6.598031339,-24.54855576,293.6415596,2667.604494,6.605336161,-17.12848966,223.1387137,2573.678234,4351.31,163.88,-13.17,16.02
16.08,16.03,-12.99,153.32,4182.53,-12.51785925,225.0376466,3276.764912,6.590231985,-16.21272272,209.6817818,2539.023203,6.647150165,-18.10769163,236.2293865,2611.20226,6.599216767,-24.54298768,293.612459,2667.952569,6.606841201,-17.12603514,223.1129347,2574.014049,4353.77,163.75,-13.16,16.03
16.09,16.04,-12.98,153.19,4184.82,-12.52762094,225.0054646,3277.345045,6.592201653,-16.21154139,209.6498482,2539.436173,6.649169444,-18.10603157,236.1928222,2611.679234,6.600698553,-24.54003721,293.5760919,2668.38761,6.608722501,-17.1247169,223.0807156,2574.433759,4355.19,163.61,-13.15,16.04
16.1,16.05,-12.98,153.06,4186.6,-12.53152735,224.9466937,3278.400619,6.595784914,-16.20183778,209.591758,2540.187404,6.652841926,-18.09238825,236.1263281,2612.546648,6.603394282,-24.51576268,293.5099386,2669.179012,6.612145038,-17.11388723,223.0221056,2575.197261,4356.22,163.48,-13.14,16.05
16.11,16.06,-12.97,152.93,4187.87,-12.53193292,224.9172991,3278.928096,6.597576545,-16.19969728,209.5627303,2540.562785,6.654678167,-18.08938383,236.0931061,2612.98008,6.604742147,-24.51043367,293.4768947,2669.574512,6.613856307,-17.111499,222.9928192,2575.578786,4358.55,163.35,-13.13,16.06
16.12,16.07,-12.96,152.8,4189.39,-12.53776856,224.7703214,3281.565134,6.606534698,-16.19341704,209.4176109,2542.43943,6.663859373,-18.08057295,235.9270238,2615.146938,6.611481471,-24.49480723,293.311711,2671.551792,6.622412649,-17.10449186,222.8464073,2577.486163,4358.55,163.22,-13.12,16.07
16.13,16.08,-12.95,152.67,4191.17,-12.53055772,224.7441799,3282.03376,6.608127259,-16.19120352,209.3918219,2542.772921,6.665491587,-18.07744648,235.8975124,2615.531999,6.612679573,-24.48921743,293.2823637,2671.903194,6.623933777,-17.1020204,222.8203892,2577.825123,4359.97,163.08,-13.11,16.08
16.14,16.09,-12.94,152.54,4192.44,-12.53384178,224.7115335,3282.619468,6.610117959,-16.19001421,209.3595902,2543.189724,6.667531855,-18.07577738,235.8606298,2616.013253,6.6141772,-24.48625635,293.2456883,2672.342392,6.625835186,-17.1006935,222.7878714,2578.248763,4362.95,162.95,-13.1,16.09
16.15,16.1,-12.93,152.41,4193.96,-12.53433956,224.6520876,3283.685241,6.613739415,-16.18024488,209.3009588,2543.94791,6.67124238,-18.0620596,235.7935592,2616.88842,6.616901703,-24.46189408,293.1789754,2673.14134,6.629294243,-17.08979242,222.7287191,2579.019399,4365.02,162.82,-13.09,16.1
16.16,16.11,-12.93,152.28,4195.49,-12.52380017,224.6223635,3284.217811,6.615550142,-16.17809003,209.2716608,2544.326764,6.673097642,-18.05903898,235.7600493,2617.325723,6.618263954,-24.45654619,293.1456522,2673.54061,6.631023772,-17.0873886,222.6991619,2579.404487,4365.92,162.69,-13.08,16.11
16.17,16.12,-12.92,152.15,4197.52,-12.44464668,224.4738678,3286.880307,6.62460378,-16.17176792,209.1251902,2546.220772,6.682373955,-18.05018098,235.592528,2619.511931,6.625075209,-24.44086486,292.9790724,2675.536733,6.639671414,-17.080336,222.5513962,2581.329671,4368.12,162.56,-13.07,16.12
16.18,16.13,-12.91,152.02,4197.52,-12.5340322,224.4476355,3287.353454,6.626213316,-16.16953883,209.0991612,2546.557346,6.684023077,-18.04703659,235.5627611,2619.900428,6.626286099,-24.43525358,292.9494772,2675.891482,6.641208772,-17.07784762,222.5251376,2581.671793,4371.1,162.43,-13.06,16.13
16.19,16.14,-12.9,151.89,4198.92,-12.53081931,224.4143585,3287.944812,6.628225235,-16.16834155,209.0666295,2546.978003,6.68608448,-18.04535852,235.5255591,2620.385977,6.627799711,-24.43228201,292.9124921,2676.334864,6.643130471,-17.07651205,222.4923193,2582.099386,4372.4,162.3,-13.05,16.14
16.2,16.15,-12.89,151.76,4201.46,-12.53390774,224.3542735,3289.020879,6.631885218,-16.15850658,209.0074537,2547.743183,6.689833301,-18.03156684,235.4579103,2621.268921,6.630553241,-24.40783309,292.845217,2677.141407,6.646626368,-17.06553968,222.4326216,2582.877196,4374.08,162.17,-13.04,16.15
16.21,16.16,-12.88,151.63,4203.12,-12.53460106,224.3242236,3289.558589,6.633715209,-16.1563374,208.9778837,2548.125529,6.691707712,-18.02853017,235.4241117,2621.710107,6.631930006,-24.40246657,292.8116132,2677.54447,6.648374317,-17.06312031,222.4027919,2583.265867,4375.12,162.04,-13.03,16.16
16.22,16.17,-12.87,151.51,4204.9,-12.57042672,224.1739658,3292.246774,6.642865165,-16.14997348,208.830054,2550.036992,6.701079767,-18.01962543,235.2551473,2623.915724,6.638813831,-24.39947537,292.6436309,2679.559557,6.657114062,-17.05602232,222.2536646,2585.208959,4376.93,161.91,-13.02,16.17
16.23,16.18,-12.86,151.38,4205.92,-12.51069996,224.1471769,3292.724485,6.644491824,-16.14772883,208.8037835,2550.376667,6.70274591,-18.01646323,235.225124,2624.307669,6.640037622,-24.37207869,292.613771,2679.917675,6.658667794,-17.05351702,222.2271641,2585.554263,4376.93,161.78,-13.01,16.18
16.24,16.19,-12.85,151.25,4207.82,-12.52713601,224.113963,3293.321545,6.646525148,-16.14652359,208.77095,2550.801198,6.704828589,-18.01477626,235.1876018,2624.797526,6.641567361,-24.37300171,292.5765147,2680.365267,6.66060996,-17.05217282,222.1940435,2585.985831,4377.58,161.65,-13,16.19
16.25,16.2,-12.83,151.12,4209.61,-12.53070819,224.0532392,3294.407915,6.650223988,-16.13662309,208.7112266,2551.573408,6.708615954,-18.0009113,235.1193732,2625.688267,6.644350171,-24.34570149,292.5086893,2681.179451,6.664143018,-17.04112928,222.1337971,2586.770855,4380.43,161.52,-12.99,16.2
16.26,16.21,-12.82,150.99,4211.26,-12.53221851,224.0228687,3294.950769,6.652073409,-16.1344396,208.6813832,2551.959265,6.710509636,-17.99785871,235.0852852,2626.133347,6.645741575,-24.33972342,292.4748145,2681.586331,6.665909547,-17.03869438,222.1036935,2587.163128,4382.63,161.39,-12.98,16.21
16.27,16.22,-12.81,150.86,4213.04,-12.54040588,223.8709978,3297.664669,6.66132051,-16.12803397,208.5321864,2553.888273,6.719978049,-17.98890764,234.9148741,2628.358426,6.6526986,-24.32219571,292.3054825,2683.620498,6.674742192,-17.03155111,221.9531967,2589.124227,4384.06,161.26,-12.97,16.22
16.28,16.23,-12.8,150.73,4214.32,-12.53484865,223.8439808,3298.146947,6.66296444,-16.12577377,208.5056731,2554.231065,6.721661323,-17.98572776,234.8845938,2628.753828,6.653935404,-24.31588425,292.2754007,2683.982006,6.676312441,-17.02902891,221.926453,2589.472729,4385.61,161.13,-12.96,16.23
16.29,16.24,-12.79,150.61,4214.32,-12.53468352,223.810245,3298.749714,6.665019351,-16.12456059,208.4725362,2554.65949,6.723765414,-17.98403197,234.8467504,2629.248004,6.65548141,-24.31256185,292.2378087,2684.433833,6.678275251,-17.02767609,221.8930284,2589.908294,4387.43,161,-12.95,16.24
16.3,16.25,-12.78,150.48,4216.35,-12.53777047,223.7488227,3299.846432,6.668757378,-16.11459467,208.4122621,2555.438766,6.72759156,-17.97009439,234.7779409,2630.146562,6.658293753,-24.28521292,292.1694334,2685.255706,6.681845786,-17.01656154,221.8322305,2590.70057,4389.89,160.87,-12.94,16.25
16.31,16.26,-12.77,150.35,4217.88,-12.53890755,223.718104,3300.394452,6.670626392,-16.11239691,208.3821437,2555.82815,6.729504633,-17.96702603,234.7435628,2630.595545,6.659699925,-24.27922446,292.1352842,2685.666427,6.683631053,-17.01411115,221.8018514,2591.096465,4390.93,160.75,-12.94,16.26
16.32,16.27,-12.76,150.22,4220.81,-12.56851862,223.5644965,3303.134175,6.67997146,-16.10594964,208.2315723,2557.774793,6.739069998,-17.95802907,234.5717016,2632.840132,6.666730785,-24.26166685,291.9645804,2687.719789,6.692557391,-17.0069227,221.6499776,2593.075666,4393.14,160.62,-12.93,16.27
16.33,16.28,-12.74,150.09,4221.83,-12.52543997,223.537124,3303.62104,6.681632806,-16.10367392,208.2048147,2558.120716,6.740770507,-17.95483165,234.5411638,2633.238999,6.667980715,-24.25534285,291.934255,2688.084708,6.694144296,-17.00438363,221.6229893,2593.427383,4394.83,160.49,-12.92,16.28
16.34,16.29,-12.73,149.97,4222.98,-12.53246642,223.5031232,3304.229539,6.683709487,-16.1024528,208.1713727,2558.553055,6.742896144,-17.95312713,234.5029986,2633.737505,6.669543128,-24.25201469,291.8963586,2688.540797,6.696127927,-17.00302221,221.589259,2593.866966,4394.83,160.36,-12.91,16.29
16.35,16.3,-12.72,149.84,4225.02,-12.53449923,223.4410415,3305.336704,6.687487026,-16.09242162,208.110545,2559.33943,6.746761299,-17.93911763,234.433607,2634.643895,6.672385257,-24.2246181,291.8274312,2689.370404,6.699736253,-16.99183683,221.5279066,2594.666532,4396.38,160.23,-12.9,16.3
16.36,16.31,-12.71,149.71,4225.78,-12.53541593,223.4099957,3305.889941,6.689375796,-16.09020962,208.0801502,2559.73236,6.748693877,-17.93603365,234.3989383,2635.096789,6.673806321,-24.21861947,291.7930065,2689.784987,6.701540416,-16.98937098,221.4972505,2595.066066,4398.98,160.11,-12.9,16.31
16.37,16.32,-12.7,149.58,4227.57,-12.53621605,223.254755,3308.655739,6.698819643,-16.08372084,207.9281967,2561.69672,6.758356764,-17.92699127,234.2256244,2637.360923,6.680911642,-24.20103263,291.6209254,2691.85766,6.710561231,-16.9821375,221.3439926,2597.063461,4400.67,159.98,-12.89,16.32
16.38,16.33,-12.68,149.46,4228.08,-12.53944481,223.2271549,3309.147235,6.700498549,-16.0814296,207.9011936,2562.04579,6.760074611,-17.92377646,234.1948286,2637.763262,6.68217481,-24.19469632,291.5903555,2692.226009,6.712164932,-16.97958158,221.3167583,2597.41841,4402.49,159.85,-12.88,16.33
16.39,16.34,-12.67,149.33,4229.86,-12.53891922,223.1926421,3309.76152,6.702597182,-16.08020058,207.8674448,2562.482061,6.762221919,-17.92206329,234.156341,2638.266107,6.68375377,-24.19136253,291.5521535,2692.686385,6.714169557,-16.97821158,221.2827207,2597.862031,4404.31,159.72,-12.88,16.34
16.4,16.35,-12.66,149.2,4229.86,-12.54245045,223.1298478,3310.879263,6.706414554,-16.07010431,207.8060607,2563.275569,6.766126301,-17.90798264,234.0863664,2639.180342,6.686625931,-24.16391935,291.482672,2693.52377,6.717815985,-16.96695557,221.2208109,2598.668923,4405.74,159.59,-12.87,16.35
16.41,16.36,-12.65,149.08,4232.16,-12.54360282,223.0984419,3311.437781,6.70832324,-16.0678781,207.7753879,2563.672059,6.768078492,-17.90488321,234.0514066,2639.637153,6.688062012,-24.15791079,291.4479706,2693.942238,6.719639199,-16.96447433,221.1898765,2599.072115,4407.3,159.47,-12.87,16.36
16.42,16.37,-12.64,148.95,4233.69,-12.5741846,222.9413976,3314.229974,6.71786667,-16.06134793,207.6220452,2565.654217,6.777839447,-17.89579591,233.8766378,2641.920866,6.695242415,-24.14029542,291.2745071,2696.03433,6.728755268,-16.95719595,221.0352272,2601.087793,4408.47,159.34,-12.86,16.37
16.43,16.38,-12.62,148.82,4236.76,-12.53062764,222.9134105,3314.726158,6.71956328,-16.0590412,207.5947954,2566.006449,6.779574728,-17.89256386,233.8455836,2642.326683,6.696518931,-24.13394705,291.2436916,2696.406129,6.730375903,-16.95462321,221.0077458,2601.445989,4410.16,159.21,-12.86,16.38
16.44,16.39,-12.61,148.7,4237.78,-12.53646846,222.8786521,3315.346302,6.721684042,-16.0578043,207.5607381,2566.44667,6.781743829,-17.89084214,233.8067731,2642.833872,6.698114576,-24.13060776,291.2051829,2696.870817,6.732401696,-16.95324466,220.9733994,2601.893668,4411.98,159.08,-12.85,16.39
16.45,16.4,-12.6,148.57,4239.69,-12.53754075,222.8151828,3316.474691,6.725541564,-16.04764313,207.4987948,2567.247341,6.785687645,-17.87669112,233.7362149,2643.755963,6.701017017,-24.10311911,291.1351452,2697.716022,6.736086532,-16.94191825,220.9109295,2602.707919,4411.98,158.96,-12.85,16.4
16.46,16.41,-12.59,148.45,4240.84,-12.53875626,222.7834455,3317.038524,6.727470326,-16.04540277,207.4678427,2567.647407,6.787659553,-17.87357643,233.7009637,2644.216696,6.702468237,-24.09710087,291.1001663,2698.138396,6.73792895,-16.93942167,220.8797154,2603.114785,4413.93,158.83,-12.85,16.41
16.47,16.42,-12.57,148.32,4242.63,-12.53645727,222.6247434,3319.857286,6.737114132,-16.03883135,207.3131039,2569.647441,6.797519093,-17.86444473,233.5247385,2646.520012,6.709724337,-24.07945769,290.9253153,2700.250015,6.747141041,-16.93209856,220.7236679,2605.148831,4417.05,158.7,-12.84,16.42
16.48,16.43,-12.56,148.2,4243.91,-12.54523465,222.5965349,3320.358189,6.738828586,-16.03650916,207.2856061,2570.002848,6.7992719,-17.86119561,233.4934255,2646.92931,6.71101431,-24.07309751,290.8942535,2700.625283,6.748778745,-16.92950904,220.6959381,2605.51029,4418.48,158.57,-12.84,16.43
16.49,16.44,-12.55,148.07,4245.18,-12.54414464,222.561233,3320.984229,6.740971654,-16.03526441,207.2512389,2570.447036,6.801462908,-17.85946545,233.4542917,2647.44085,6.712626777,-24.06975287,290.8554369,2701.094306,6.750825877,-16.92812197,220.6612814,2605.962046,4419.52,158.44,-12.84,16.44
16.5,16.45,-12.54,147.94,4247.23,-12.5481336,222.497031,3322.12332,6.74486964,-16.02503856,207.1887337,2571.254898,6.805446354,-17.84524492,233.3831496,2648.370803,6.715559738,-24.0422199,290.7848412,2701.947374,6.754549424,-16.91672543,220.5982487,2606.783689,4421.08,158.32,-12.83,16.45
16.51,16.46,-12.53,147.82,4247.23,-12.54822058,222.4649199,3322.692497,6.746818632,-16.0227841,207.157501,2571.658555,6.807438076,-17.84211514,233.3476068,2648.83546,6.717026219,-24.03619224,290.7495838,2702.373675,6.756411197,-16.91421355,220.5667536,2607.194246,4423.3,158.19,-12.83,16.46
16.52,16.47,-12.51,147.69,4248.51,-12.55026144,222.3043629,3325.537965,6.756563596,-16.01617159,207.0013596,2573.676537,6.817396689,-17.83293961,233.1699241,2651.158395,6.724358623,-24.018522,290.5733407,2704.504923,6.765720065,-16.90684591,220.4093014,2609.24674,4425.25,158.06,-12.83,16.47
16.53,16.48,-12.5,147.57,4251.06,-12.54895287,222.2758148,3326.043611,6.758296034,-16.01383398,206.9736125,2574.035132,6.819167109,-17.82967361,233.1383523,2651.571177,6.725662162,-24.01215027,290.5420316,2704.883678,6.767374975,-16.90423964,220.3813221,2609.611476,4426.68,157.93,-12.83,16.48
16.54,16.49,-12.49,147.44,4253.11,-12.5503933,222.240134,3326.675578,6.760461581,-16.0125814,206.938934,2574.483303,6.821380134,-17.82793511,233.098895,2652.087072,6.727291585,-24.00880041,290.5029062,2705.357059,6.769443612,-16.9028441,220.3463535,2610.067327,4428.25,157.8,-12.83,16.49
16.55,16.5,-12.48,147.32,4253.49,-12.55332892,222.1751996,3327.82543,6.764400337,-16.00229113,206.8758643,2575.298385,6.82540339,-17.81364597,233.0271687,2653.024889,6.730255308,-23.98122434,290.4317507,2706.218029,6.773206168,-16.8913777,220.2827556,2610.896392,4430.33,157.68,-12.83,16.5
16.56,16.51,-12.47,147.19,4255.41,-12.55431787,222.1427249,3328.399978,6.766369715,-16.00002263,206.8443498,2575.705647,6.827415019,-17.81050131,232.9913342,2653.493472,6.731737169,-23.97518751,290.3962139,2706.648277,6.775087446,-16.88885061,220.2509783,2611.310656,4430.33,157.55,-12.83,16.51
16.57,16.52,-12.45,147.07,4256.43,-12.55848704,221.9803382,3331.272298,6.776216605,-15.99336919,206.6867993,2577.741645,6.83747316,-17.80128253,232.8121937,2655.836032,6.739146477,-23.95749099,290.2185744,2708.799255,6.784493835,-16.88143861,220.0921152,2613.381676,4432.29,157.42,-12.83,16.52
16.58,16.53,-12.44,146.95,4258.74,-12.5568541,221.9514598,3331.782712,6.777967163,-15.99101621,206.658802,2578.103439,6.839261275,-17.79799985,232.780363,2656.2523,6.740463687,-23.95110798,290.1870173,2709.181515,6.786166082,-16.87881566,220.0638852,2613.749702,4433.72,157.29,-12.82,16.53
16.59,16.54,-12.43,146.82,4259.76,-12.55707804,221.9153744,3332.420638,6.780155361,-15.98975583,206.6238107,2578.555609,6.841496417,-17.79625312,232.7405822,2656.77255,6.7421102,-23.94775305,290.147582,2709.659276,6.788256391,-16.87741167,220.0286035,2614.209665,4436.2,157.16,-12.82,16.54
16.6,16.55,-12.42,146.7,4261.17,-12.55070684,221.8496965,3333.58134,6.784135188,-15.97940141,206.5601742,2579.377937,6.845559655,-17.78189633,232.6682718,2657.718231,6.74510492,-23.92013513,290.0758652,2710.528187,6.792058247,-16.86587575,219.964438,2615.046182,4436.59,157.04,-12.82,16.55
16.61,16.56,-12.41,146.57,4262.19,-12.54850754,221.8168741,3334.161305,6.786125102,-15.97711893,206.5283765,2579.788815,6.847591274,-17.77873701,232.6321457,2658.19074,6.74660228,-23.91408941,290.0400481,2710.9624,6.793959176,-16.86333351,219.9323771,2615.464166,4439.33,156.91,-12.82,16.56
16.62,16.57,-12.4,146.45,4262.19,-12.50795454,221.6527913,3337.060699,6.796074672,-15.97042477,206.3694111,2581.842894,6.857749367,-17.7694756,232.4515476,2660.552923,6.75408908,-23.89636741,289.8610081,2713.133203,6.803463818,-16.85587739,219.7720972,2617.553783,4441.15,156.78,-12.82,16.57
16.63,16.58,-12.39,146.33,4263.47,-12.56426735,221.6237153,3337.575924,6.797843484,-15.96805646,206.3411624,2582.207899,6.859555251,-17.76617644,232.419458,2660.972676,6.755420067,-23.88997341,289.8292024,2713.518985,6.805153532,-16.85323781,219.7436156,2617.925113,4442.72,156.65,-12.82,16.58
16.64,16.59,-12.38,146.2,4266.29,-12.55578789,221.5870643,3338.219855,6.8000545,-15.96678833,206.305857,2582.664081,6.861812605,-17.76442161,232.3793538,2661.497281,6.7570838,-23.88661357,289.7894563,2714.001148,6.807265675,-16.85182542,219.7080193,2618.389203,4443.76,156.52,-12.82,16.59
16.65,16.6,-12.37,146.08,4268.08,-12.55773768,221.5206757,3339.3915,6.804075694,-15.95637007,206.2416514,2583.493677,6.865915978,-17.74999818,232.3064597,2662.45082,6.760109749,-23.85895509,289.7171766,2714.878036,6.811107119,-16.84022031,219.643284,2619.233199,4445.07,156.39,-12.82,16.6
16.66,16.61,-12.35,145.96,4269.49,-12.55567241,221.4874762,3339.976928,6.806086292,-15.95407368,206.2095696,2583.908185,6.867967665,-17.74682441,232.2700423,2662.927253,6.761622724,-23.85290077,289.6810787,2715.316234,6.813027841,-16.837663,219.6109386,2619.654917,4447.42,156.27,-12.82,16.61
16.67,16.62,-12.34,145.83,4271.41,-12.53448586,221.3215062,3342.903627,6.816139279,-15.94733901,206.0491835,2585.980401,6.878226098,-17.73752105,232.0879877,2665.309047,6.769187597,-23.83515412,289.5006345,2717.506953,6.822631452,-16.830163,219.4492362,2621.7632,4447.42,156.14,-12.82,16.62
16.68,16.63,-12.33,145.71,4272.95,-12.56191004,221.2920502,3343.423698,6.817926477,-15.94495543,206.0206824,2586.348628,6.880049819,-17.73420562,232.0556394,2665.732284,6.770532463,-23.82874942,289.4685794,2717.896273,6.824338761,-16.82750687,219.4205019,2622.137844,4448.07,156.01,-12.82,16.63
16.69,16.64,-12.32,145.59,4274.49,-12.56125905,221.2550672,3344.073692,6.820160474,-15.94367958,205.9850616,2586.808836,6.882329471,-17.73244283,232.0152118,2666.261241,6.772213546,-23.82538482,289.4285218,2718.382857,6.826472896,-16.82608612,219.3845899,2622.606077,4450.81,155.88,-12.82,16.64
16.7,16.65,-12.31,145.46,4275.38,-12.56615073,221.1879245,3345.256356,6.824223324,-15.93319783,205.9202848,2587.645722,6.88647312,-17.71795382,231.9417348,2667.22263,6.775270952,-23.79768713,289.3556779,2719.267757,6.830354208,-16.81441221,219.3192827,2623.457577,4452.64,155.75,-12.82,16.65
16.71,16.66,-12.3,145.34,4277.69,-12.56700729,221.15434,3345.847284,6.826254749,-15.9308876,205.8879177,2588.063869,6.888544944,-17.71476584,231.9050263,2667.702982,6.776799654,-23.7916245,289.3192984,2719.709957,6.832294864,-16.81183993,219.2866517,2623.883042,4454.47,155.63,-12.82,16.66
16.72,16.67,-12.29,145.22,4278.46,-12.57499107,220.9864063,3348.801476,6.836411873,-15.92411265,205.7261057,2590.154277,6.898904066,-17.70542122,231.7215169,2670.104365,6.784443168,-23.77385407,289.1374467,2721.920679,6.841998143,-16.8042963,219.1235217,2626.01005,4456.56,155.5,-12.82,16.67
16.73,16.68,-12.28,145.1,4278.46,-12.56797423,220.9565324,3349.32643,6.838217584,-15.92171387,205.6973514,2590.525735,6.900745687,-17.70208977,231.6889102,2670.531081,6.785802015,-23.76743898,289.1051417,2722.313553,6.843723171,-16.80162368,219.0945338,2626.388021,4457.47,155.37,-12.82,16.68
16.74,16.69,-12.27,144.97,4279.74,-12.56844801,220.9192337,3349.982525,6.840474723,-15.92043035,205.661414,2590.989979,6.903047714,-17.70031913,231.6481598,2671.064385,6.787500574,-23.7640698,289.0647719,2722.804577,6.845879455,-16.80019463,219.0583049,2626.86041,4458.65,155.24,-12.82,16.69
16.75,16.7,-12.26,144.85,4282.95,-12.57185149,220.8513201,3351.176268,6.844579508,-15.90988546,205.5960641,2591.834175,6.907231762,-17.68576567,231.5741009,2672.033612,6.790589658,-23.73633428,288.9913626,2723.697522,6.849800907,-16.78845234,218.9924238,2627.719436,4460.87,155.11,-12.82,16.7
16.76,16.71,-12.25,144.73,4284.62,-12.57332137,220.8173541,3351.772727,6.846631901,-15.90756149,205.5634108,2592.255971,6.909323786,-17.68256374,231.5371018,2672.517877,6.7921342,-23.73026364,288.9547009,2724.14374,6.851761633,-16.78586517,218.9595062,2628.148659,4462.7,154.98,-12.81,16.71
16.77,16.72,-12.24,144.6,4285.9,-12.58271541,220.6475042,3354.75456,6.856893864,-15.9007465,205.4001679,2594.364619,6.919783906,-17.67317859,231.3521401,2674.938816,6.799856911,-23.71247032,288.7714389,2726.374547,6.861565262,-16.77827821,218.7949438,2630.294451,4464.27,154.85,-12.81,16.72
16.78,16.73,-12.24,144.48,4287.18,-12.57443499,220.6172861,3355.284423,6.858718213,-15.89833259,205.3711594,2594.739315,6.921643482,-17.66983135,231.3192755,2675.369005,6.801229837,-23.70604516,288.7388834,2726.770989,6.863308129,-16.77558918,218.7657015,2630.675758,4464.27,154.73,-12.81,16.73
16.79,16.74,-12.23,144.36,4289.62,-12.57546931,220.5795652,3355.946652,6.860998649,-15.89704145,205.3349045,2595.207607,6.923967953,-17.66805302,231.2782027,2675.906649,6.802945995,-23.70267157,288.6982007,2727.266472,6.865486714,-16.77415188,218.7291547,2631.152315,4466.49,154.6,-12.81,16.74
16.8,16.75,-12.22,144.24,4289.75,-12.57824703,220.5108734,3357.151544,6.865145641,-15.88643383,205.2689796,2596.05913,6.928192507,-17.6534363,231.2035631,2676.883696,6.806066975,-23.67489968,288.6242251,2728.167493,6.86944857,-16.76234167,218.6626979,2632.018888,4469.11,154.47,-12.81,16.75
16.81,16.76,-12.21,144.12,4291.16,-12.57889994,220.47652,3357.753568,6.867219137,-15.88409621,205.2360391,2596.484583,6.930304784,-17.65022067,231.1662742,2677.371865,6.807627465,-23.66882135,288.5872806,2728.617744,6.871429499,-16.75973972,218.6294929,2632.451879,4471.2,154.34,-12.8,16.76
16.82,16.77,-12.2,143.99,4292.45,-12.58018768,220.3047437,3360.763216,6.877586617,-15.87724147,205.0713611,2598.611511,6.94086617,-17.64079576,230.9798634,2679.812317,6.815429915,-23.65100607,288.4026059,2730.868713,6.88133414,-16.75210972,218.4634937,2634.616504,4472.78,154.21,-12.8,16.77
16.83,16.78,-12.19,143.87,4294.37,-12.5817651,220.2742025,3361.298019,6.879429725,-15.8748125,205.0420976,2598.989454,6.942743749,-17.63743301,230.9467414,2680.245972,6.816817017,-23.64457116,288.3697995,2731.268736,6.883094965,-16.74940439,218.4339962,2635.001156,4473.69,154.08,-12.8,16.78
16.84,16.79,-12.18,143.75,4294.37,-12.58205705,220.2360188,3361.96642,6.881733609,-15.87351379,205.0055241,2599.461803,6.945090724,-17.63564713,230.9053471,2680.787946,6.818550895,-23.64119333,288.3288032,2731.768695,6.885295996,-16.74795889,218.3971304,2635.481893,4474.74,153.95,-12.79,16.79
16.85,16.8,-12.17,143.63,4296.04,-12.58520369,220.1665423,3363.182541,6.885923071,-15.86284388,204.9390226,2600.320666,6.949355873,-17.62096839,230.8301284,2681.772792,6.821703981,-23.61338657,288.2542605,2732.677821,6.889298514,-16.73608125,218.3300964,2636.356031,4476.7,153.82,-12.79,16.8
16.86,16.81,-12.16,143.51,4298.61,-12.58399571,220.1317953,3363.790171,6.888017801,-15.8604927,204.9057942,2600.749784,6.951488448,-17.61773934,230.7925504,2682.264854,6.823280525,-23.60730087,288.217033,2733.132119,6.891299772,-16.73346462,218.2966032,2636.792799,4477.36,153.7,-12.79,16.81
16.87,16.82,-12.15,143.38,4300.15,-12.57379021,219.9580772,3366.827836,6.898491455,-15.85359851,204.7396769,2602.895027,6.962151323,-17.60827547,230.6046946,2684.724765,6.831163241,-23.58946459,288.0309433,2735.40332,6.901306066,-16.72579193,218.1291632,2638.976302,4478.93,153.57,-12.78,16.82
16.88,16.83,-12.15,143.26,4300.67,-12.58682358,219.927219,3367.367614,6.900353438,-15.85115457,204.7101578,2603.276223,6.964046945,-17.60489748,230.571316,2685.161875,6.832564613,-23.58302028,287.9978857,2735.806938,6.903084963,-16.72307038,218.0994098,2639.364306,4480.37,153.44,-12.78,16.83
16.89,16.84,-12.14,143.14,4303.24,-12.58786017,219.8885611,3368.042232,6.902680917,-15.84984835,204.6732647,2603.752636,6.966416472,-17.60310422,230.529601,2685.708167,6.834316327,-23.5796384,287.9565755,2736.311388,6.905308583,-16.72161675,218.0622242,2639.849233,4480.37,153.31,-12.77,16.84
16.9,16.85,-12.13,143.02,4304.65,-12.59252114,219.8182953,3369.269661,6.9069131,-15.83911663,204.6061853,2604.618851,6.970722289,-17.58836475,230.4538053,2686.700786,6.837501725,-23.55179831,287.881465,2737.228644,6.909352009,-16.70967221,217.9946116,2640.730951,4482.47,153.18,-12.77,16.85
16.91,16.86,-12.12,142.9,4305.94,-12.59356368,219.7831494,3369.882935,6.909029192,-15.836752,204.5726682,2605.051639,6.972875197,-17.58512257,230.4159391,2687.196728,6.839094424,-23.54570559,287.8439541,2737.687003,6.911373721,-16.70704104,217.9608294,2641.171503,4484.83,153.05,-12.76,16.86
16.92,16.87,-12.11,142.78,4306.84,-12.60354538,219.6074054,3372.948812,6.91960965,-15.82981867,204.4051081,2607.215226,6.983639738,-17.57562059,230.2266434,2689.676032,6.847057918,-23.52784929,287.656448,2739.978501,6.921482284,-16.699326,217.7919453,2643.37392,4487.05,152.92,-12.76,16.87
16.93,16.88,-12.1,142.66,4308.77,-12.59211283,219.5761373,3373.493599,6.92149062,-15.82735986,204.3753327,2607.599679,6.985553435,-17.57222765,230.193009,2690.116586,6.848473651,-23.52139595,287.6231389,2740.385725,6.923279362,-16.69658834,217.7619353,2643.765284,4488.63,152.8,-12.75,16.88
16.94,16.89,-12.1,142.54,4309.67,-12.59605874,219.5371146,3374.174477,6.923841833,-15.82604618,204.3381194,2608.080163,6.987945555,-17.57042717,230.1509744,2690.667181,6.850243316,-23.51801021,287.5815144,2740.894681,6.925525709,-16.69512665,217.7244292,2644.254409,4489.68,152.67,-12.75,16.89
16.95,16.9,-12.09,142.42,4309.67,-12.60791523,219.4660378,3375.413282,6.92811698,-15.74822996,204.2704608,2608.953738,6.99229209,-17.55562835,230.0746039,2691.667541,6.853461223,-23.4901384,287.5058357,2741.820091,6.929610279,-16.68311578,217.6562367,2645.143719,4492.69,152.54,-12.74,16.9
16.96,16.91,-12.08,142.3,4311.73,-12.61336146,219.430466,3376.032234,6.930254554,-15.83712881,204.2367978,2609.390201,6.994465358,-17.55237334,230.0364508,2692.167347,6.855070176,-23.484039,287.4680411,2742.282523,6.931652563,-16.68047019,217.6221651,2645.588061,4492.82,152.41,-12.74,16.91
16.97,16.92,-12.07,142.17,4313.79,-12.66944013,219.25253,3379.126487,6.94094242,-16.43995414,204.0675326,2611.572163,7.005331696,-17.54283413,229.8457208,2694.665966,6.863114942,-23.46616372,287.2791175,2744.594377,6.941863987,-16.6727132,217.4518337,2647.809424,4494.79,152.29,-12.73,16.92
16.98,16.93,-12.07,142.05,4315.97,-12.60366148,219.2207562,3379.676311,6.942842486,-15.74537971,204.0362957,2611.959898,7.00726349,-17.53942654,229.8118317,2695.10995,6.864545123,-23.45970171,287.2455567,2745.005217,6.943679351,-16.66995954,217.4215667,2648.204153,4496.24,152.16,-12.72,16.93
16.99,16.94,-12.06,141.93,4317,-12.61084162,219.1814446,3380.363488,6.945217567,-15.77257387,204.0006586,2612.444432,7.009678232,-17.53761902,229.7694788,2695.664831,6.866332848,-23.4563123,287.2036177,2745.518692,6.945948556,-16.66848987,217.3837393,2648.697481,4498.47,152.03,-12.72,16.94
17,16.95,-12.05,141.81,4318.29,-12.61361184,219.1095106,3381.613736,6.949535885,-15.76186127,203.9325476,2613.325371,7.014065518,-17.52276227,229.6925362,2696.672896,6.869583454,-23.42841044,287.1273705,2746.452277,6.950074496,-16.65641329,217.3149662,2649.594394,4498.47,151.9,-12.71,16.95
17.01,16.96,-12.04,141.69,4320.35,-12.61574053,219.0735357,3382.238399,6.951695043,-15.75950105,203.8985153,2613.76551,7.016259161,-17.51949474,229.6540976,2697.176548,6.871208757,-23.42230473,287.0892923,2746.918791,6.952137466,-16.65375341,217.2806045,2650.04253,4499.25,151.78,-12.71,16.96
17.02,16.97,-12.03,141.57,4321.64,-12.6275062,218.8936309,3385.361196,6.962490837,-15.75258108,203.728379,2615.965839,7.027227377,-17.50991922,229.46194,2699.694391,6.87933527,-23.40441153,286.8989506,2749.251054,6.962452315,-16.64595486,217.1088235,2652.282862,4502.54,151.65,-12.7,16.97
17.03,16.98,-12.03,141.45,4322.67,-12.61780847,218.8616179,3385.916091,6.964410089,-15.75012571,203.6981458,2616.356818,7.029177283,-17.50649732,229.4277973,2700.14179,6.880779983,-23.39794123,286.8651379,2749.665519,6.964286065,-16.64318535,217.078299,2652.680959,4504.37,151.52,-12.69,16.98
17.04,16.99,-12.02,141.33,4324.09,-12.61804756,218.8216699,3386.609598,6.966809154,-15.74881452,203.6603604,2616.845455,7.031614664,-17.50468293,229.3851276,2700.700937,6.882585875,-23.39454837,286.8228843,2750.183524,6.966578254,-16.64170777,217.0401499,2653.178497,4505.69,151.39,-12.69,16.99
17.05,17,-12.01,141.21,4324.86,-12.62038835,218.7489126,3387.871358,6.97117089,-15.73804217,203.5916682,2617.733768,7.036042714,-17.48976975,229.307616,2701.716666,6.885869362,-23.36661817,286.7460687,2751.125303,6.970745778,-16.62956612,216.9707952,2654.083017,4507.53,151.26,-12.68,17
17.06,17.01,-12.01,141.09,4324.86,-12.61902507,218.7125272,3388.501767,6.973351758,-15.73566896,203.5573457,2618.177587,7.038256738,-17.48649003,229.2688932,2702.224144,6.887511105,-23.36050652,286.7077067,2751.595909,6.97282954,-16.62689211,216.9361431,2654.534952,4508.32,151.14,-12.67,17.01
17.07,17.02,-12,140.97,4327.18,-12.60272463,218.5306198,3391.653284,6.984256097,-15.7287112,203.3857586,2620.396311,7.049326862,-17.47687915,229.0753156,2704.761109,6.895719821,-23.3425965,286.5159469,2753.948625,6.983248349,-16.61905245,216.7629107,2656.794267,4510.02,151.01,-12.67,17.02
17.08,17.03,-11.99,140.85,4328.98,-12.62512459,218.4983225,3392.213278,6.986194646,-15.72624141,203.3552677,2620.790556,7.051294884,-17.47344327,229.0409207,2705.211903,6.897179148,-23.33611831,286.4818824,2754.366724,6.985100581,-16.61626721,216.7321284,2657.195735,4511.47,150.89,-12.66,17.03
17.09,17.04,-11.99,140.73,4330.66,-12.62438274,218.4578078,3392.913157,6.988617833,-15.72492303,203.3171603,2621.283275,7.053754912,-17.4716222,228.9979359,2705.775293,6.899003307,-23.33272221,286.4393142,2754.889269,6.987415872,-16.61478181,216.6936571,2657.697486,4513.18,150.76,-12.65,17.04
17.1,17.05,-11.98,140.61,4332.46,-12.62864374,218.3842231,3394.186504,6.993023192,-15.71409155,203.2478864,2622.17896,7.058223716,-17.45665413,228.9198586,2706.79864,6.902319848,-23.30476546,286.3619303,2755.839257,6.991625181,-16.60257581,216.6237204,2658.609617,4514.89,150.63,-12.65,17.05
17.11,17.06,-11.97,140.49,4333.75,-12.6290104,218.3474184,3394.822696,6.995225871,-15.71170548,203.2132733,2622.626459,7.060458118,-17.45336256,228.8808535,2707.309921,6.903978118,-23.29864826,286.3232847,2756.313962,6.993729836,-16.59988782,216.5887777,2659.065351,4514.89,150.51,-12.64,17.06
17.12,17.07,-11.97,140.37,4335.04,-12.60969521,218.1633892,3398.003115,7.006239268,-15.70471035,203.040234,2624.863576,7.071630128,-17.44371734,228.6858643,2709.865892,6.91226947,-23.28072254,286.1301074,2758.68717,7.004253108,-16.59200751,216.4140925,2661.343655,4516.73,150.38,-12.63,17.07
17.13,17.08,-11.96,140.25,4337.37,-12.64399473,218.130723,3398.56824,7.008197206,-15.70222625,203.0094852,2625.261088,7.073616263,-17.44026782,228.6512187,2710.320061,6.913743488,-23.27423688,286.0957912,2759.108908,7.006123912,-16.58920669,216.3830521,2661.748496,4519.49,150.25,-12.63,17.08
17.14,17.09,-11.95,140.13,4337.88,-12.64027506,218.0896878,3399.274532,7.010644627,-15.70090076,202.9710554,2625.757888,7.076098931,-17.43844027,228.6079207,2710.887669,6.915586011,-23.27083775,286.0529085,2759.636003,7.008462417,-16.58771355,216.3442584,2662.254461,4521.73,150.13,-12.62,17.09
17.15,17.1,-11.95,140.01,4340.2,-12.64343911,218.0152115,3400.55952,7.015093799,-15.69001081,202.9011994,2626.660941,7.08060846,-17.42341892,228.5292815,2711.918582,6.918935771,-23.2428563,285.9749568,2760.594211,7.0127137,-16.57544395,216.2737394,2663.174202,4521.73,150,-12.61,17.1
17.16,17.11,-11.94,139.9,4341.62,-12.64495269,217.977964,3401.20152,7.017318384,-15.68761204,202.8662956,2627.112118,7.082863224,-17.42011586,228.4899958,2712.43364,6.92061065,-23.23673394,285.9360278,2761.073022,7.014839341,-16.57274215,216.2385059,2663.633735,4523.04,149.88,-12.61,17.11
17.17,17.12,-11.93,139.78,4341.62,-12.65437429,217.7917042,3404.410973,7.028441313,-15.68057998,202.6918035,2629.367615,7.094137044,-17.41043731,228.2936046,2715.00849,6.92898505,-23.21879371,285.7414341,2763.46675,7.025467547,-16.56482169,216.0623674,2665.931027,4524.75,149.75,-12.6,17.12
17.18,17.13,-11.93,139.66,4343.17,-12.64632812,217.7585667,3404.981254,7.030418722,-15.67808172,202.6607965,2629.768391,7.096141279,-17.40697454,228.25871,2715.466011,6.930473832,-23.212301,285.7068664,2763.892134,7.027357006,-16.56200544,216.0310688,2666.33924,4527.52,149.63,-12.6,17.13
17.19,17.14,-11.92,139.54,4345.63,-12.64709368,217.7172005,3405.693986,7.032890484,-15.6767492,202.6220443,2630.26927,7.098646572,-17.40514071,228.2151008,2716.037808,6.932334809,-23.20889908,285.6636694,2764.423784,7.029718829,-16.56050467,215.9919526,2666.849418,4527.78,149.5,-12.59,17.14
17.2,17.15,-11.92,139.42,4347.31,-12.65040253,217.6418758,3406.990693,7.037383643,-15.66580148,202.5516061,2631.179683,7.103196773,-17.39006776,228.1359039,2717.076232,6.935717943,-23.18089481,285.5851506,2765.390222,7.034012259,-16.54817227,215.9208512,2667.776765,4530.42,149.38,-12.58,17.15
17.21,17.16,-11.91,139.3,4348.73,-12.65126485,217.6042036,3407.638542,7.039630222,-15.66339016,202.5164117,2631.634533,7.105471873,-17.38675357,228.0963397,2717.595039,6.937409509,-23.17476772,285.5459386,2765.873143,7.036158974,-16.54545683,215.885327,2668.240094,4531.47,149.25,-12.58,17.16
17.22,17.17,-11.91,139.18,4349.24,-12.65217212,217.4158296,3410.877223,7.050863119,-15.65632163,202.3404664,2633.908392,7.116847375,-17.37704277,227.8985567,2720.188626,6.945867342,-23.15681418,285.3499302,2768.287415,7.046892547,-16.53749674,215.7077351,2670.556363,4531.47,149.13,-12.57,17.17
17.23,17.18,-11.9,139.06,4351.18,-12.65522527,217.3823385,3411.452694,7.052860079,-15.65380936,202.3092014,2634.312428,7.118869686,-17.37356711,227.8634149,2720.649475,6.947370957,-23.15031487,285.3151113,2768.716448,7.048800738,-16.53466525,215.6761784,2670.967946,4533.31,149,-12.57,17.18
17.24,17.19,-11.89,138.94,4352.99,-12.65483965,217.3404608,3412.171911,7.055356278,-15.65246991,202.2701266,2634.817381,7.121397575,-17.37172721,227.8194968,2721.225429,6.949250476,-23.14691039,285.2716005,2769.252658,7.051185976,-16.53315694,215.6367395,2671.482336,4536.08,148.87,-12.56,17.19
17.25,17.2,-11.89,138.83,4354.02,-12.65518917,217.2642734,3413.480398,7.059893583,-15.64146517,202.1991065,2635.735142,7.125988375,-17.35660438,227.7397467,2722.271302,6.952667127,-23.11888527,285.1925156,2770.227331,7.055521711,-16.52076258,215.5650562,2672.417279,4537.66,148.75,-12.56,17.2
17.26,17.21,-11.88,138.71,4354.93,-12.66991716,217.2261787,3414.134125,7.062162235,-15.63904147,202.1636215,2636.19366,7.128283775,-17.35327945,227.6999063,2722.793827,6.954375453,-23.11275387,285.153021,2770.714364,7.057689578,-16.51803369,215.5292413,2672.884401,4538.45,148.62,-12.55,17.21
17.27,17.22,-11.88,138.59,4356.48,-12.75662061,217.0354832,3417.402189,7.073505497,-15.63193696,201.9862238,2638.48585,7.139760774,-17.3435375,227.5007427,2725.405997,6.962917082,-23.09478826,284.9556004,2773.149194,7.068528915,-16.51003453,215.3501968,2675.219626,4540.96,148.5,-12.55,17.22
17.28,17.23,-11.87,138.47,4356.48,-12.67214037,217.0013498,3417.98288,7.075522077,-15.68719606,201.9547007,2638.893141,7.14180113,-17.34004936,227.4653558,2725.870146,6.964435593,-23.08828281,284.9205307,2773.581878,7.070455908,-16.50718797,215.3183821,2675.634576,4541.88,148.37,-12.55,17.23
17.29,17.24,-11.87,138.35,4358.94,-12.67069135,216.9593006,3418.70861,7.078042802,-15.60460849,201.9152015,2639.40216,7.144351574,-17.33820362,227.4211313,2726.450224,6.966333733,-23.08487601,284.8767065,2774.122651,7.07286465,-16.50567224,215.2786208,2676.153171,4543.99,148.25,-12.54,17.24
17.3,17.25,-11.86,138.23,4360.62,-12.67325779,216.8821918,3420.028946,7.082623558,-15.59365888,201.8437206,2640.327085,7.148982878,-17.32303269,227.3408328,2727.50348,6.969784037,-23.05683208,284.7970567,2775.105563,7.077242832,-16.49321681,215.2063559,2677.0957,4544.91,148.12,-12.54,17.25
17.31,17.26,-11.86,138.11,4361.91,-12.67459516,216.8436296,3420.688586,7.084913935,-15.59124738,201.8080052,2640.789178,7.15129853,-17.3196974,227.3007187,2728.02969,6.971509188,-23.0506968,284.7572802,2775.596709,7.079431923,-16.49047469,215.1702508,2677.566609,4546.37,148,-12.53,17.26
17.32,17.27,-11.85,138,4364.5,-12.68164829,216.6507981,3423.986198,7.096365825,-15.65914022,201.629456,2643.09924,7.162876789,-17.30992545,227.1001867,2730.660277,6.980134947,-23.03272041,284.5584504,2778.0521,7.090377378,-16.48243704,214.989755,2679.920758,4546.76,147.87,-12.53,17.27
17.33,17.28,-11.85,137.88,4365.02,-12.67644461,216.6164979,3424.572132,7.098401716,-15.52066834,201.5975757,2643.509705,7.164935146,-17.30642524,227.0645567,2731.127696,6.981668416,-23.02620929,284.5231305,2778.488438,7.092323237,-16.47957561,214.9576825,2680.339069,4546.76,147.75,-12.53,17.28
17.34,17.29,-11.85,137.76,4366.7,-12.6769696,216.5736612,3425.304422,7.100946581,-15.55746797,201.5583165,2644.022692,7.167508093,-17.30457387,227.0200286,2731.71186,6.983585251,-23.02280042,284.4789937,2779.033775,7.09475556,-16.47805257,214.9175991,2680.861864,4550.06,147.62,-12.53,17.29
17.35,17.3,-11.84,137.64,4368.51,-12.68019724,216.4956793,3426.636673,7.105571672,-15.54656992,201.4863617,2644.954917,7.172179783,-17.28935669,226.939187,2732.772427,6.987069329,-22.99473975,284.3987804,2780.024922,7.099176315,-16.46553703,214.8447537,2681.811962,4552.04,147.5,-12.52,17.3
17.36,17.31,-11.84,137.52,4370.19,-12.68117848,216.4566784,3427.302259,7.107884218,-15.54416984,201.4504096,2645.420656,7.174515629,-17.28601144,226.8988017,2733.302286,6.988811368,-22.98860106,284.3587227,2780.520181,7.101386692,-16.46278187,214.8083587,2682.286648,4552.96,147.37,-12.52,17.31
17.37,17.32,-11.83,137.4,4370.45,-12.68301718,216.261659,3430.629589,7.119446947,-15.53713491,201.2706766,2647.748934,7.186194856,-17.27621066,226.6969145,2735.951111,6.997521564,-22.97061521,284.1584875,2782.996131,7.112438579,-16.45470636,214.6264139,2684.659681,4554.55,147.25,-12.52,17.32
17.38,17.33,-11.83,137.29,4371.62,-12.68365912,216.2269838,3431.220799,7.121502543,-15.53463253,201.2387385,2648.162635,7.188271163,-17.27269881,226.6610438,2736.421769,6.999070043,-22.96409891,284.1229179,2783.436119,7.114403359,-16.45183026,214.594084,2685.081346,4555.21,147.13,-12.52,17.33
17.39,17.34,-11.83,137.17,4371.62,-12.6886566,216.1836223,3431.959681,7.124072038,-15.53329943,201.1988226,2648.679662,7.190866546,-17.27084205,226.6162148,2737.009979,7.001005642,-22.96068823,284.0784693,2783.98602,7.116859334,-16.45030003,214.553679,2685.60833,4557.72,147,-12.52,17.34
17.4,17.35,-11.82,137.05,4373.82,-12.70331505,216.1047253,3433.303901,7.128741663,-15.52234732,201.1262879,2649.619185,7.195578486,-17.25558049,226.5348357,2738.077781,7.004523607,-22.93261298,283.9976944,2784.985398,7.121322769,-16.43772538,214.4802541,2686.565977,4559.83,146.88,-12.51,17.35
17.41,17.36,-11.82,136.93,4375.89,-12.68993158,216.0652311,3433.975459,7.131076476,-15.51993552,201.0900461,2650.088566,7.197934456,-17.2522257,226.4941821,2738.61125,7.006282589,-22.92647133,283.9573564,2785.484767,7.123554486,-16.43495741,214.4435698,2687.044431,4559.7,146.75,-12.51,17.36
17.42,17.37,-11.81,136.81,4377.84,-12.60508998,215.8679686,3437.332631,7.142750539,-15.51286653,200.9088654,2652.435047,7.209714304,-17.24239729,226.2909534,2741.278122,7.015077499,-22.90847738,283.7557201,2787.981261,7.134713073,-16.42684469,214.2601789,2689.436296,4562.08,146.63,-12.51,17.37
17.43,17.38,-11.81,136.7,4378.74,-12.70082506,215.8331342,3437.929134,7.144825928,-15.51035096,200.8766702,2652.85198,7.2118085,-17.23887424,226.2548445,2741.751984,7.016641039,-22.90195641,283.7199018,2788.4249,7.136696822,-16.42395415,214.2275921,2689.861304,4563.27,146.5,-12.51,17.38
17.44,17.39,-11.81,136.58,4379.91,-12.69954812,215.7888956,3438.674646,7.147420164,-15.5090114,200.8364329,2653.373046,7.214426244,-17.23701232,226.2097179,2742.344198,7.018595463,-22.89854418,283.6751423,2788.979361,7.139176508,-16.42241686,214.1868662,2690.392468,4563.27,146.38,-12.51,17.39
17.45,17.4,-11.8,136.46,4380.69,-12.70346686,215.7090779,3440.030903,7.152134409,-15.49800616,200.7633196,2654.319838,7.219178273,-17.22170833,226.1278071,2743.419153,7.022147412,-22.87045654,283.5938078,2789.98696,7.143682711,-16.40978416,214.1128634,2691.357637,4564.85,146.25,-12.51,17.4
17.46,17.41,-11.8,136.34,4382.63,-12.70636683,215.6691568,3440.708467,7.154491531,-15.49558283,200.7267889,2654.792846,7.221554287,-17.21834442,226.0868881,2743.956193,7.023923387,-22.86431242,283.5531905,2790.490435,7.145935812,-16.40700361,214.0758905,2691.839847,4567.23,146.13,-12.51,17.41
17.47,17.42,-11.8,136.22,4383.93,-12.7270439,215.4695055,3444.095659,7.166277142,-15.48848038,200.544164,2657.157459,7.233434359,-17.20848961,225.8823329,2746.640908,7.032803259,-22.84631176,283.3501583,2793.007451,7.15720132,-16.39885437,213.8910573,2694.25048,4569.61,146,-12.51,17.42
17.48,17.43,-11.8,136.11,4385.74,-12.70580362,215.4339542,3444.697497,7.168372362,-15.48595182,200.5117122,2657.577611,7.235546372,-17.20495581,225.8459884,2747.117939,7.034381903,-22.83978664,283.3140921,2793.454735,7.159204076,-16.39594962,213.8582144,2694.678821,4570.41,145.88,-12.51,17.43
17.49,17.44,-11.79,135.99,4386.65,-12.70788775,215.3896664,3445.449659,7.170991387,-15.48460591,200.4711544,2658.1027,7.238186388,-17.20308898,225.8005674,2747.714112,7.036355208,-22.83637314,283.2690229,2794.013751,7.161707523,-16.3944054,213.8171683,2695.214149,4571.07,145.75,-12.51,17.44
17.5,17.45,-11.79,135.87,4386.65,-12.71124234,215.3089345,3446.818015,7.175750315,-15.47354849,200.3974643,2659.056728,7.242978327,-17.18774453,225.7181313,2748.796134,7.039941229,-22.80827539,283.1871312,2795.029559,7.166256563,-16.38171577,213.7425895,2696.186812,4572.26,145.63,-12.51,17.45
17.51,17.46,-11.79,135.75,4388.6,-12.71237707,215.2685578,3447.501617,7.178129779,-15.47111385,200.3606455,2659.533347,7.245374296,-17.18437193,225.67695,2749.336701,7.041734239,-22.80212928,283.1462357,2795.537133,7.168531083,-16.37892289,213.7053289,2696.672762,4574.24,145.5,-12.51,17.46
17.52,17.47,-11.78,135.63,4390.54,-12.71715523,215.0666566,3450.918981,7.190027099,-15.46397857,200.1765807,2661.916008,7.257354143,-17.17449198,225.4710838,2752.039044,7.05069929,-22.78412334,282.9418135,2798.074639,7.179903683,-16.37073785,213.519058,2699.102089,4576.23,145.38,-12.51,17.47
17.53,17.48,-11.78,135.51,4391.97,-12.71569539,215.0307496,3451.526175,7.192142178,-15.46143724,200.1438732,2662.339365,7.259483894,-17.17094789,225.4345064,2752.519206,7.052293077,-22.7775946,282.9055004,2798.525562,7.181925479,-16.36781913,213.4859597,2699.53375,4577.16,145.25,-12.51,17.48
17.54,17.49,-11.78,135.4,4393.66,-12.71516001,214.9858833,3452.285029,7.194786026,-15.4600851,200.1029957,2662.868458,7.262146082,-17.1690764,225.3887945,2753.119289,7.054285311,-22.77418011,282.8601228,2799.089126,7.184452723,-16.36626812,213.4445945,2700.073225,4578.21,145.13,-12.51,17.49
17.55,17.5,-11.78,135.28,4395.09,-12.71910376,214.9042344,3453.665543,7.199589681,-15.35093757,200.0287308,2663.829684,7.266977731,-17.15369351,225.3058396,2754.208289,7.057905477,-22.74607457,282.7776765,2800.113127,7.189044649,-16.35352273,213.3694418,2701.053347,4578.21,145,-12.51,17.5
17.56,17.51,-11.78,135.16,4396.38,-12.72081385,214.8633972,3454.355211,7.201991508,-15.48200695,199.9918605,2664.309895,7.269393555,-17.15031267,225.2643993,2754.752338,7.05971556,-22.73992698,282.7365042,2800.624791,7.191340612,-16.35071777,213.3318947,2701.54302,4580.6,144.88,-12.51,17.51
17.57,17.52,-11.77,135.05,4396.9,-12.73342172,214.6591842,3457.80289,7.214000645,-16.36683637,199.805935,2666.710529,7.281472678,-17.14040885,225.0572385,2757.472084,7.068765975,-22.72191723,282.5306984,2803.182744,7.202820426,-16.3424977,213.1441915,2703.990954,4583.38,144.75,-12.51,17.52
17.58,17.53,-11.77,134.93,4398.2,-12.72030592,214.6228436,3458.415466,7.216135603,-15.35189885,199.7709925,2667.13711,7.283620078,-17.13685496,225.0204312,2757.955336,7.070374938,-22.71538542,282.4941397,2803.637299,7.204861281,-16.33956527,213.1108388,2704.425919,4584.31,144.63,-12.51,17.53
17.59,17.54,-11.77,134.81,4400.15,-12.7234896,214.5775067,3459.181045,7.2188043,-15.3922452,199.7329148,2667.67014,7.286304328,-17.13497905,224.974432,2758.55928,7.072386141,-22.71197022,282.4484551,2804.205402,7.207412351,-16.33800763,213.0691558,2704.969523,4585.63,144.5,-12.51,17.54
17.6,17.55,-11.77,134.69,4401.71,-12.73630243,214.4949245,3460.573774,7.223652665,-15.38129038,199.6582876,2668.638518,7.291175469,-17.11955977,224.8909651,2759.655163,7.076040514,-22.68385926,282.3654571,2805.237574,7.212047189,-16.32520769,212.9934317,2705.957064,4587.49,144.38,-12.51,17.55
17.61,17.56,-11.77,134.58,4401.71,-12.73808888,214.4535918,3461.269535,7.226076848,-15.37887846,199.6210005,2669.1223,7.29361104,-17.11617113,224.8492692,2760.202647,7.0778677,-22.67771071,282.3240095,2805.753318,7.214364608,-16.32239094,212.9555994,2706.450439,4587.75,144.25,-12.51,17.56
17.62,17.57,-11.77,134.46,4402.88,-12.76811555,214.2468995,3464.747668,7.238197761,-15.37181017,199.4345945,2671.54076,7.305788895,-17.10624475,224.640831,2762.93956,7.087003631,-22.65969864,282.1168275,2808.331666,7.225951704,-16.31413662,212.7664703,2708.916882,4590,144.13,-12.51,17.57
17.63,17.58,-11.77,134.34,4405.87,-12.80497196,214.2100675,3465.365647,7.24035259,-15.36929154,199.4014709,2671.970474,7.307953847,-17.10268153,224.6037968,2763.42586,7.088627797,-22.65316433,282.0800244,2808.789844,7.228011632,-16.31119076,212.7328643,2709.355133,4591.59,144,-12.51,17.58
17.64,17.59,-11.76,134.22,4407.82,-12.70811707,214.1640894,3466.137985,7.243046127,-15.36795213,199.3600734,2672.50751,7.310660037,-17.10080147,224.5575141,2764.033613,7.090658004,-22.64974872,282.0340344,2809.362473,7.230586542,-16.30962664,212.6908648,2709.902843,4592.65,143.88,-12.51,17.59
17.65,17.6,-11.76,134.11,4409.25,-12.71092081,214.0807482,3467.542503,7.247939258,-15.35694863,199.284876,2673.483005,7.315570436,-17.08534787,224.4735423,2765.13628,7.094346631,-22.62163477,281.950488,2810.402792,7.235264298,-16.29677344,212.6145723,2710.897759,4593.72,143.75,-12.51,17.6
17.66,17.61,-11.76,133.99,4409.64,-12.71460393,214.0390684,3468.244147,7.250385823,-15.35452616,199.2473042,2673.970339,7.318025636,-17.08195189,224.4315944,2765.68715,7.096190945,-22.61548578,281.9087666,2810.922604,7.237603176,-16.29394517,212.5764562,2711.394816,4593.72,143.63,-12.51,17.61
17.67,17.62,-11.76,133.87,4411.72,-12.76335917,213.8306092,3471.751683,7.262618651,-15.34742727,199.0594749,2676.406549,7.330301633,-17.07200426,224.2218964,2768.440986,7.105412513,-22.59747291,281.7002163,2813.521285,7.249297565,-16.28565744,212.3859084,2713.879655,4595.7,143.5,-12.51,17.62
17.68,17.63,-11.76,133.76,4413.15,-12.69618056,213.7934076,3472.374887,7.264793376,-15.34489667,199.0260985,2676.839414,7.332484033,-17.0684322,224.1846384,2768.930291,7.107051903,-22.59093669,281.6631703,2813.983074,7.251376568,-16.28269843,212.3520505,2714.321173,4597.83,143.38,-12.51,17.63
17.69,17.64,-11.76,133.64,4414.32,-12.70761265,213.7473614,3473.153742,7.267511782,-15.34355148,198.9843851,2677.380388,7.335212033,-17.06654825,224.1380762,2769.541798,7.10910114,-22.58752096,281.6168768,2814.560217,7.253975321,-16.28112799,212.3097361,2714.872965,4600.08,143.25,-12.51,17.64
17.7,17.65,-11.76,133.52,4416.27,-12.71055234,213.6631282,3474.570587,7.272449658,-15.33250042,198.9086205,2678.362948,7.340161438,-17.05106244,224.0536069,2770.651148,7.112824057,-22.55940649,281.5327853,2815.608653,7.258695977,-16.26822287,212.2328785,2715.875206,4601.28,143.12,-12.51,17.65
17.71,17.66,-11.76,133.4,4417.05,-12.71208218,213.6210019,3475.278381,7.274918596,-15.33006766,198.8707655,2678.853807,7.34263614,-17.04765957,224.0114106,2771.205353,7.114685516,-22.55325759,281.4907919,2816.132519,7.261056305,-16.26538337,212.1944801,2716.375918,4601.94,143,-12.51,17.66
17.72,17.67,-11.76,133.29,4417.05,-12.71993503,213.4103449,3478.816652,7.287263285,-15.38133481,198.6815206,2681.307638,7.355009653,-17.03769202,223.8004712,2773.975857,7.123992808,-22.53524549,281.2808821,2818.751461,7.272857946,-16.2570631,212.0025219,2718.87903,4603.93,142.87,-12.51,17.67
17.73,17.68,-11.76,133.17,4418.61,-12.71338507,213.3728717,3479.445312,7.289457896,-15.27287948,198.6477646,2681.743632,7.357209388,-17.03411163,223.7629928,2774.468121,7.125647438,-22.52870793,281.2435946,2819.216849,7.274956015,-16.25409125,211.9684135,2719.323792,4605.39,142.75,-12.51,17.68
17.74,17.69,-11.76,133.05,4421.47,-12.71555883,213.3260771,3480.230984,7.29220116,-15.30124024,198.6060676,2682.288516,7.359959058,-17.03222405,223.716155,2775.083326,7.127715725,-22.5252924,281.1969995,2819.798488,7.277578602,-16.25251465,211.925786,2719.879638,4606.45,142.62,-12.51,17.69
17.75,17.7,-11.76,132.93,4421.74,-12.71788043,213.2408869,3481.660209,7.297183659,-15.29022722,198.5298292,2683.27807,7.364947203,-17.01670814,223.6311958,2776.199255,7.131472954,-22.49717993,281.1123668,2820.85501,7.282342118,-16.23955901,211.8483669,2720.88915,4607.91,142.5,-12.51,17.7
17.76,17.71,-11.76,132.82,4423.69,-12.71761479,213.198284,3482.374179,7.299674909,-15.28780292,198.4917374,2683.77242,7.367441275,-17.01329884,223.5887549,2776.756742,7.133351569,-22.49103166,281.0701033,2821.382913,7.284723876,-16.2367086,211.8096882,2721.393491,4610.04,142.37,-12.51,17.71
17.77,17.72,-11.76,132.7,4424.6,-12.71146217,212.985274,3485.943315,7.312131156,-15.28069919,198.3013087,2686.243697,7.379911637,-17.00331271,223.3765929,2779.543653,7.142744641,-22.4730219,280.8588434,2824.022034,7.296632665,-16.22835667,211.6163287,2723.914738,4610.04,142.25,-12.51,17.72
17.78,17.73,-11.76,132.58,4426.16,-12.72060889,212.9474239,3486.577454,7.3143456,-15.27816509,198.2674705,2686.68279,7.38212859,-16.9997245,223.3388973,2780.038831,7.14441452,-22.46648362,280.8213162,2824.491007,7.298749784,-16.22537229,211.5819713,2724.362721,4611.77,142.12,-12.51,17.73
17.79,17.74,-11.76,132.46,4427.07,-12.72198736,212.900039,3487.369972,7.317113656,-15.27681903,198.22518,2687.231543,7.384899782,-16.99783355,223.2917883,2780.657675,7.14650187,-22.46306859,280.7744215,2825.077125,7.301396181,-16.22378973,211.5390328,2724.92259,4613.63,142,-12.51,17.74
17.8,17.75,-11.76,132.35,4428.9,-12.72619962,212.8138925,3488.811624,7.322140782,-15.26576097,198.1483815,2688.228046,7.389926387,-16.98228966,223.2063469,2781.780075,7.15029342,-22.43496067,280.6892516,2826.141695,7.306202493,-16.21078501,211.4610562,2725.939313,4615.75,141.87,-12.51,17.75
17.81,17.76,-11.76,132.23,4429.68,-12.72793506,212.770805,3489.531795,7.324654345,-15.26332693,198.11001,2688.725863,7.39243969,-16.9788744,223.1636652,2782.340792,7.152189195,-22.42881359,280.64672,2826.673617,7.308605648,-16.207924,211.4220992,2726.447253,4616.95,141.75,-12.51,17.76
17.82,17.77,-11.76,132.11,4430.85,-12.73987071,212.5553381,3493.131915,7.337222162,-15.25619494,197.9181833,2691.214469,7.405006204,-16.96887103,222.9503,2785.143842,7.161668071,-22.41080776,280.43412,2829.332826,7.320621427,-16.19954136,211.2273484,2728.986485,4618.28,141.62,-12.51,17.77
17.83,17.78,-11.76,131.99,4430.85,-12.72865944,212.5169969,3493.771553,7.339456441,-15.25364969,197.8840967,2691.656638,7.40724025,-16.9652755,222.9123907,2785.641884,7.163353205,-22.40426937,280.3963548,2829.805367,7.322757565,-16.19654479,211.1927439,2729.437661,4621.2,141.5,-12.5,17.78
17.84,17.79,-11.76,131.88,4432.68,-12.73037419,212.4691558,3494.570943,7.342249289,-15.25229831,197.8414959,2692.209235,7.410032809,-16.96338145,222.8650146,2786.264309,7.165459621,-22.40085516,280.3491628,2830.395944,7.325427738,-16.19495643,211.1494967,2730.001521,4621.74,141.37,-12.5,17.79
17.85,17.8,-11.76,131.76,4434.76,-12.72798442,212.3820299,3496.025076,7.347320943,-15.24119647,197.7641415,2693.212619,7.415097584,-16.94781172,222.7790989,2787.39307,7.16928549,-22.37275437,280.2634601,2831.468523,7.330276757,-16.18190415,211.070967,2731.025389,4622.93,141.25,-12.5,17.8
17.86,17.81,-11.76,131.64,4435.94,-12.7161299,212.3384752,3496.751471,7.349856771,-15.23875296,197.7254924,2693.713869,7.417629972,-16.94439097,222.7361805,2787.956961,7.171198425,-22.36660903,280.2206625,2832.004444,7.332701267,-16.17903288,211.0317338,2731.536894,4625.33,141.12,-12.5,17.81
17.87,17.82,-11.76,131.52,4437.37,-12.60818207,212.1209043,3500.382704,7.362535907,-15.23159356,197.5322782,2696.219634,7.430291911,-16.9343717,222.5216317,2790.775876,7.180763098,-22.34860876,280.0067332,2834.683641,7.344823814,-16.17062049,210.8356027,2734.093949,4626.39,140.99,-12.5,17.82
17.88,17.83,-11.76,131.41,4439.2,-12.74042063,212.0825534,3501.027865,7.364789976,-15.22903743,197.4979451,2696.664849,7.432542922,-16.93076937,222.4835122,2791.276736,7.182463484,-22.34207088,279.9687319,2835.159732,7.346978933,-16.16761206,210.8007531,2734.54829,4626.39,140.87,-12.5,17.83
17.89,17.84,-11.75,131.29,4438.8,-12.72898956,212.0336167,3501.834154,7.367607562,-15.22768088,197.4550363,2697.221252,7.435356686,-16.92887248,222.4358734,2791.90268,7.184588967,-22.33865781,279.921245,2835.754745,7.349672833,-16.1660181,210.7571995,2735.116103,4627.99,140.74,-12.5,17.84
17.9,17.85,-11.75,131.17,4440.89,-12.7326956,211.9455695,3503.300812,7.372723616,-15.21653658,197.3771307,2698.231443,7.440459332,-16.91327903,222.3494914,2793.037691,7.18844914,-22.31056676,279.8350139,2836.835289,7.354564446,-16.15291982,210.6781216,2736.147046,4630.78,140.62,-12.5,17.85
17.91,17.86,-11.75,131.05,4442.85,-12.73331079,211.901533,3504.033457,7.375281644,-15.21408391,197.3382063,2698.73609,7.443010655,-16.90985324,222.3063402,2793.604701,7.190379226,-22.30442372,279.7919525,2837.375187,7.357010253,-16.15003862,210.6386147,2736.662082,4631.85,140.49,-12.5,17.86
17.92,17.87,-11.75,130.93,4444.02,-12.8171075,211.6813401,3507.695914,7.38807178,-15.20689792,197.1436161,2701.258829,7.455767269,-16.89981942,222.0906277,2796.439203,7.200029659,-22.28643063,279.5767052,2840.074263,7.369239288,-16.14159748,210.4411153,2739.236783,4633.71,140.37,-12.49,17.87
17.93,17.88,-11.75,130.82,4445.46,-12.67260618,211.6419371,3508.346618,7.390345582,-15.20433122,197.1090387,2701.707058,7.458035112,-16.89621079,222.0523016,2796.942829,7.201745292,-22.27989389,279.5384699,2840.553885,7.371413339,-16.13857756,210.4060227,2739.694257,4634.65,140.24,-12.49,17.88
17.94,17.89,-11.75,130.7,4445.46,-12.70711607,211.5936491,3509.159835,7.393187835,-15.20296967,197.0658244,2702.267226,7.460869915,-16.89431133,222.0044046,2797.572231,7.203889832,-22.27648229,279.4906905,2841.15331,7.374130902,-16.13697821,210.3621654,2740.265985,4637.04,140.12,-12.49,17.89
17.95,17.9,-11.75,130.58,4447.42,-12.64920935,211.5048181,3510.63902,7.398348136,-15.19178429,196.9873725,2703.284145,7.466010123,-16.87869629,221.9175643,2798.71338,7.207784284,-22.24840358,279.4039358,2842.241773,7.379064974,-16.12383553,210.2825444,2741.303927,4638.24,139.99,-12.49,17.9
17.96,17.91,-11.75,130.46,4449.11,-12.73747295,211.460605,3511.377914,7.400928286,-15.18932274,196.9481754,2703.792149,7.468580227,-16.87526592,221.8741843,2799.283452,7.20973151,-22.24226342,279.3606131,2842.785625,7.381532011,-16.12094476,210.2427663,2741.822456,4639.97,139.87,-12.49,17.91
17.97,17.92,-11.75,130.34,4450.55,-13.3284602,211.2379971,3515.071631,7.413829039,-15.18211106,196.7522217,2706.331666,7.481430748,-16.86521888,221.6573283,2802.133259,7.219467639,-22.22427914,279.1440596,2845.504463,7.393867192,-16.11247591,210.0439115,2744.414614,4640.51,139.75,-12.49,17.92
17.98,17.93,-11.75,130.23,4451.59,-12.66023309,211.1965861,3515.727929,7.416122506,-15.1795341,196.717402,2706.782874,7.483715285,-16.86160447,221.6187991,2802.639603,7.221198507,-22.21774418,279.1055923,2845.987595,7.396060113,-16.10944487,210.0085781,2744.875187,4643.04,139.62,-12.49,17.93
17.99,17.94,-11.75,130.11,4452.9,-12.68932472,211.1501919,3516.548008,7.41898934,-15.17816772,196.6738851,2707.346764,7.486570956,-16.8597027,221.5706484,2803.272399,7.223362091,-22.21433436,279.0575231,2846.591406,7.398801264,-16.10784031,209.96442,2745.450788,4643.04,139.5,-12.48,17.94
18,17.95,-11.75,129.99,4454.99,-12.67908759,211.0605413,3518.039802,7.424193707,-15.16694266,196.5948924,2708.370327,7.491748414,-16.84406815,221.483358,2804.419572,7.227290786,-22.18627063,278.9702497,2847.687738,7.403777634,-16.09465491,209.8842615,2746.495649,4644.24,139.37,-12.48,17.95
18.01,17.96,-11.75,129.87,4455.38,-12.6808453,211.0157521,3518.784986,7.426795891,-15.16447255,196.5554252,2708.881646,7.494337143,-16.84063368,221.4397532,2804.99265,7.229255133,-22.1801339,278.9266682,2848.235518,7.406265819,-16.09175494,209.844215,2747.01763,4647.31,139.25,-12.48,17.96
18.02,17.97,-11.75,129.76,4456.95,-12.65493698,210.7917753,3522.51012,7.439806808,-15.23937586,196.3581215,2711.43773,7.507280788,-16.83057473,221.221774,2807.857478,7.239076869,-22.16216008,278.7088208,2850.973994,7.418706743,-16.08325944,209.6440187,2749.627042,4648.37,139.12,-12.48,17.97
18.03,17.98,-11.75,129.64,4458.26,-12.70139427,210.7520385,3523.171957,7.44211986,-15.08781081,196.322872,2711.891879,7.50958188,-16.82695506,221.1830453,2808.366489,7.240822956,-22.15562753,278.6701237,2851.460613,7.420918463,-16.08021766,209.608447,2750.09068,4649.57,139,-12.48,17.98
18.04,17.99,-11.75,129.52,4459.43,-12.68917468,210.7020619,3523.999061,7.445011176,-15.1282346,196.2795456,2712.459445,7.512458246,-16.82505123,221.1346453,2809.002617,7.243005564,-22.15221983,278.6217674,2852.068783,7.423683113,-16.07860811,209.5639912,2750.670108,4650.91,138.87,-12.48,17.99
18.05,18,-11.75,129.4,4459.43,-12.68725137,210.611459,3525.503518,7.450259295,-15.1170933,196.2001509,2713.489543,7.517672637,-16.80939927,221.0469129,2810.1557,7.246968456,-22.12417369,278.5339806,2853.172931,7.428701596,-16.06538169,209.483301,2751.721801,4652.38,138.75,-12.48,18
18.06,18.01,-11.75,129.29,4461.39,-12.67475602,210.5661644,3526.255019,7.452883354,-15.11464166,196.1604827,2714.004124,7.520279832,-16.80596112,221.0030875,2810.731727,7.248949902,-22.11804097,278.4901427,2853.724613,7.431210837,-16.06247289,209.442989,2752.247192,4654.51,138.62,-12.47,18.01
18.07,18.02,-11.75,129.17,4464.14,-12.56203699,210.3399146,3530.011715,7.466003653,-15.10745945,195.9621741,2716.576508,7.533315809,-16.79589159,220.7840054,2813.611291,7.258857133,-22.10007923,278.2710142,2856.482596,7.443757043,-16.05395184,209.2414659,2754.873644,4655.84,138.5,-12.47,18.02
18.08,18.03,-11.75,129.05,4465.45,-12.70050153,210.3000501,3530.679147,7.46833615,-15.10489147,195.926936,2717.033551,7.535633316,-16.79226715,220.7450808,2814.122918,7.260618419,-22.09354974,278.2320896,2856.97268,7.445987479,-16.05089971,209.2056586,2755.340307,4657.05,138.37,-12.47,18.03
18.09,18.04,-11.74,128.93,4466.63,-12.68698776,210.2491356,3531.513261,7.471251772,-15.1035308,195.8828961,2717.604732,7.5385302,-16.79036152,220.696436,2814.762315,7.262820025,-22.09014447,278.1834491,2857.585179,7.448775525,-16.04928539,209.1609083,2755.923515,4658.92,138.25,-12.47,18.04
18.1,18.05,-11.74,128.82,4467.15,-12.6780297,210.1575868,3533.030419,7.476543539,-15.06289659,195.8029718,2718.641298,7.543781206,-16.77469419,220.6082697,2815.921194,7.266817063,-22.06211853,278.0951539,2858.697088,7.453835911,-16.03601971,209.0796927,2756.98195,4658.92,138.13,-12.47,18.05
18.11,18.06,-11.74,128.7,4468.33,-12.68684971,210.1118447,3533.788255,7.479189423,-15.10055735,195.7631171,2719.159106,7.546406708,-16.77125283,220.5642277,2816.500112,7.268815581,-22.05599037,278.0510624,2859.252646,7.456366104,-16.03310247,209.0391185,2757.510705,4659.45,138,-12.47,18.06
18.12,18.07,-11.74,128.58,4469.63,-12.898803,209.8829752,3537.576612,7.492418842,-15.36139218,195.5633455,2721.747625,7.559534222,-16.76117399,220.3440629,2819.394128,7.278808175,-22.03804234,277.8306658,2862.029998,7.46901707,-16.02455698,208.8362843,2760.15397,4661.59,137.87,-12.47,18.07
18.13,18.08,-11.74,128.46,4471.47,-12.55005263,209.8416075,3538.249672,7.494770739,-15.05460401,195.5272171,2722.207544,7.561868002,-16.75754528,220.304946,2819.908321,7.280584636,-22.03151655,277.7915161,2862.523522,7.47126613,-16.02149492,208.8002441,2760.623618,4664.26,137.75,-12.47,18.08
18.14,18.09,-11.74,128.35,4472.78,-12.63640748,209.7923435,3539.090801,7.49771061,-15.06576957,195.483916,2722.782285,7.564785227,-16.75563812,220.2560609,2820.550923,7.282805212,-22.02811403,277.7425942,2863.140319,7.474077456,-16.01987605,208.7552028,2761.210556,4665.19,137.63,-12.47,18.09
18.15,18.1,-11.74,128.23,4474.61,-12.64079343,209.7001986,3540.620619,7.503045759,-15.05462034,195.4035379,2723.825221,7.57007253,-16.73995743,220.1674688,2821.715484,7.286836335,-22.00011088,277.6537962,2864.259934,7.479179514,-16.0065729,208.6734685,2762.275637,4666.26,137.5,-12.47,18.1
18.16,18.11,-11.74,128.11,4474.61,-12.64035518,209.6541102,3541.384771,7.505713334,-15.05216721,195.3633785,2724.346207,7.572716181,-16.73651329,220.1232142,2822.297237,7.288851896,-21.99398783,277.6094536,2864.819338,7.481730543,-16.00364762,208.6326352,2762.807709,4667.2,137.38,-12.46,18.11
18.17,18.12,-11.73,127.99,4475.66,-12.66091285,209.4236761,3545.204692,7.519051207,-15.04498114,195.1626146,2726.950601,7.585934436,-16.72642641,219.9019867,2825.205421,7.298929704,-21.97605512,277.3878024,2867.615918,7.494485688,-15.99507884,208.4285064,2765.467547,4668.94,137.25,-12.46,18.12
18.18,18.13,-11.73,127.88,4477.88,-12.62251088,209.3826434,3545.883348,7.521422385,-15.04240996,195.1269403,2727.413327,7.588284348,-16.72279393,219.8626811,2825.722129,7.300721314,-21.96953366,277.3484299,2868.112857,7.496753269,-15.99200727,208.3922363,2765.940138,4670.41,137.13,-12.46,18.13
18.19,18.14,-11.73,127.76,4478.93,-12.6338899,209.3316148,3546.731487,7.524386357,-15.04104871,195.0823553,2727.991607,7.591221738,-16.72088547,219.8135601,2826.367874,7.302960827,-21.96613421,277.2992296,2868.733922,7.499587746,-15.99038407,208.3469076,2766.530752,4672.14,137,-12.46,18.14
18.2,18.15,-11.73,127.64,4479.98,-12.62597477,209.2385164,3548.274047,7.529764625,-15.02986585,195.0014606,2729.040812,7.596545021,-16.70519341,219.7245501,2827.538004,7.307025971,-21.93815639,277.2099341,2869.861183,7.504731221,-15.9770453,208.2646615,2767.602379,4672.55,136.88,-12.46,18.15
18.21,18.16,-11.73,127.52,4481.68,-12.64386204,209.1919964,3549.044555,7.532453759,-15.02740548,194.9610432,2729.564926,7.599206663,-16.70174691,219.6800869,2828.122536,7.309058543,-21.932039,277.1653432,2870.424405,7.507302958,-15.97411237,208.2235727,2768.137717,4672.55,136.76,-12.46,18.16
18.22,18.17,-11.73,127.41,4483.91,-12.79986411,208.9590669,3552.896242,7.54589943,-15.02019846,194.7589897,2732.18495,7.612514871,-16.69165324,219.4578166,2831.044607,7.319221403,-21.91412318,276.942451,2873.240067,7.520161646,-15.96552148,208.0181666,2770.81388,4674.42,136.63,-12.46,18.17
18.23,18.18,-11.72,127.29,4484.04,-12.60789281,208.9171462,3553.580546,7.548289771,-15.01761876,194.7230863,2732.650451,7.614880774,-16.68801747,219.4183257,2831.56378,7.321028133,-21.90760668,276.9028581,2873.740396,7.522447635,-15.96244082,207.9816696,2771.289368,4678.03,136.51,-12.46,18.18
18.24,18.19,-11.72,127.17,4486.27,-12.61919238,208.866326,3554.435714,7.551277698,-15.01625363,194.678215,2733.232198,7.617838154,-16.68610795,219.3689734,2832.212604,7.323286547,-21.90421062,276.8533824,2874.365695,7.525305121,-15.96081352,207.9360575,2771.883603,4679.23,136.38,-12.46,18.19
18.25,18.2,-11.72,127.06,4487.19,-12.62389427,208.7723547,3555.991088,7.556698781,-15.0050387,194.5968107,2734.287565,7.623197106,-16.67040644,219.2795533,2833.388192,7.327385644,-21.87626062,276.7635949,2875.500544,7.530489737,-15.947441,207.8533068,2772.961672,4679.9,136.26,-12.46,18.2
18.26,18.21,-11.72,126.94,4487.84,-12.61616836,208.7253515,3556.767987,7.559409322,-15.00257144,194.5561389,2734.814752,7.625876583,-16.66695802,219.2348854,2833.975447,7.329435193,-21.87014944,276.7187585,2876.067554,7.533082045,-15.94450083,207.8119661,2773.500223,4680.71,136.13,-12.46,18.21
18.27,18.22,-11.72,126.82,4487.84,-12.6278872,208.4904793,3560.651609,7.572962029,-14.99534449,194.3528135,2737.450137,7.639273964,-16.65685876,219.0115918,2836.911126,7.339682936,-21.85225205,276.4946388,2878.902151,7.546043585,-15.93588901,207.6053009,2776.192449,4682.58,136.01,-12.46,18.22
18.28,18.23,-11.72,126.71,4489.55,-12.57548836,208.4486855,3561.341569,7.5753714,-14.99275663,194.3166841,2737.918365,7.64165572,-16.65322017,218.9719192,2837.432715,7.341504757,-21.84574113,276.4548279,2879.405842,7.548347859,-15.93279971,207.5685802,2776.670789,4684.45,135.88,-12.46,18.23
18.29,18.24,-11.71,126.59,4492.04,-12.59681422,208.3967466,3562.203838,7.578383112,-14.9913878,194.2715306,2738.503518,7.644632916,-16.65130984,218.9223398,2838.084558,7.343782034,-21.84234876,276.4050799,2880.035344,7.551228201,-15.93116856,207.5226887,2777.268587,4684.99,135.76,-12.46,18.24
18.3,18.25,-11.71,126.47,4493.09,-12.58687464,208.3019548,3563.772044,7.583846677,-14.98014243,194.1896241,2739.564934,7.650027232,-16.63560076,218.8325174,2839.265494,7.347915015,-21.81442902,276.3148059,2881.177721,7.556453661,-15.91776418,207.439441,2778.352988,4685.79,135.63,-12.47,18.25
18.31,18.26,-11.71,126.35,4494.14,-12.58440746,208.2545964,3564.555344,7.586578459,-14.97766863,194.1487016,2740.095138,7.65272439,-16.63215082,218.7876485,2839.855417,7.349981506,-21.80832456,276.2697265,2881.74849,7.559066391,-15.9148172,207.3978522,2778.8947,4687.94,135.51,-12.47,18.26
18.32,18.27,-11.71,126.24,4495.71,-12.5482311,208.0178505,3568.47096,7.600237371,-14.97042279,193.944123,2742.745602,7.666210179,-16.62204715,218.5633509,2842.804431,7.36031396,-21.79044712,276.044393,2884.601872,7.572130041,-15.90618566,207.1899466,2781.602716,4687.94,135.39,-12.47,18.27
18.33,18.28,-11.7,126.12,4497.81,-12.59811244,207.9758833,3569.166607,7.602665622,-14.96782713,193.9077711,2743.216506,7.668607653,-16.61840621,218.5234999,2843.328387,7.362150841,-21.78394238,276.0043666,2885.1089,7.574452467,-15.90308816,207.1530056,2782.08386,4689.41,135.26,-12.47,18.28
18.34,18.29,-11.7,126,4498.07,-12.58320582,207.9230608,3570.035955,7.605700936,-14.96645481,193.8623393,2743.805003,7.671604495,-16.61649529,218.4736977,2843.983187,7.364446942,-21.78055401,275.9543492,2885.74257,7.5773555,-15.87140573,207.1069416,2782.68516,4691.82,135.14,-12.47,18.29
18.35,18.3,-11.7,125.89,4499.52,-12.57296683,207.8273766,3571.617036,7.611206627,-14.95518065,193.7799386,2744.872349,7.677033875,-16.60078048,218.3834804,2845.169363,7.368613739,-21.75266688,275.8635941,2886.892416,7.58262078,-15.85814704,207.0233742,2783.775636,4693.43,135.01,-12.47,18.3
18.36,18.31,-11.7,125.77,4500.7,-12.57062707,207.7795734,3572.406758,7.613959472,-14.95270067,193.7387693,2745.405512,7.679748565,-16.59732941,218.3384144,2845.761901,7.370697138,-21.74656965,275.8182746,2887.466913,7.585253419,-15.85523204,206.9816255,2784.320379,4694.5,134.89,-12.47,18.31
18.37,18.32,-11.69,125.65,4502.01,-12.55118216,207.540602,3576.354463,7.6277237,-14.94543698,193.532957,2748.070761,7.693322017,-16.58722248,218.1131314,2848.72398,7.381114132,-21.72871361,275.5917407,2890.338933,7.598416618,-15.84669417,206.7729199,2787.043547,4695.98,134.76,-12.47,18.32
18.38,18.33,-11.69,125.53,4502.01,-12.5656531,207.4981839,3577.055806,7.630170674,-14.94283392,193.4963859,2748.54429,7.695735075,-16.58357964,218.0731054,2849.250255,7.382966041,-21.72221565,275.5515011,2890.849271,7.600756742,-15.84363024,206.7358367,2787.527381,4695.84,134.64,-12.47,18.33
18.39,18.34,-11.69,125.42,4503.72,-12.56755916,207.4450206,3577.932269,7.633229391,-14.94145832,193.4506803,2749.136066,7.698751397,-16.58166835,218.0230845,2849.907952,7.385280929,-21.71883156,275.5012174,2891.487077,7.603681897,-15.84201339,206.689492,2788.132043,4698.26,134.51,-12.47,18.34
18.4,18.35,-11.69,125.3,4505.03,-12.55864287,207.3484548,3579.526231,7.638776831,-14.93015703,193.3677934,2750.209222,7.704215553,-16.56594958,217.9324797,2851.099264,7.389481476,-21.69097933,275.4099864,2892.644333,7.608987396,-15.82872647,206.6054422,2789.228634,4699.87,134.39,-12.48,18.35
18.41,18.36,-11.68,125.18,4507.66,-12.55679872,207.3002061,3580.322377,7.641550551,-14.92767124,193.3263814,2750.745283,7.70694763,-16.56249776,217.8872202,2851.694363,7.39158175,-21.68488981,275.3644295,2893.22253,7.611640146,-15.82580544,206.5634525,2789.776427,4701.34,134.27,-12.48,18.36
18.42,18.37,-11.68,125.06,4508.58,-12.55621877,207.0589983,3584.302184,7.655419151,-14.92039076,193.1193555,2753.425015,7.720608019,-16.5523887,217.6609701,2854.669244,7.402083118,-21.66705658,275.1367084,2896.113039,7.624903893,-15.81725012,206.353543,2792.514842,4702.55,134.14,-12.48,18.37
18.43,18.38,-11.68,124.95,4510.16,-12.54694869,207.0161189,3585.009225,7.65788468,-14.91778069,193.0825688,2753.901114,7.723036532,-16.54874439,217.6207724,2855.197792,7.403950028,-21.66056597,275.096258,2896.626661,7.627261893,-15.81417888,206.316246,2793.001383,4702.55,134.01,-12.48,18.38
18.44,18.39,-11.67,124.83,4510.29,-12.54537297,206.9625916,3585.892807,7.660966591,-14.91640201,193.0365939,2754.496102,7.726072174,-16.54683294,217.5705368,2855.858328,7.406283665,-21.65718644,275.0457109,2897.268571,7.630209392,-15.81255886,206.2696341,2793.609427,4703.62,133.89,-12.48,18.39
18.45,18.4,-11.67,124.71,4512.78,-12.53588184,206.8651876,3587.499703,7.666555382,-14.90507528,192.9532292,2755.574943,7.731570825,-16.53111192,217.4795515,2857.054673,7.410517901,-21.62937127,274.9540093,2898.433179,7.635554778,-15.79924561,206.1851098,2794.712017,4706.44,133.77,-12.48,18.4
18.46,18.41,-11.67,124.6,4513.18,-12.53126915,206.8165224,3588.3023,7.669349778,-14.90258405,192.9115785,2756.11384,7.73432015,-16.52765974,217.4341021,2857.652282,7.412635019,-21.62328994,274.9082173,2899.015046,7.63822747,-15.79631896,206.1428833,2795.262804,4707.78,133.64,-12.49,18.41
18.47,18.42,-11.66,124.48,4515.28,-12.50670662,206.5732861,3592.314345,7.683321756,-14.89528786,192.70336,2758.807743,7.748066777,-16.5175496,217.2069026,2860.639708,7.42322061,-21.60548085,274.679322,2901.923903,7.651590934,-15.78774741,205.9317898,2798.016178,4709.12,133.52,-12.49,18.42
18.48,18.43,-11.66,124.36,4516.73,-12.52489734,206.5301288,3593.027107,7.685805663,-14.89267118,192.6663615,2759.286357,7.750510622,-16.51390425,217.1665362,2861.170482,7.425102493,-21.59899813,274.6386631,2902.440783,7.653966661,-15.78466929,205.8942824,2798.505375,4710.33,133.39,-12.49,18.43
18.49,18.44,-11.66,124.25,4516.73,-12.52321499,206.476009,3593.917838,7.688910547,-14.89128964,192.6201218,2759.884487,7.753565428,-16.51199286,217.11609,2861.833801,7.427454846,-21.59562343,274.5878554,2903.086764,7.656936319,-15.78304633,205.8474077,2799.116736,4711.94,133.27,-12.49,18.44
18.5,18.45,-11.65,124.13,4517.91,-12.51223714,206.3777619,3595.537692,7.694540271,-14.87993918,192.5362879,2760.968886,7.759098305,-16.49627124,217.0247311,2863.035078,7.431722717,-21.56784739,274.495688,2904.25867,7.662321222,-15.7697087,205.7624175,2800.225204,4713.15,133.14,-12.5,18.45
18.51,18.46,-11.65,124.01,4519.89,-12.50950373,206.3286814,3596.346752,7.697355133,-14.87744288,192.4944029,2761.510554,7.761864744,-16.49281905,216.9790952,2863.635147,7.433856653,-21.56177469,274.4496636,2904.84418,7.665013674,-15.76677686,205.7199584,2800.778923,4714.36,133.02,-12.5,18.46
18.52,18.47,-11.64,123.9,4521.46,-12.59335222,206.0833326,3600.391095,7.711429445,-14.87013207,192.2850132,2764.218308,7.775696938,-16.48270887,216.7509633,2866.634868,7.444526331,-21.54399102,274.2196065,2907.771244,7.67847593,-15.75819032,205.507702,2803.546951,4715.3,132.89,-12.5,18.47
18.53,18.48,-11.64,123.78,4523.44,-12.43055457,206.0394226,3601.109591,7.713931544,-14.86750918,192.2478066,2764.699381,7.778155995,-16.47906289,216.7104314,2867.167826,7.446423163,-21.53751673,274.1787411,2908.291358,7.68086922,-15.75510579,205.469988,2804.038749,4716.78,132.77,-12.5,18.48
18.54,18.49,-11.64,123.66,4523.83,-12.46455735,205.9857659,3602.007486,7.717059169,-14.86612498,192.201307,2765.300582,7.781229816,-16.47715175,216.6597782,2867.833871,7.448794202,-21.5341471,274.1276756,2908.94138,7.683860833,-15.75348013,205.4228553,2804.65336,4716.78,132.64,-12.5,18.49
18.55,18.5,-11.63,123.55,4525.02,-12.45565866,205.8869627,3603.640288,7.722729392,-14.85475252,192.1170127,2766.390407,7.7867965,-16.46143159,216.5680551,2869.039947,7.453095665,-21.50641213,274.0350473,2910.12053,7.689284872,-15.74012008,205.3374078,2805.767582,4718.39,132.52,-12.51,18.5
18.56,18.51,-11.63,123.43,4526.6,-12.45250514,205.8375964,3604.455809,7.725564503,-14.85225153,192.0748978,2766.934781,7.789579841,-16.45797983,216.5222373,2869.642411,7.455246396,-21.50034848,273.9887928,2910.709656,7.691996892,-15.73718348,205.2947203,2806.324171,4720.68,132.39,-12.51,18.51
18.57,18.52,-11.62,123.31,4527.52,-12.49163651,205.5908273,3608.532436,7.73974006,-14.84492718,191.8643589,2769.656059,7.803496551,-16.44787091,216.2931964,2872.654096,7.466000051,-21.48259141,273.7575855,2913.654796,7.705556991,-15.72858318,205.0813225,2809.106542,4721.62,132.27,-12.51,18.52
18.58,18.53,-11.62,123.2,4528.44,-12.40977081,205.5468193,3609.256662,7.742260159,-14.84229849,191.8269482,2770.139532,7.805970632,-16.44422479,216.252503,2873.189177,7.467911812,-21.47612603,273.7165159,2914.17812,7.707967675,-15.72549271,205.0434058,2809.600886,4723.1,132.14,-12.52,18.53
18.59,18.54,-11.62,123.08,4529.36,-12.4208939,205.49245,3610.161717,7.745410283,-14.84091186,191.7801935,2770.743732,7.809063234,-16.44231416,216.2016481,2873.857875,7.470301513,-21.47276173,273.6651952,2914.832153,7.71098103,-15.7238646,204.9960197,2810.218679,4724.04,132.02,-12.52,18.54
18.6,18.55,-11.61,122.97,4529.36,-12.40842174,205.3929705,3611.807525,7.751120552,-14.82951912,191.6954479,2771.838849,7.814663484,-16.42659696,216.109567,2875.068658,7.474636534,-21.44506964,273.5721103,2916.018498,7.716443814,-15.71048408,204.9101237,2811.338528,4725.65,131.89,-12.52,18.55
18.61,18.56,-11.61,122.85,4531.21,-12.40812579,205.3432807,3612.629533,7.753975687,-14.82701382,191.6531076,2772.385863,7.817463609,-16.42314596,216.0635705,2875.67347,7.476804044,-21.43901541,273.5256279,2916.611216,7.719175205,-15.70754314,204.8672122,2811.897924,4726.73,131.77,-12.53,18.56
18.62,18.57,-11.6,122.73,4533.58,-2.916438324,205.0948375,3616.738583,7.76825136,-14.81967704,191.441442,2775.12033,7.831464232,-16.41303924,215.8336362,2878.696887,7.487641596,-21.42128606,273.2932815,2919.574307,7.732832164,-15.77619236,204.6526949,2814.694324,4727.8,131.64,-12.53,18.57
18.63,18.58,-11.6,122.61,4535.03,-20.12000632,205.0844562,3617.468581,7.770789258,-14.81704296,191.4038312,2775.606145,7.833953232,-16.40939338,215.7927842,2879.23405,7.489568272,-21.41483007,273.2520096,2920.100819,7.735260068,-15.63296149,204.6143918,2815.191158,4729.82,131.52,-12.53,18.58
18.64,18.59,-11.59,122.5,4535.95,-15.29481155,204.9421488,3618.380345,7.77396163,-14.8156541,191.3568264,2776.213269,7.837064482,-16.40748342,215.7417309,2879.905349,7.491976617,-21.4114713,273.2004361,2920.758835,7.738294948,-15.6706565,204.5672412,2815.812063,4730.63,131.39,-12.53,18.59
18.65,18.6,-11.59,122.38,4537,-15.2774598,204.8188511,3620.032467,7.77971148,-14.80424283,191.2716386,2777.313543,7.842698071,-16.39177063,215.6492979,2881.12075,7.496345178,-21.38382375,273.1068988,2921.952328,7.743795962,-15.65738917,204.4810367,2816.93739,4730.63,131.27,-12.54,18.6
18.66,18.61,-11.58,122.27,4538.85,-15.27366621,204.7572722,3620.85741,7.782586405,-14.8017336,191.2290775,2777.863128,7.845514865,-16.38832071,215.6031257,2881.727864,7.498529458,-21.37777931,273.0601905,2922.548615,7.746546468,-15.49008187,204.437971,2817.49952,4732.38,131.14,-12.54,18.61
18.67,18.62,-11.58,122.15,4539.38,-15.26258965,204.449454,3624.980893,7.796961029,-14.79438549,191.0163081,2780.610446,7.859598837,-16.3782171,215.372313,2884.762789,7.509450861,-21.36007869,272.8267152,2925.529542,7.760299002,-14.0907557,204.2249431,2820.309582,4734.8,131.02,-12.54,18.62
18.68,18.63,-11.57,122.04,4540.03,-15.25848822,204.3947704,3625.713316,7.799516518,-14.79174643,190.9785012,2781.098541,7.862102654,-16.37457183,215.331305,2885.301995,7.511392444,-21.35363252,272.7852428,2926.059222,7.762743897,-15.77209008,204.1904927,2820.808823,4736.55,130.89,-12.55,18.63
18.69,18.64,-11.57,121.92,4542.01,-15.25638947,204.3264355,3626.628543,7.802710879,-14.79035556,190.9312514,2781.708515,7.865232426,-16.37266274,215.2800568,2885.975846,7.513819423,-21.35027948,272.7334189,2926.721197,7.765800016,-15.61833512,204.1371995,2821.432782,4738.03,130.76,-12.55,18.64
18.7,18.65,-11.56,121.8,4543.33,-15.23900034,204.2021868,3628.292586,7.80849983,-14.77892749,190.8456308,2782.813807,7.870899139,-16.35695574,215.1872776,2887.195776,7.518221523,-21.32267799,272.6394328,2927.921796,7.771338886,-15.60517867,204.0506916,2822.563471,4738.84,130.64,-12.55,18.65
18.71,18.66,-11.56,121.69,4543.33,-15.23520022,204.1401333,3629.12347,7.811394306,-14.7764147,190.8028535,2783.365895,7.873732496,-16.35350719,215.1409325,2887.80515,7.520422573,-21.31664366,272.5925005,2928.521631,7.774108321,-15.60228695,204.0074741,2823.128277,4740.86,130.51,-12.56,18.66
18.72,18.67,-11.55,121.57,4545.05,-15.22411183,203.8299429,3633.276633,7.825866684,-14.76905637,190.5890037,2786.12572,7.88789928,-16.34340755,214.9092559,2890.851366,7.531427824,-21.29897269,272.3579055,2931.520291,7.787955495,-15.59381819,203.7914265,2825.95171,4741.13,130.39,-12.56,18.67
18.73,18.68,-11.55,121.46,4546.63,-15.21998844,203.7748381,3634.014321,7.828439551,-14.76641275,190.5510048,2786.616035,7.890417819,-16.33976324,214.8680944,2891.392576,7.533384313,-21.29253673,272.3162343,2932.05312,7.790417215,-15.59077376,203.7530389,2826.453344,4742.75,130.26,-12.57,18.68
18.74,18.69,-11.54,121.34,4548.08,-15.21788621,203.7059769,3634.936123,7.831655635,-14.76502008,190.5035152,2787.228782,7.893565993,-16.33785516,214.8166545,2892.068931,7.535829924,-21.28918961,272.2641619,2932.719029,7.793494365,-15.5891712,203.7050641,2827.080243,4744.36,130.14,-12.57,18.69
18.75,18.7,-11.53,121.23,4549.53,-15.20046321,203.5807903,3636.611867,7.837483197,-14.75357695,190.4174711,2788.338953,7.899265563,-16.32215547,214.7235357,2893.293293,7.540265582,-21.26163552,272.1697303,2933.9267,7.799070856,-15.57599935,203.6181313,2828.216203,4745.71,130.01,-12.57,18.7
18.76,18.71,-11.53,121.11,4549.14,-15.19665534,203.5182686,3637.44858,7.840396978,-14.75106099,190.3744824,2788.893474,7.902115347,-16.31870863,214.6770211,2893.904877,7.54248341,-21.25561159,272.1225756,2934.530064,7.801859102,-15.5731044,203.5747015,2828.783637,4745.71,129.89,-12.58,18.71
18.77,18.72,-11.52,121,4550.72,-15.18554463,203.2057386,3641.630869,7.854965884,-14.74369352,190.1595756,2791.665458,7.916364271,-16.30861391,214.4444971,2896.962139,7.553572553,-21.23797109,271.8868691,2937.546365,7.815800329,-15.56462635,203.3575934,2831.620206,4747.46,129.76,-12.58,18.72
18.78,18.73,-11.52,120.88,4552.17,-15.18141519,203.1502183,3642.373723,7.857555911,-14.74104575,190.121389,2792.157931,7.918897413,-16.30497092,214.4031851,2897.505309,7.555543957,-21.23154569,271.8450005,2938.082327,7.818278769,-15.56157764,203.3190174,2832.124172,4749.62,129.63,-12.58,18.73
18.79,18.74,-11.51,120.77,4552.83,-15.17930748,203.0808381,3643.301978,7.860793446,-14.73965151,190.0736647,2792.773373,7.92206384,-16.30306404,214.3515571,2898.184113,7.558008211,-21.22820466,271.7926814,2938.752151,7.82137682,-15.55997347,203.2708072,2832.753985,4750.97,129.51,-12.59,18.74
18.8,18.75,-11.51,120.65,4554.55,-15.16185017,202.9547069,3644.989462,7.866659119,-14.72819504,189.9872067,2793.888283,7.927796083,-16.2873729,214.2581039,2899.412829,7.562477464,-21.20069914,271.6978072,2939.966861,7.826990477,-15.54678816,203.1834589,2833.895077,4752.05,129.38,-12.59,18.75
18.81,18.76,-11.5,120.53,4556.26,-15.15803504,202.8917138,3645.832024,7.869591956,-14.72567627,189.9440114,2794.445167,7.930662205,-16.28392803,214.2114223,2900.026583,7.564712091,-21.19468586,271.6504316,2940.57374,7.829797306,-15.54389039,203.1398217,2834.465072,4752.72,129.26,-12.59,18.76
18.82,18.77,-11.5,120.42,4556.26,-15.14690126,202.5768277,3650.043538,7.884256139,-14.71830077,189.7280713,2797.228959,7.944992812,-16.27383903,213.9780638,2903.094693,7.575885224,-21.17707654,271.4136205,2943.607605,7.843831449,-15.53540423,202.9216765,2837.314436,4753.8,129.13,-12.6,18.77
18.83,18.78,-11.49,120.31,4557.32,-15.14276451,202.5208891,3650.791577,7.886863105,-14.71564928,189.6897012,2797.723527,7.947540476,-16.27019767,213.9366035,2903.639789,7.577871559,-21.17066203,271.3715557,2944.146687,7.846326408,-15.53235174,202.8829163,2837.820673,4757.31,129.01,-12.6,18.78
18.84,18.79,-11.48,120.19,4559.44,-15.14065387,202.4509861,3651.726306,7.890121812,-14.71425366,189.6417476,2798.341587,7.950725055,-16.26829214,213.8847903,2904.320998,7.580354478,-21.16732722,271.3189916,2944.820408,7.849445106,-15.48677824,202.8346376,2838.453322,4757.04,128.88,-12.6,18.79
18.85,18.8,-11.48,120.07,4560.62,-15.12316331,202.3239038,3653.425568,7.896025089,-14.70278557,189.5548853,2799.461095,7.956489876,-16.25261055,213.7910065,2905.554005,7.58485739,-21.13987128,271.2236769,2946.042133,7.855094292,-15.47382406,202.7471499,2839.599173,4758.52,128.76,-12.61,18.8
18.86,18.81,-11.47,119.96,4561.68,-15.11934191,202.2604361,3654.273999,7.898976727,-14.70026438,189.511488,2800.020272,7.959372286,-16.24916787,213.7441598,2906.169901,7.587108846,-21.13386886,271.1760814,2946.652513,7.857918885,-15.47097692,202.7034427,2840.171542,4760.01,128.63,-12.61,18.81
18.87,18.82,-11.47,119.85,4562.61,-15.10819272,201.9431775,3658.514831,7.913734919,-14.71119794,189.2945387,2802.81552,7.973784338,-16.23908519,213.5099759,2909.248707,7.598366127,-21.11629132,270.9381715,2949.703882,7.872041848,-15.46263881,202.4849466,2843.032774,4760.01,128.5,-12.61,18.82
18.88,18.83,-11.46,119.73,4564.19,-15.10404143,201.8868176,3659.26807,7.916358597,-14.67532146,189.2559412,2803.312121,7.97634648,-16.23544571,213.4683691,2909.795701,7.600367422,-21.10988797,270.8959116,2950.246071,7.874552598,-15.45964012,202.4461238,2843.541118,4761.9,128.38,-12.62,18.83
18.89,18.84,-11.45,119.62,4565.38,-15.10192804,201.8163883,3660.209294,7.919638195,-14.68324807,189.2078875,2803.93272,7.979549158,-16.23354164,213.4163727,2910.479282,7.60286904,-21.10655949,270.8431036,2950.923676,7.877691034,-15.45806293,202.3976051,2844.176401,4763.79,128.25,-12.62,18.84
18.9,18.85,-11.45,119.5,4566.44,-15.08440673,201.6883598,3661.920219,7.925578532,-14.67180164,189.1206641,2805.056679,7.985346331,-16.21787093,213.3222641,2911.716494,7.607405701,-21.07915395,270.7473503,2952.152399,7.883376586,-15.44509826,202.3097175,2845.327143,4765.55,128.12,-12.62,18.85
18.91,18.86,-11.44,119.39,4567.5,-15.08057894,201.6244198,3662.77446,7.9285487,-14.6692853,189.0770864,2805.618075,7.988244918,-16.21443072,213.2752551,2912.334486,7.609674031,-21.07316256,270.6995358,2952.766272,7.886219363,-15.44224895,202.2658106,2845.901952,4766.76,127.99,-12.63,18.86
18.92,18.87,-11.44,119.27,4568.82,-15.0694127,201.3048008,3667.044321,7.94339954,-14.66191717,188.8592352,2808.424413,8.00273785,-16.2043552,213.0402605,2915.423769,7.621015683,-21.05561728,270.4605314,2955.835099,7.900433244,-15.43390455,202.0463163,2848.775376,4767.3,127.87,-12.63,18.87
18.93,18.88,-11.43,119.16,4568.82,-15.06525181,201.2480218,3667.802709,7.94603969,-14.65926684,188.8205255,2808.922982,8.005314372,-16.20071794,212.9985096,2915.972622,7.623031976,-21.04922532,270.418077,2956.380389,7.902960156,-15.43090287,202.0073161,2849.285883,4769.19,127.74,-12.63,18.88
18.94,18.89,-11.43,119.04,4570.27,-15.06313458,201.1770688,3668.750362,7.949339876,-14.65787295,188.7721476,2809.54604,8.008535023,-16.19881549,212.9463333,2916.658525,7.625552343,-21.04590328,270.3650261,2957.061868,7.906118796,-15.42932468,201.9585759,2849.92387,4770.27,127.62,-12.63,18.89
18.95,18.9,-11.42,118.93,4571.86,-15.04558358,201.0480934,3670.472905,7.955316794,-14.64641819,188.6845387,2810.674315,8.014364484,-16.18315652,212.8519029,2917.899888,7.63012287,-21.01854874,270.2688353,2958.297578,7.911840323,-15.41635121,201.8702966,2851.079381,4771.35,127.49,-12.64,18.9
18.96,18.91,-11.41,118.82,4573.32,-15.04174958,200.9836808,3671.332935,7.958305253,-14.64390014,188.6407684,2811.237864,8.017279215,-16.17971898,212.8047334,2918.51995,7.632408133,-21.01256852,270.2208024,2958.914939,7.914701086,-15.41350009,201.8261941,2851.656568,4773.11,127.36,-12.64,18.91
18.97,18.92,-11.41,118.7,4574.51,-15.03056507,200.6617,3675.631712,7.973247548,-14.63652714,188.421955,2814.054957,8.031852867,-16.16965117,212.5689358,2921.619576,7.643834449,-20.99505586,269.9807061,2962.001198,7.929004901,-15.40515051,201.6057222,2854.541878,4774.06,127.24,-12.64,18.92
18.98,18.93,-11.4,118.59,4575.83,-15.02639638,200.6045015,3676.395228,7.975903956,-14.63387428,188.3830744,2814.555434,8.034443739,-16.16601633,212.5270423,2922.170265,7.645865794,-20.98867548,269.9380579,2962.549583,7.931547802,-15.44659313,201.5665484,2855.054495,4774.06,127.11,-12.65,18.93
18.99,18.94,-11.4,118.47,4577.42,-15.02427618,200.5330246,3677.349286,7.979224466,-14.63247963,188.3344828,2815.180876,8.037682328,-16.16411561,212.4746877,2922.858461,7.648404976,-20.98535994,269.8847647,2963.23493,7.934726428,-15.38252739,201.5174923,2855.695116,4775.82,126.98,-12.65,18.94
19,18.95,-11.39,118.36,4578.08,-15.00669658,200.4030988,3679.083441,7.985237445,-14.62101819,188.246498,2816.313328,8.043543886,-16.14846958,212.3799408,2924.103894,7.653009516,-20.95805685,269.7881368,2964.477625,7.940482465,-15.36964722,201.4289498,2856.855058,4778.11,126.86,-12.65,18.95
19.01,18.96,-11.38,118.25,4579.01,-15.002857,200.3382119,3679.949254,7.988243935,-14.61849879,188.2025401,2816.878958,8.046474664,-16.14503497,212.3326132,2924.725985,7.655311786,-20.95208788,269.7398857,2965.098472,7.943360484,-15.3668166,201.3847157,2857.434456,4779.6,126.73,-12.65,18.96
19.02,18.97,-11.38,118.13,4580.86,-14.99165766,200.0138604,3684.276928,8.003276383,-14.61112198,187.9827883,2819.706453,8.061128557,-16.13497561,212.0960256,2927.835753,7.666823137,-20.93460809,269.4986988,2968.202157,7.957750579,-15.358527,201.1635858,2860.330812,4780.69,126.6,-12.66,18.97
19.03,18.98,-11.37,118.02,4582.45,-14.98747825,199.9562409,3685.045569,8.005948818,-14.60846699,187.943741,2820.208776,8.063733693,-16.1313435,212.0539918,2928.388242,7.668869599,-20.92823941,269.4558569,2968.753637,7.960308818,-15.35554408,201.124295,2860.84539,4781.77,126.48,-12.66,18.98
19.04,18.99,-11.37,117.91,4582.45,-14.98535556,199.8842381,3686.006027,8.009289362,-14.60707178,187.8949411,2820.836524,8.066990114,-16.12944465,212.0014619,2929.078687,7.671427677,-20.92493043,269.4023217,2969.44285,7.963506617,-15.35397672,201.0751914,2861.488461,4783.53,126.35,-12.66,18.99
19.05,19,-11.36,117.79,4583.11,-14.96774927,199.7533635,3687.751716,8.01533788,-14.5956053,187.80659,2821.97301,8.072883663,-16.1138125,211.9064022,2930.328128,7.676066412,-20.897679,269.3052565,2970.692536,7.969297791,-15.34109085,200.9862739,2862.652922,4784.61,126.22,-12.66,19
19.06,19.01,-11.35,117.68,4585.76,-14.96390433,199.688003,3688.623275,8.018362139,-14.59308491,187.7624491,2822.540651,8.075830438,-16.11038102,211.8589184,2930.952218,7.678385779,-20.89172133,269.2567871,2971.316872,7.972193378,-15.3382591,200.9418524,2863.234573,4785.69,126.1,-12.66,19.01
19.07,19.02,-11.35,117.56,4586.16,-14.95269088,199.3612848,3692.979652,8.033483432,-14.58570532,187.5417828,2825.378196,8.090564311,-16.10033071,211.6215501,2934.071974,7.689982615,-20.87427453,269.0145093,2974.437997,7.986671313,-15.32996624,200.7197861,2866.142191,4787.59,125.97,-12.67,19.02
19.08,19.03,-11.34,117.45,4588.02,-14.94850211,199.3032451,3693.753384,8.036171662,-14.58304859,187.5025731,2825.882302,8.093183667,-16.09670156,211.5793776,2934.626235,7.692044275,-20.86791766,268.9714736,2974.992574,7.989245169,-15.32698148,200.680329,2866.658767,4788.4,125.84,-12.67,19.03
19.09,19.04,-11.34,117.34,4588.41,-14.9463766,199.2307172,3694.720199,8.03953195,-14.58165302,187.4535702,2826.512277,8.096457861,-16.09480469,211.5266744,2935.318894,7.694621349,-20.86461525,268.9176963,2975.685656,7.992462487,-15.32541371,200.6310176,2867.304335,4788.4,125.72,-12.67,19.04
19.1,19.05,-11.33,117.22,4589.87,-14.92874513,199.0988946,3696.477355,8.045615482,-14.57018312,187.3648623,2827.652657,8.102383313,-16.07918732,211.4313054,2936.572285,7.699294486,-20.83741556,268.8201931,2976.942346,7.998288406,-15.31252373,200.541733,2868.473195,4790.02,125.59,-12.67,19.05
19.11,19.06,-11.32,117.11,4592.39,-14.92489508,199.033061,3697.354625,8.048657248,-14.56766209,187.3205432,2828.222239,8.105346039,-16.07575916,211.3836672,2937.198345,7.701631055,-20.8314692,268.7715051,2977.570178,8.001201365,-15.3096912,200.4971282,2869.05704,4792.19,125.46,-12.67,19.06
19.12,19.07,-11.32,117,4591.59,-14.93241435,198.703978,3701.739535,8.063866078,-14.56028073,187.0989861,2831.069483,8.120159671,-16.06571846,211.1455268,2940.327943,7.713313897,-20.8140554,268.5281343,2980.708773,8.015766161,-15.3013961,200.2741457,2871.975617,4793.68,125.33,-12.68,19.07
19.13,19.08,-11.31,116.88,4593.72,-14.89421174,198.6454449,3702.518326,8.06656987,-14.55762266,187.0596181,2831.57531,8.122793205,-16.0620925,211.1032172,2940.883951,7.715390847,-20.80771038,268.4849045,2981.266453,8.018355459,-15.29840985,200.2345258,2872.494139,4794.49,125.21,-12.68,19.08
19.14,19.09,-11.31,116.77,4594.64,-14.9016366,198.5725819,3703.491461,8.06994961,-14.55622692,187.0104175,2832.207434,8.126085123,-16.06019771,211.0503426,2941.578792,7.717987034,-20.80441454,268.4308847,2981.963412,8.02159208,-15.29684186,200.1850111,2873.142137,4796.12,125.08,-12.68,19.09
19.15,19.1,-11.3,116.66,4594.64,-14.88402809,198.4398622,3705.260026,8.076067453,-14.54475551,186.9213648,2833.351534,8.132042391,-16.04459598,210.9546677,2942.836075,7.722694672,-20.7772673,268.3329451,2983.227088,8.027452139,-15.28394981,200.0953707,2874.315233,4797.2,124.95,-12.68,19.1
19.16,19.11,-11.29,116.54,4595.97,-14.88018353,198.3735807,3706.142979,8.079126374,-14.51623799,186.8768735,2833.922972,8.135021025,-16.04117133,210.9068768,2943.464076,7.725048491,-20.7713324,268.2840391,2983.858407,8.030382168,-15.28111692,200.0505883,2874.90119,4798.83,124.83,-12.68,19.11
19.17,19.12,-11.29,116.43,4597.69,-14.86897296,198.0422589,3710.556276,8.094420982,-14.28891725,186.6548534,2836.779481,8.149914195,-16.03114078,210.6679729,2946.603371,7.736817585,-20.75395203,268.0395794,2987.014431,8.045032315,-15.27282086,199.8267177,2877.830322,4798.15,124.7,-12.69,19.12
19.18,19.13,-11.28,116.32,4599.82,-14.86477871,197.9834017,3711.340101,8.097140023,-14.55263626,186.6160012,2837.286948,8.15256187,-16.02751823,210.6255276,2947.1611,7.738909869,-20.74761906,267.9961562,2987.575205,8.047636786,-15.26983362,199.7869401,2878.350717,4800.32,124.57,-12.69,19.13
19.19,19.14,-11.28,116.2,4600.48,-14.86265429,197.9098523,3712.319522,8.100538825,-14.52717782,186.5656445,2837.921131,8.155871463,-16.02562562,210.5724836,2947.858089,7.741525223,-20.74432987,267.9418947,2988.276032,8.050892374,-15.26826566,199.7372282,2879.001054,4801.95,124.45,-12.69,19.14
19.2,19.15,-11.27,116.09,4602.47,-14.84502352,197.7761841,3714.099437,8.106690621,-14.51572843,186.4762763,2839.068845,8.161860384,-16.01004059,210.4765074,2949.119191,7.746267681,-20.7172345,267.8435156,2989.546735,8.056786158,-15.2553731,199.6472403,2880.178263,4801.95,124.32,-12.69,19.15
19.21,19.16,-11.27,115.98,4603.27,-14.84117459,197.7094293,3714.988041,8.10976652,-14.5132121,186.4316274,2839.642083,8.164854845,-16.00661968,210.4285659,2949.749096,7.748638909,-20.71131094,267.7943903,2990.181561,8.05973305,-15.25254021,199.6022844,2880.76627,4803.44,124.19,-12.69,19.16
19.22,19.17,-11.26,115.87,4605.13,-14.82995258,197.3757417,3719.429575,8.125146012,-14.50584466,186.2084215,2842.507592,8.179827148,-15.99659995,210.18891,2952.897904,7.760495053,-20.69396361,267.548834,2993.355117,8.074467511,-15.24424418,199.3775464,2883.705648,4804.53,124.07,-12.69,19.17
19.23,19.18,-11.25,115.75,4605.52,-14.82575004,197.3164644,3720.218407,8.127880144,-14.50319036,186.1687606,2843.01666,8.182488891,-15.99298106,210.1463311,2953.457321,7.762602812,-20.6876426,267.5052161,2993.919005,8.07708697,-15.24125633,199.3376147,2884.227861,4806.56,123.94,-12.69,19.18
19.24,19.19,-11.25,115.64,4607.12,-14.82362353,197.2423901,3721.20408,8.131297808,-14.50179761,186.119194,2843.652833,8.18581607,-15.99109076,210.0931201,2954.15642,7.76523751,-20.68435999,267.4507113,2994.62372,8.080361295,-15.23968859,199.2877103,2884.880469,4807.92,123.81,-12.7,19.19
19.25,19.2,-11.24,115.53,4608.18,-14.80597213,197.1077748,3722.995266,8.137483084,-14.49034932,186.0294964,2844.804031,8.1918367,-15.90730005,209.9968437,2955.421313,7.770012285,-20.65733191,267.3519482,2995.900737,8.086288576,-15.22679666,199.1973804,2886.061704,4809.55,123.69,-12.7,19.2
19.26,19.21,-11.24,115.42,4608.18,-14.80211916,197.0405472,3723.889483,8.140575722,-14.48783333,185.984683,2845.379006,8.194847015,-15.99689846,209.9489577,2956.053107,7.772399673,-20.651423,267.3026311,2996.538715,8.089252217,-15.04365034,199.1522537,2886.651719,4809.55,123.56,-12.7,19.21
19.27,19.22,-11.23,115.31,4608.71,-14.79088632,196.704497,3728.359055,8.156038911,-14.48046701,185.7606548,2848.253192,8.20989859,-16.60833503,209.7081792,2959.211382,7.78433661,-20.63411834,267.0561164,2999.728021,8.104070419,-13.50986576,198.9293338,2889.601127,4811.31,123.43,-12.7,19.22
19.28,19.23,-11.23,115.19,4612.03,-14.78667629,196.6448001,3729.152859,8.158787923,-14.47781244,185.7208479,2848.763799,8.212574425,-15.89949287,209.663738,2959.772515,7.786458732,-20.62781309,267.0123283,3000.294706,8.106704767,-15.35442014,198.8937441,2890.125097,4812.53,123.31,-12.7,19.23
19.29,19.24,-11.22,115.08,4613.09,-14.78454794,196.5702017,3730.14474,8.162224187,-14.47642007,185.6710987,2849.401894,8.21591922,-15.92663305,209.6130829,2960.473655,7.789111384,-20.62453886,266.9576107,3001.002916,8.109997701,-15.18598016,198.8371653,2890.779962,4813.75,123.18,-12.7,19.24
19.3,19.25,-11.21,114.97,4613.49,-14.76687747,196.4346398,3731.947124,8.168442419,-14.46497438,185.5810809,2850.55644,8.221970088,-15.91128589,209.516713,2961.741997,7.793882378,-20.59778124,266.8592112,3002.276569,8.115957753,-15.17322933,198.7466561,2891.965041,4814.43,123.05,-12.7,19.25
19.31,19.26,-11.21,114.86,4615.75,-14.76302085,196.3669398,3732.846918,8.171551535,-14.46245906,185.5361077,2851.133083,8.224995522,-15.90791703,209.4685744,2962.375511,7.796267875,-20.59193066,266.8100752,3002.912868,8.118937779,-15.17042762,198.7014394,2892.556974,4814.43,122.93,-12.7,19.26
19.32,19.27,-11.2,114.74,4615.89,-14.76398507,196.0285285,3737.344345,8.187097115,-14.45509479,185.3112803,2854.015604,8.240122692,-15.89804906,209.2279326,2965.54236,7.808195358,-20.57479597,266.5644653,3006.093778,8.133837909,-15.20536366,198.4753981,2895.515969,4816.88,122.8,-12.7,19.27
19.33,19.28,-11.2,114.63,4617.48,-14.73762434,195.9683626,3738.143088,8.189860774,-14.45244033,185.2713314,2854.52769,8.242811966,-15.89448601,209.1851784,2966.104979,7.8103158,-20.56855625,266.5208377,3006.658971,8.136486821,-15.12416116,198.4351204,2896.041664,4819.32,122.67,-12.7,19.28
19.34,19.29,-11.19,114.52,4618.28,-14.74171694,195.8933687,3739.141137,8.193315347,-14.45104852,185.2214048,2855.167631,8.24617356,-15.89262504,209.1317481,2966.808077,7.812966352,-20.56531434,266.4663205,3007.365319,8.139797961,-15.14456859,198.3852212,2896.698623,4820.82,122.54,-12.7,19.29
19.35,19.3,-11.19,114.41,4619.61,-14.72406234,195.7568969,3740.954625,8.199565836,-14.43960722,185.1310786,2856.325356,8.252225455,-15.87737259,209.0355676,2968.073721,7.817694339,-20.53904029,266.3690879,3008.625168,8.145790606,-15.13189341,198.2944652,2897.887475,4822.18,122.42,-12.71,19.3
19.36,19.31,-11.18,114.3,4620.27,-14.72020963,195.6887427,3741.859947,8.202691081,-14.43709297,185.0859513,2856.903583,8.255251403,-15.87402437,208.9875235,2968.705888,7.820058333,-20.53329395,266.3205338,3009.254576,8.148786929,-15.12910833,198.2491251,2898.48129,4822.85,122.29,-12.71,19.31
19.37,19.32,-11.18,114.19,4620.27,-14.70897988,195.348061,3746.384994,8.218317304,-14.42973189,184.8603541,2859.794016,8.270381143,-15.86421646,208.7473537,2971.866,7.831878302,-20.51646373,266.0778309,3012.401044,8.163768543,-15.12095205,198.0224667,2901.449685,4823.67,122.16,-12.71,19.32
19.38,19.33,-11.17,114.08,4621.47,-14.70476322,195.2875415,3747.188633,8.221095299,-14.42707797,184.8202684,2860.307506,8.273070875,-15.86067614,208.7046832,2972.427422,7.83397963,-20.51034107,266.0347191,3012.96012,8.166431941,-15.11801404,197.9821936,2901.977048,4825.57,122.03,-12.71,19.33
19.39,19.34,-11.17,113.96,4623.86,-14.70263589,195.2119155,3748.192796,8.224567793,-14.42568693,184.7701708,2860.9492,8.276433039,-15.85882662,208.6513575,2973.129024,7.836606289,-20.50715625,265.9808462,3013.658825,8.169761188,-15.11647348,197.9318624,2902.63609,4825.98,121.91,-12.71,19.34
19.4,19.35,-11.16,113.85,4625.19,-14.68496551,195.0745002,3750.017306,8.230850042,-14.41425143,184.6795451,2862.109972,8.282430369,-15.8438072,208.5562469,2974.380375,7.841291547,-20.48135375,265.8847649,3014.905013,8.175786096,-15.10380268,197.840787,2903.828612,4827.88,121.78,-12.71,19.35
19.41,19.36,-11.16,113.74,4626.52,-14.68110984,195.0058751,3750.928116,8.233991167,-14.41173854,184.6342681,2862.689718,8.285429034,-15.84050964,208.5087366,2975.005409,7.843634175,-20.47570924,265.8367847,3015.527601,8.17879855,-15.10101865,197.7952875,2904.424255,4828.43,121.65,-12.71,19.36
19.42,19.37,-11.15,113.63,4627.72,-14.66987255,194.6628398,3755.480575,8.24969679,-14.40438155,184.4079228,2865.587738,8.300422358,-15.83084981,208.2712347,2978.12987,7.855347319,-20.45917761,265.5969498,3018.639983,8.193860819,-15.09286551,197.5678319,2907.40179,4828.43,121.53,-12.71,19.37
19.43,19.38,-11.15,113.52,4628.12,-14.66564931,194.6019024,3756.289075,8.252488901,-14.4017285,184.3677042,2866.102574,8.303087838,-15.82736552,208.2290379,2978.684961,7.857429655,-20.45316735,265.5543469,3019.193006,8.196538556,-15.08992803,197.5274172,2907.930774,4829.79,121.4,-12.71,19.38
19.44,19.39,-11.14,113.41,4630.12,-14.66352077,194.5257542,3757.299307,8.255979039,-14.4003384,184.3174405,2866.745949,8.306419687,-15.82554335,208.176304,2979.378654,7.860032576,-20.44951792,265.5011089,3019.884153,8.199885727,-15.08838829,197.476909,2908.591842,4832.51,121.27,-12.7,19.39
19.45,19.4,-11.14,113.29,4631.05,-14.6458363,194.3873971,3759.134747,8.262292478,-14.3889102,184.2265249,2867.909626,8.312362763,-15.81075275,208.0822516,2980.615861,7.861580177,-20.44158732,265.4694612,3020.295036,8.205942456,-15.07572333,197.3855227,2909.787906,4833.73,121.14,-12.7,19.4
19.46,19.41,-11.13,113.18,4633.18,-14.64197807,194.318302,3760.050998,8.265449197,-14.38639901,184.1811031,2868.490818,8.315334301,-15.80750504,208.0352694,2981.233836,7.862353978,-20.43971893,265.4536435,3020.500426,8.208970821,-15.07294068,197.339868,2910.385315,4834.82,121.02,-12.7,19.41
19.47,19.42,-11.13,113.07,4633.05,-14.63073446,193.9729174,3764.630638,8.281232793,-14.37904705,183.954034,2871.396068,8.33019199,-15.79799212,207.8004064,2984.323017,7.866222981,-20.43422709,265.3745622,3021.527314,8.224112644,-15.06479154,197.1116362,2913.371675,4836.73,120.89,-12.7,19.42
19.48,19.43,-11.12,112.96,4633.05,-14.62650484,193.9115629,3765.443956,8.284038765,-14.37639525,183.9136868,2871.912186,8.332833357,-15.79456151,207.7586781,2984.871843,7.866910804,-20.43232011,265.3605071,3021.70984,8.226804524,-15.06185503,197.0710835,2913.902225,4837.41,120.76,-12.7,19.43
19.49,19.44,-11.12,112.85,4634.38,-14.62437536,193.8348935,3766.460205,8.287546231,-14.37500626,183.8632625,2872.557162,8.336135065,-15.79251993,207.706529,2985.557716,7.867770582,-20.43128217,265.3429398,3021.937984,8.230169373,-15.06031628,197.0204031,2914.565248,4838.63,120.63,-12.7,19.44
19.5,19.45,-11.11,112.74,4636.91,-14.60667857,193.695597,3768.306474,8.293890372,-14.36358669,183.7720654,2873.723617,8.338110895,-15.78787774,207.6753257,2985.968102,7.86933486,-20.42276522,265.3109796,3022.353054,8.236257571,-15.04765843,196.9287129,2915.764747,4840.13,120.51,-12.7,19.45
19.51,19.46,-11.11,112.63,4637.44,-14.60281815,193.626033,3769.228115,8.297062442,-14.36107749,183.7265031,2874.306193,8.33909881,-15.61677247,207.6597286,2986.173229,7.870117,-20.42088239,265.2950062,3022.560533,8.23930167,-15.04487743,196.8829063,2916.363869,4840.81,120.38,-12.7,19.46
19.52,19.47,-11.1,112.51,4639.04,-14.59156938,193.2783049,3773.83468,8.312922793,-14.35373141,183.4987314,2877.218355,8.344038386,-14.17571692,207.5825884,2987.198787,7.874027696,-20.41534865,265.2151463,3023.597865,8.254522164,-15.03673312,196.6539159,2919.358783,4842.45,120.25,-12.69,19.47
19.53,19.48,-11.1,112.4,4639.44,-14.58733379,193.2165342,3774.652772,8.315742411,-14.35108117,183.4582594,2877.735699,8.344916532,-15.9161225,207.57014,2987.381066,7.874722931,-20.41342584,265.2009528,3023.782247,8.25722803,-15.03379788,196.6132285,2919.890851,4842.45,120.12,-12.69,19.48
19.54,19.49,-11.1,112.29,4641.31,-14.58520355,193.1393449,3775.674979,8.319266934,-14.34969346,183.4076791,2878.382206,8.346014216,-15.75808076,207.5507784,2987.608904,7.875591974,-20.4123798,265.1832127,3024.01271,8.260610362,-15.03226025,196.5623796,2920.555771,4844.08,120,-12.69,19.49
19.55,19.5,-11.09,112.18,4642.11,-14.56749622,192.9991116,3777.53197,8.325641375,-14.33828367,183.3162078,2879.551328,8.348011574,-15.75319764,207.5193039,2988.023457,7.877171941,-20.40380287,265.1509618,3024.431691,8.266729677,-15.01961076,196.4703925,2921.758598,4846.26,119.87,-12.69,19.5
19.56,19.51,-11.09,112.07,4643.57,-14.56363401,192.92908,3778.458948,8.328828595,-14.3357767,183.2705085,2880.135232,8.349010253,-15.75211686,207.5035715,2988.230663,7.877961924,-20.40190683,265.1348432,3024.641124,8.269789334,-15.01683168,196.4244376,2922.359378,4847.21,119.74,-12.68,19.51
19.57,19.52,-11.08,111.96,4644.64,-14.55238115,192.5790151,3783.092168,8.344764699,-14.32843723,183.0420521,2883.054032,8.354003649,-15.74894056,207.424915,2989.266614,7.881911841,-20.39633441,265.0542573,3025.688225,8.285087621,-15.008693,196.1947058,2925.36258,4848.44,119.61,-12.68,19.52
19.58,19.53,-11.08,111.85,4645.97,-14.54814005,192.5168294,3783.914984,8.347597784,-14.32578882,183.0014584,2883.572552,8.354891364,-15.74783978,207.4109344,2989.450742,7.882614049,-20.39439788,265.0399349,3025.874344,8.287807316,-15.00575931,196.1538868,2925.896118,4849.53,119.49,-12.68,19.53
19.59,19.54,-11.08,111.74,4645.97,-14.54600929,192.4391216,3784.943092,8.35113914,-14.32440252,182.9507261,2884.220529,8.356001008,-15.74723935,207.3934599,2989.680885,7.883491808,-20.39334443,265.0220335,3026.106977,8.291206935,-15.00422296,196.1028733,2926.562874,4851.03,119.36,-12.67,19.54
19.6,19.55,-11.07,111.63,4647.44,-14.52829322,192.2979542,3786.810692,8.357543328,-14.31300392,182.8589899,2885.39218,8.358019323,-15.7423153,207.361677,2990.09947,7.885088449,-20.38470275,264.9894727,3026.530122,8.297357007,-14.99158307,196.0105963,2927.768921,4852.26,119.23,-12.67,19.55
19.61,19.56,-11.07,111.52,4648.77,-14.52442961,192.2274565,3787.742951,8.360745421,-14.31049949,182.8131583,2885.977345,8.35902848,-15.74122547,207.3457906,2990.30869,7.88588677,-20.38279243,264.9731991,3026.741636,8.300432043,-14.98880617,195.9644966,2928.371306,4853.89,119.11,-12.66,19.56
19.62,19.57,-11.06,111.41,4649.97,-14.51317387,191.8750615,3792.402548,8.376755891,-14.30316752,182.5840405,2888.902437,8.364074268,-15.81426459,207.2663637,2991.354713,7.889878372,-20.37717795,264.8918392,3027.799141,8.315807221,-14.9806739,195.734041,2931.382525,4853.89,118.98,-12.66,19.57
19.63,19.58,-11.06,111.3,4651.57,-14.50892761,191.8124621,3793.230039,8.379602197,-14.30052129,182.5433293,2889.422073,8.364971297,-15.67488667,207.2521778,2991.540631,7.89058799,-20.37522688,264.8773791,3027.987108,8.318540586,-14.97774207,195.6930934,2931.917486,4855.26,118.85,-12.66,19.58
19.64,19.59,-11.06,111.19,4652.78,-14.50679656,191.7342374,3794.263984,8.383160079,-14.29913657,182.4924502,2890.071444,8.366092583,-15.71302756,207.2347087,2991.77301,7.891475012,-20.37416548,264.8593059,3028.222052,8.321957293,-14.97620714,195.6419193,2932.586018,4855.26,118.73,-12.65,19.59
19.65,19.6,-11.05,111.08,4653.98,-14.48907359,191.5921391,3796.142076,8.389593546,-14.28775037,182.4004571,2891.245503,8.368132504,-15.70810866,207.2026554,2992.195752,7.893089005,-20.36545599,264.8264221,3028.649533,8.328137697,-14.9635782,195.5493603,2933.795164,4857.17,118.6,-12.65,19.6
19.66,19.61,-11.05,110.97,4655.04,-14.48520898,191.5211768,3797.079557,8.39281028,-14.28524874,182.3544973,2891.831867,8.369152465,-15.70701991,207.1866337,2992.40705,7.893896001,-20.36353074,264.8099873,3028.863214,8.331227898,-14.96080379,195.5031198,2934.399093,4858.94,118.47,-12.64,19.61
19.67,19.62,-11.05,110.86,4655.58,-14.47395153,191.1664597,3801.765234,8.40889395,-14.27792505,182.124738,2894.762951,8.374252267,-15.70382016,207.106531,2993.463457,7.897930981,-20.35787235,264.7278208,3029.931551,8.346678908,-14.95267877,195.2719603,2937.41803,4860.44,118.34,-12.64,19.62
19.68,19.63,-11.04,110.75,4657.31,-14.46970052,191.1034479,3802.597347,8.411753269,-14.2752813,182.0839129,2895.283649,8.375158899,-15.70271163,207.0922935,2993.65122,7.898648311,-20.35590591,264.7132175,3030.121443,8.349425754,-14.94974913,195.2308875,2937.95436,4861.26,118.22,-12.63,19.63
19.69,19.64,-11.04,110.64,4657.85,-14.46756942,191.024708,3803.637063,8.415327418,-14.27389829,182.0328913,2895.934347,8.376292188,-15.70210667,207.0744978,2993.885905,7.899544973,-20.35483623,264.6949652,3030.358793,8.352859312,-14.94821579,195.1795571,2938.624602,4862.21,118.09,-12.62,19.64
19.7,19.65,-11.04,110.53,4657.85,-14.4498414,190.8816824,3805.525524,8.421789786,-14.26252554,181.9406481,2897.110711,8.378354423,-15.69714433,207.0421163,2994.312941,7.901176399,-20.34605918,264.6617578,3030.790623,8.359069712,-14.93559893,195.0867227,2939.836745,4864.4,117.96,-12.62,19.65
19.71,19.66,-11.03,110.42,4659.32,-14.44597619,190.8102572,3806.468163,8.42502097,-14.26002695,181.8945633,2897.698222,8.37938554,-15.69604598,207.0259307,2994.526384,7.901992112,-20.34411909,264.6451613,3031.006477,8.362174913,-14.93282725,195.0403447,2940.442168,4865.35,117.84,-12.61,19.66
19.72,19.67,-11.03,110.31,4661.72,-14.43894731,190.4532267,3811.179609,8.441176891,-14.25686585,181.6641794,2900.635037,8.384541126,-15.6928179,206.9450084,2995.593516,7.906070676,-20.33841716,264.5621864,3032.085681,8.377700914,-14.92471022,194.8084976,2943.468567,4866.45,117.71,-12.61,19.67
19.73,19.68,-11.03,110.2,4661.99,-14.42701827,190.3897856,3812.016289,8.444049055,-14.24668935,181.6232314,2901.156751,8.385457675,-15.69169969,206.9306252,2995.783184,7.906795755,-20.33643517,264.5474395,3032.277504,8.380461092,-14.92178305,194.7673028,2944.006221,4867.4,117.58,-12.6,19.68
19.74,19.69,-11.03,110.09,4663.19,-14.4270471,190.3105804,3813.061707,8.447639259,-14.24742558,181.5721019,2901.808718,8.386603361,-15.69108942,206.9126475,2996.020251,7.907702102,-20.33535727,264.5290077,3032.517267,8.383911315,-14.92025142,194.7158197,2944.678116,4868.36,117.46,-12.59,19.69
19.75,19.7,-11.02,109.98,4664.79,-14.40933167,190.1666442,3814.960404,8.454129987,-14.23607807,181.4796257,2902.987253,8.388688044,-15.68608362,206.8799365,2996.451599,7.909351359,-20.32651126,264.4954694,3032.953543,8.390151383,-14.90764776,194.6227163,2945.893156,4868.36,117.33,-12.59,19.7
19.76,19.71,-11.02,109.87,4665.46,-14.40546969,190.0947644,3815.908137,8.45737535,-14.23358508,181.4334245,2903.575845,8.389730386,-15.6849757,206.8635862,2996.667196,7.910175987,-20.32455603,264.4787076,3033.171619,8.393271417,-14.90487906,194.576204,2946.500022,4870.41,117.21,-12.58,19.71
19.77,19.72,-11.02,109.76,4666.4,-14.39422234,189.7354621,3820.645021,8.473602168,-14.2262868,181.2024587,2906.51806,8.394942094,-15.68171952,206.7818407,2997.745095,7.914299128,-20.31880976,264.3949066,3034.261929,8.408871587,-14.89677072,194.3436853,2949.533632,4872.59,117.08,-12.57,19.72
19.78,19.73,-11.01,109.65,4667.87,-14.38996692,189.671636,3821.486209,8.476486936,-14.22365126,181.1614192,2907.040732,8.39586862,-15.68059135,206.7673112,2997.936678,7.915032131,-20.31681181,264.3800129,3034.455726,8.41164495,-14.89384627,194.3023712,2950.072565,4873.82,116.95,-12.57,19.73
19.79,19.74,-11.01,109.54,4668.8,-14.38783832,189.5918788,3822.537255,8.480092896,-14.22227337,181.1101297,2907.693895,8.397026778,-15.67997579,206.7491506,2998.176136,7.915948385,-20.3157255,264.3613975,3034.697957,8.415111655,-14.89231649,194.250739,2950.746058,4874.64,116.83,-12.56,19.74
19.8,19.75,-11.01,109.43,4669.87,-14.37012205,189.4470271,3824.446,8.486611547,-14.21094166,181.0174196,2908.874488,8.399134289,-15.67492594,206.7161049,2998.611862,7.917615708,-20.30681001,264.3275247,3035.138733,8.421381006,-14.87972723,194.1573739,2951.963884,4875.74,116.7,-12.55,19.75
19.81,19.76,-11.01,109.32,4669.87,-14.3662604,189.3746904,3825.398732,8.489870873,-14.20845222,180.9711015,2909.464105,8.400188044,-15.67380834,206.6995874,2998.829647,7.91844937,-20.30483952,264.3105957,3035.359057,8.424515682,-14.87696176,194.1107307,2952.572139,4876.42,116.58,-12.54,19.76
19.82,19.77,-11,109.2,4671.61,-14.35501522,189.0131042,3830.160583,8.506167502,-14.20116438,180.7395517,2912.411439,8.405456822,-15.67052382,206.6170056,2999.918483,7.922617678,-20.29904856,264.2259588,3036.460609,8.440189061,-14.86886287,193.8775585,2955.612685,4878.61,116.45,-12.54,19.77
19.83,19.78,-11,109.09,4673.48,-14.35075644,188.9488725,3831.006196,8.50906468,-14.19853213,180.6984083,2912.935019,8.406393494,-15.66938544,206.6023274,3000.112009,7.92335871,-20.29703454,264.2109166,3036.656403,8.442975439,-14.86594145,193.8361282,2956.152847,4879.56,116.33,-12.53,19.78
19.84,19.79,-11,108.98,4674.02,-14.34862855,188.8686086,3832.062766,8.512686153,-14.19715635,180.6469892,2913.589314,8.407564333,-15.6687645,206.5839811,3000.353896,7.924285001,-20.29593975,264.1921157,3036.901131,8.446458412,-14.86441366,193.784351,2956.827877,4880.11,116.2,-12.52,19.79
19.85,19.8,-11,108.87,4674.55,-14.33091282,188.7228415,3833.981475,8.519232291,-14.18584153,180.5540526,2914.771854,8.409694982,-15.66367021,206.5505965,3000.794054,7.925970607,-20.28695437,264.1579047,3037.346454,8.452756791,-14.85183972,193.6907292,2958.048404,4881.61,116.07,-12.51,19.8
19.86,19.81,-10.99,108.76,4676.16,-14.32705181,188.6500479,3834.939163,8.52250536,-14.18335587,180.5076214,2915.36244,8.410760306,-15.66254283,206.5339096,3001.014053,7.92681341,-20.28496853,264.1408068,3037.569051,8.45590598,-14.84907769,193.643958,2958.658004,4881.61,115.95,-12.5,19.81
19.87,19.82,-10.99,108.65,4677.23,-14.3158097,188.286178,3839.72577,8.538870705,-14.17607916,180.2755059,2918.314612,8.416086927,-15.65922969,206.4504812,3002.113959,7.931027426,-20.27913258,264.0553256,3038.681965,8.471651928,-14.84098884,193.4101452,2961.705273,4883.39,115.82,-12.5,19.82
19.88,19.83,-10.99,108.55,4678.43,-14.31154785,188.2215408,3840.57577,8.5417801,-14.17345046,180.234262,2918.839048,8.417033882,-15.65808104,206.4356526,3002.309451,7.931776584,-20.27710246,264.0401333,3038.879779,8.474451207,-14.83807066,193.3686011,2962.246628,4884.62,115.7,-12.49,19.83
19.89,19.84,-10.99,108.43,4678.97,-14.30942086,188.1407702,3841.637816,8.545416843,-14.17207693,180.1827173,2919.494414,8.418217576,-15.65745465,206.4171182,3002.553797,7.932713032,-20.27599913,264.0211449,3039.127029,8.477950307,-14.83654496,193.3166817,2962.923147,4885.31,115.57,-12.48,19.84
19.9,19.85,-10.98,108.32,4679.5,-14.29170761,187.9940923,3843.566342,8.551989973,-14.16078015,180.0895624,2920.678779,8.420371614,-15.65231565,206.3833915,3002.998427,7.934417162,-20.26694333,263.986592,3039.576956,8.484277342,-14.82398748,193.2228103,2964.146269,4887.63,115.45,-12.47,19.85
19.91,19.86,-10.98,108.21,4681.51,-14.28784766,187.9208442,3844.528913,8.555276538,-14.15829853,180.043022,2921.270272,8.421448633,-15.65117842,206.3665336,3003.22066,7.935269228,-20.26494201,263.9693232,3039.801853,8.48744086,-14.82122912,193.1759144,2964.757161,4888.59,115.32,-12.46,19.86
19.92,19.87,-10.98,108.1,4681.51,-14.27660987,187.5547023,3849.339908,8.571709364,-14.15103369,179.8103612,2924.226978,8.426833728,-15.64783642,206.2822505,3004.331737,7.939529554,-20.25906069,263.882988,3040.926264,8.50325845,-14.81315103,192.9414782,2967.810886,4890.1,115.2,-12.45,19.87
19.93,19.88,-10.98,107.99,4682.45,-14.27234539,187.4896616,3850.194228,8.574630755,-14.14840881,179.7690205,2924.752218,8.427791078,-15.6466775,206.2672701,3004.529214,7.940286945,-20.25701437,263.8676439,3041.126121,8.506070466,-14.81023637,192.8998234,2968.353387,4891.47,115.08,-12.45,19.88
19.94,19.89,-10.97,107.88,4684.99,-14.27021954,187.4083869,3851.261668,8.578282494,-14.14703766,179.7173546,2925.408587,8.428987766,-15.64604564,206.2485459,3004.77604,7.941233684,-20.25590244,263.8484658,3041.375926,8.509585486,-14.8087129,192.8477656,2969.031335,4892.15,114.95,-12.44,19.89
19.95,19.9,-10.97,107.77,4685.66,-14.25251074,187.2608033,3853.199859,8.584882255,-14.13575984,179.6239875,2926.594678,8.431165463,-15.6408616,206.2144736,3005.225187,7.942956539,-20.24677592,263.8135679,3041.830498,8.515940874,-14.79617284,192.7536505,2970.256958,4893.52,114.83,-12.43,19.9
19.96,19.91,-10.97,107.66,4687.53,-14.24865227,187.1871031,3854.167237,8.588182135,-14.13328245,179.5773412,2927.187031,8.432254312,-15.63971445,206.197443,3005.449677,7.943817966,-20.24475907,263.7961267,3042.057717,8.519118568,-14.79341838,192.7066327,2970.869096,4894.48,114.7,-12.42,19.91
19.97,19.92,-10.97,107.55,4688.47,-14.23742006,186.8187018,3859.002236,8.604681537,-14.12603007,179.3441505,2930.148028,8.437698554,-15.63634336,206.1122966,3006.572034,7.948125102,-20.23883221,263.7089298,3043.193735,8.53500704,-14.78535167,192.4715879,2973.929045,4894.48,114.58,-12.41,19.92
19.98,19.93,-10.96,107.45,4689.41,-14.23315339,186.7532598,3859.86081,8.607614764,-14.12340923,179.3027157,2930.674029,8.43866642,-15.63517413,206.0971628,3006.771516,7.948890815,-20.2367696,263.6934327,3043.395655,8.537831657,-14.78244077,192.429825,2974.472649,4895.85,114.46,-12.41,19.93
19.99,19.94,-10.96,107.34,4690.75,-14.23102893,186.6714838,3860.933559,8.611281298,-14.12204056,179.2509321,2931.331347,8.439876251,-15.63453675,206.0782469,3007.020847,7.949847957,-20.23564904,263.6740633,3043.648037,8.541362428,-14.78091964,192.377632,2975.151976,4897.9,114.33,-12.4,19.94
20,19.95,-10.96,107.23,4691.15,-14.21332655,186.5229998,3862.881255,8.617907208,-14.11078279,179.1573607,2932.519047,8.442077866,-15.6293074,206.0438256,3007.474552,7.951589743,-20.22645148,263.6388171,3044.107301,8.547745871,-14.76839797,192.2832788,2976.380007,4898.59,114.21,-12.39,19.95
20.01,19.96,-10.96,107.12,4692.22,-14.20947001,186.4488502,3863.853361,8.621220163,-14.10830987,179.1106124,2933.1122,8.443178673,-15.62815026,206.0266208,3007.701319,7.952460636,-20.22441903,263.621202,3044.336864,8.550937593,-14.76564761,192.2361422,2976.993346,4900.1,114.08,-12.38,19.96
20.02,19.97,-10.95,107.01,4693.56,-14.19824465,186.0782026,3868.711968,8.637784938,-14.10107064,178.8769114,2936.077193,8.448682709,-15.6247499,205.9406029,3008.835061,7.956815101,-20.21844644,263.5331355,3045.484602,8.566896201,-14.75759288,192.000503,2980.059289,4901.6,113.96,-12.37,19.97
20.03,19.98,-10.95,106.9,4693.56,-14.19397624,186.0123617,3869.574724,8.640729787,-14.09845411,178.8353859,2936.603902,8.449661204,-15.62357029,205.9253141,3009.036565,7.957589228,-20.21636745,263.5174838,3045.688604,8.569733286,-14.76858812,191.9586345,2980.603955,4902.56,113.84,-12.36,19.98
20.04,19.99,-10.95,106.79,4695.04,-14.19185342,185.9300874,3870.652694,8.644410848,-14.09708805,178.783489,2937.262104,8.450884323,-15.62292737,205.9062047,3009.288424,7.958556887,-20.21523822,263.4979213,3045.943589,8.573279644,-14.74752559,191.906275,2981.28461,4903.52,113.71,-12.36,19.99
20.05,20,-10.95,106.68,4696.92,-14.17415998,185.780713,3872.609674,8.651062559,-14.08585118,178.6897192,2938.45132,8.453110116,-15.61765242,205.8714313,3009.746729,7.960317813,-20.20596931,263.4623238,3046.407589,8.579690398,-14.73505826,191.8117323,2982.514874,4904.62,113.59,-12.35,20
20.06,20.01,-10.94,106.57,4697.32,-14.17030591,185.706119,3873.586396,8.654388415,-14.08338292,178.6428717,2939.045227,8.454223013,-15.61648524,205.8540504,3009.975794,7.961198275,-20.2039212,263.4445332,3046.639519,8.582895775,-14.73231985,191.7645008,2983.129324,4905.72,113.47,-12.34,20.01
20.07,20.02,-10.94,106.46,4698.79,-14.15908899,185.3332502,3878.468056,8.671017692,-14.07615738,178.4086753,2942.013983,8.459787495,-15.61305545,205.7671528,3011.121024,7.965600589,-20.1979027,263.3555892,3047.799089,8.598922662,-14.72430005,191.5283876,2986.200822,4906.68,113.34,-12.33,20.02
20.08,20.03,-10.94,106.35,4700,-14.15481943,185.2670148,3879.334895,8.673974007,-14.07354536,178.3670617,2942.541358,8.460776737,-15.61186537,205.7517077,3011.32457,7.966383222,-20.19580724,263.3397817,3048.005194,8.601771886,-14.72140558,191.4864348,2986.746474,4906.68,113.22,-12.32,20.03
20.09,20.04,-10.94,106.24,4700.8,-14.15269856,185.1842477,3880.417962,8.677669402,-14.07218201,178.3150548,2943.200392,8.462013288,-15.61121687,205.7324029,3011.57898,7.967361514,-20.19466931,263.3200243,3048.262807,8.605333416,-14.71989371,191.4340045,2987.428358,4908.05,113.1,-12.31,20.04
20.1,20.05,-10.93,106.13,4702.01,-14.13501607,185.0339889,3882.384057,8.684346444,-14.06096708,178.2210943,2944.39101,8.464263523,-15.50602361,205.6972739,3012.041926,7.969141787,-20.18532876,263.2840723,3048.731588,8.61177166,-14.70744636,191.3392342,2988.660857,4909.83,112.97,-12.31,20.05
20.11,20.06,-10.93,106.02,4702.82,-14.1311649,184.9589534,3883.36531,8.687684965,-14.0585037,178.1741514,2944.985612,8.465388641,-15.64065382,205.6798279,3012.273311,7.970031924,-20.18326492,263.2661046,3048.965907,8.614990782,-14.7047124,191.2918892,2989.27642,4910.65,112.85,-12.3,20.06
20.12,20.07,-10.93,105.91,4703.89,-14.11995772,184.5838782,3888.269597,8.704377571,-14.05129252,177.9394784,2947.957846,8.471014228,-16.54444692,205.59184,3013.430137,7.974482607,-20.17720032,263.1762752,3050.137421,8.631086391,-14.69670562,191.0552079,2992.353477,4911.89,112.73,-12.29,20.07
20.13,20.08,-10.93,105.8,4705.5,-14.11568746,184.517251,3889.140445,8.707345145,-14.04868525,177.8977801,2948.485837,8.472014332,-15.51336617,205.5752938,3013.635751,7.97527384,-20.17508833,263.1603104,3050.345649,8.633947833,-14.69381552,191.0131541,2992.900115,4913.67,112.61,-12.28,20.08
20.14,20.09,-10.92,105.69,4705.5,-14.11356879,184.4339942,3890.228514,8.711054613,-14.04732473,177.8456674,2949.14564,8.473264463,-15.55519073,205.5572779,3013.892726,7.976262881,-20.17394166,263.1403564,3050.605915,8.637524635,-14.69230628,190.9605977,2993.58323,4914.22,112.48,-12.27,20.09
20.15,20.1,-10.92,105.59,4707.11,-14.09589926,184.2828573,3892.203549,8.717756587,-14.03613264,177.7515226,2950.337558,8.475539392,-15.54992066,205.5218909,3014.360354,7.978062713,-20.16452917,263.1040467,3051.079524,8.643990093,-14.67987977,190.8656052,2994.817878,4914.91,112.36,-12.27,20.1
20.16,20.11,-10.92,105.48,4708.86,-14.09205143,184.2073835,3893.189245,8.721107574,-14.03367433,177.7044877,2950.932806,8.476676857,-15.54875462,205.5042035,3014.594078,7.97896263,-20.16244953,263.0859003,3051.316254,8.647222822,-14.67715045,190.8181491,2995.434511,4917.1,112.24,-12.26,20.11
20.17,20.12,-10.91,105.37,4709.93,-14.08085527,183.8301173,3898.115721,8.73786251,-14.02647809,177.4693544,2953.908266,8.48236418,-15.54532826,205.4157727,3015.762595,7.983462212,-20.15633867,262.9951777,3052.499827,8.663386468,-14.66915722,190.5809128,2998.516913,4918.07,112.11,-12.25,20.12
20.18,20.13,-10.91,105.26,4711,-14.07658477,183.7631011,3898.990498,8.740841165,-14.02387578,177.4275743,2954.436828,8.48337526,-15.54413906,205.4000551,3015.970279,7.984262137,-20.15421007,262.9790542,3052.710197,8.666260005,-14.66627168,190.5387605,2999.064498,4918.07,111.99,-12.24,20.13
20.19,20.14,-10.91,105.15,4711.54,-14.07446856,183.6793582,3900.083473,8.744564484,-14.0225182,177.3753594,2955.097344,8.484639109,-15.54349118,205.3804097,3016.229861,7.985262044,-20.15305462,262.9589019,3052.973141,8.669851927,-14.66476519,190.4860808,2999.748797,4918.07,111.87,-12.23,20.14
20.2,20.15,-10.91,105.04,4712.21,-14.05681402,183.5273497,3902.067265,8.751290945,-14.0113499,177.2810375,2956.290452,8.486939015,-15.53817542,205.3446611,3016.702217,7.98708165,-20.1435699,262.9222313,3053.451623,8.676344252,-14.65236048,190.3908724,3000.985494,4920.67,111.75,-12.22,20.15
20.21,20.16,-10.9,104.93,4713.56,-14.05296998,183.4514408,3903.057315,8.754654175,-14.00889688,177.2339141,2956.886292,8.488088967,-15.53699932,205.326793,3016.938302,7.987991453,-20.14147441,262.9039046,3053.690789,8.679590414,-14.64963601,190.3433084,3001.603148,4922.74,111.62,-12.22,20.16
20.22,20.17,-10.9,104.82,4714.36,-14.04178613,183.072,3908.005527,8.771470326,-14.00171618,176.9983384,2959.864706,8.49383873,-15.53354348,205.2374589,3018.118626,7.992540466,-20.13531708,262.8122807,3054.886534,8.695821227,-14.64165696,190.1055329,3004.690647,4923.83,111.5,-12.21,20.17
20.23,20.18,-10.9,104.71,4715.7,-14.03751586,183.0045976,3908.884153,8.774459864,-13.99911907,176.9564797,2960.393791,8.49486091,-15.53234378,205.2215808,3018.328407,7.99334918,-20.1331718,262.795997,3055.099067,8.698706705,-14.63877621,190.0632848,3005.239136,4924.52,111.38,-12.2,20.18
20.24,20.19,-10.9,104.6,4717.05,-14.03540236,182.9203722,3909.981932,8.778196787,-13.99776454,176.9041665,2961.054959,8.496138636,-15.53169031,205.2017348,3018.590611,7.994360072,-20.13200754,262.7756446,3055.364715,8.702313552,-14.63727257,190.0104854,3005.924563,4925.48,111.26,-12.19,20.19
20.25,20.2,-10.89,104.5,4717.05,-14.01776507,182.7675008,3911.974272,8.784947347,-13.98662087,176.8096737,2962.249162,8.498463788,-15.52632858,205.1656212,3019.067736,7.996199666,-20.1224503,262.7386099,3055.848116,8.708832465,-14.6248905,189.9150663,3007.163225,4926.58,111.14,-12.18,20.2
20.26,20.21,-10.89,104.39,4718.39,-14.0139253,182.6911612,3912.968569,8.788322628,-13.98417332,176.762465,2962.845545,8.499626364,-15.52514237,205.1475707,3019.306205,7.997119463,-20.1203389,262.7201013,3056.089739,8.712091922,-14.62217105,189.8673971,3007.781856,4927.96,111.01,-12.17,20.21
20.27,20.22,-10.89,104.28,4719.06,-14.00275519,182.3095675,3917.93799,8.80519903,-13.9770087,176.5264624,2965.82667,8.505439245,-15.52165688,205.0573249,3020.498441,8.001718448,-20.11413493,262.6275682,3057.297772,8.728389204,-14.6142067,189.6290954,3010.874239,4928.64,110.89,-12.16,20.22
20.28,20.23,-10.89,104.17,4721.08,-13.99848568,182.2417827,3918.820372,8.808199279,-13.97441698,176.4845279,2966.356235,8.506472647,-15.52044662,205.0412848,3020.710339,8.002536045,-20.1119729,262.6111229,3057.512489,8.731286499,-14.61133095,189.5867537,3011.423593,4930.98,110.77,-12.16,20.23
20.29,20.24,-10.88,104.06,4722.02,-13.99637517,182.1570797,3919.922838,8.811949591,-13.97306559,176.4321199,2967.018002,8.507764398,-15.51978752,205.0212362,3020.975188,8.003558042,-20.1107998,262.5905686,3057.780866,8.734908117,-14.60614175,189.5338533,3012.110102,4931.12,110.65,-12.15,20.24
20.3,20.25,-10.88,103.95,4722.83,-13.97875695,182.0033506,3921.923558,8.818723925,-13.96194728,176.3374617,2968.213212,8.510115072,-15.51437957,204.9847543,3021.457126,8.005417842,-20.10116976,262.5531665,3058.269232,8.741453082,-14.59380754,189.4382566,3013.350594,4931.12,110.53,-12.14,20.25
20.31,20.26,-10.88,103.84,4723.5,-13.97492186,181.9265829,3922.922019,8.822111092,-13.95950535,176.2901703,2968.810096,8.511290409,-15.51318318,204.9665197,3021.697999,8.006347743,-20.09904238,262.5344745,3058.513337,8.744725565,-14.59109863,189.3904986,3013.970136,4932.63,110.4,-12.13,20.26
20.32,20.27,-10.88,103.73,4724.98,-13.96376668,181.5428494,3927.91223,8.839046928,-13.95235729,176.0537544,2971.793717,8.517167093,-15.50966788,204.8753536,3022.902255,8.010997244,-20.09279161,262.4410239,3059.733774,8.761087977,-14.58316507,189.151753,3017.067071,4934.28,110.28,-12.12,20.27
20.33,20.28,-10.88,103.62,4726.46,-13.95949833,181.4746846,3928.798293,8.842057743,-13.94977113,176.0117464,2972.323724,8.518211837,-15.50844698,204.85915,3023.116289,8.011823822,-20.09061274,262.4244157,3059.950696,8.76399685,-14.58030027,189.1093325,3017.617232,4935.11,110.16,-12.11,20.28
20.34,20.29,-10.87,103.52,4726.46,-13.95739104,181.3895067,3929.905353,8.845821263,-13.94842296,175.9592466,2972.986042,8.519517767,-15.50778223,204.838897,3023.383807,8.012857044,-20.08943076,262.4036576,3060.221827,8.767632942,-14.57880558,189.0563176,3018.304748,4936.48,110.04,-12.1,20.29
20.35,20.3,-10.87,103.41,4727.94,-13.93979394,181.2349275,3931.914256,8.852618939,-13.93733089,175.8644297,2974.182156,8.521894238,-15.50232778,204.8020432,3023.870601,8.014737271,-20.07972764,262.365885,3060.715206,8.774202449,-14.56649825,188.960542,3019.546754,4938.13,109.92,-12.09,20.3
20.36,20.31,-10.87,103.3,4727.94,-13.93596398,181.1577353,3932.916782,8.856017777,-13.93489478,175.817059,2974.779488,8.523082474,-15.50112115,204.7836228,3024.113899,8.015677385,-20.07758423,262.3470077,3060.961815,8.777487203,-14.56379528,188.9126947,3020.16705,4938.68,109.8,-12.08,20.31
20.37,20.32,-10.87,103.19,4729.28,-13.92482503,180.7718805,3937.92729,8.873011968,-13.92776383,175.5802467,2977.765347,8.529023653,-15.49757588,204.6915279,3025.330282,8.020377952,-20.07128648,262.2526317,3062.194773,8.79391097,-14.55587913,188.6735023,3023.267746,4940.06,109.68,-12.07,20.32
20.38,20.33,-10.86,103.08,4731.17,-13.92055832,180.7033389,3938.816946,8.876033157,-13.92518344,175.5381683,2978.295749,8.530079863,-15.49634428,204.6751592,3025.546471,8.021213609,-20.06909071,262.235859,3062.41392,8.796830751,-14.55302035,188.6310023,3023.818574,4940.89,109.56,-12.06,20.33
20.39,20.34,-10.86,102.97,4732.24,-13.9184545,180.6176904,3939.92849,8.879809644,-13.9238386,175.4855805,2978.95856,8.531400125,-15.49567384,204.6547,3025.816681,8.022258179,-20.06789982,262.2148955,3062.687832,8.800480478,-14.5515291,188.5778882,3024.506922,4941.71,109.43,-12.05,20.34
20.4,20.35,-10.86,102.86,4733.45,-13.90088081,180.4622705,3941.945349,8.886630347,-13.91277344,175.3906101,2980.155495,8.533802674,-15.49017263,204.6174709,3026.308374,8.024159055,-20.05812335,262.1767489,3063.18627,8.807070051,-14.53925719,188.4819998,3025.74957,4942.95,109.31,-12.04,20.35
20.41,20.36,-10.86,102.75,4734.4,-13.89705647,180.3846588,3942.951827,8.890040698,-13.91034329,175.3431627,2980.753234,8.535003949,-15.48895571,204.5988629,3026.55412,8.025109493,-20.05596384,262.1576849,3063.435407,8.810364837,-14.53656203,188.4340961,3026.370183,4942.95,109.19,-12.03,20.36
20.42,20.37,-10.86,102.65,4735.2,-13.8859352,179.9967066,3947.982063,8.907092454,-13.90322989,175.1059669,2983.741123,8.541010321,-15.4853803,204.5058305,3027.782738,8.029861683,-20.04961894,262.0623751,3064.681004,8.82683877,-14.52866871,188.1946217,3029.472463,4943.92,109.07,-12.02,20.37
20.43,20.38,-10.85,102.54,4736.15,-13.88167066,179.9277925,3948.875212,8.910123878,-13.90065544,175.0638203,2984.271884,8.542078121,-15.48413793,204.4892952,3028.001101,8.030706517,-20.0474062,262.0454365,3064.902397,8.829767469,-14.52581801,188.1520716,3030.02357,4945.29,108.95,-12.01,20.38
20.44,20.39,-10.85,102.43,4737.49,-13.8795706,179.8416786,3949.991114,8.913913157,-13.899314,175.0111473,2984.935143,8.54341287,-15.48346177,204.4686278,3028.274028,8.031762559,-20.04620637,262.0242657,3065.179116,8.833428343,-14.52433118,188.0988949,3030.712267,4946.81,108.83,-12,20.39
20.45,20.4,-10.85,102.32,4738.44,-13.86202238,179.6854262,3952.015722,8.920756465,-13.88827658,174.91603,2986.132798,8.545841779,-15.47791353,204.4310199,3028.770664,8.033684309,-20.03635627,261.9857419,3065.682661,8.840038619,-14.51209358,188.002885,3031.955653,4949.01,108.71,-11.99,20.4
20.46,20.41,-10.85,102.21,4739.38,-13.85820411,179.6073987,3953.026048,8.924178119,-13.88585258,174.8685091,2986.730893,8.547056233,-15.34711009,204.4122226,3029.018879,8.034645183,-20.03418061,261.9664894,3065.93435,8.843343756,-14.50940598,187.9549206,3032.576632,4949.56,108.59,-11.98,20.41
20.47,20.42,-10.85,102.1,4739.38,-13.84710184,179.2173691,3958.075495,8.941286389,-13.87875725,174.6309462,2989.720561,8.553128505,-14.24765005,204.3190308,3030.25984,8.039449558,-20.02778839,261.8702378,3067.192704,8.859869446,-14.50153487,187.7151426,3035.680737,4950.25,108.47,-11.97,20.42
20.48,20.43,-10.84,102,4740.86,-13.84283994,179.148086,3958.972043,8.94432786,-13.87618893,174.5887344,2990.251636,8.55420802,-15.57365292,204.3036503,3030.480394,8.040303669,-20.02555862,261.8531318,3067.416363,8.862807346,-14.49869193,187.6725386,3036.232167,4951.22,108.35,-11.96,20.43
20.49,20.44,-10.84,101.89,4742.75,-13.8407439,179.0615111,3960.092188,8.948129698,-13.87485099,174.5359798,2990.915287,8.555557414,-15.45299115,204.2808639,3030.756066,8.041371307,-20.02434981,261.8317518,3067.695916,8.866479721,-14.49720935,187.6192944,3036.921267,4953.15,108.23,-11.95,20.44
20.5,20.45,-10.84,101.78,4744.5,-13.82322337,178.9044359,3962.124314,8.954995251,-13.86384202,174.4407212,2992.113573,8.558012958,-15.4474376,204.2429183,3031.257687,8.043314158,-20.01442582,261.7928475,3068.204616,8.873090623,-14.48504305,187.5234547,3038.1616,4954.39,108.11,-11.94,20.45
20.51,20.46,-10.84,101.67,4744.9,-13.81941166,178.8259977,3963.138371,8.958428028,-13.86142432,174.3931298,2992.711981,8.559240731,-15.4462092,204.2239524,3031.508393,8.044285583,-20.01223395,261.773405,3068.458881,8.876396075,-14.48237105,187.4755751,3038.781053,4954.11,107.99,-11.93,20.46
20.52,20.47,-10.84,101.56,4746.12,-13.8083298,178.4339148,3968.20645,8.975591913,-13.85434753,174.1552139,2995.703204,8.565379593,-15.44260018,204.1291303,3032.761804,8.049142709,-20.00579425,261.676203,3069.730111,8.89292333,-14.47454558,187.2362213,3041.877534,4954.11,107.88,-11.92,20.47
20.53,20.48,-10.84,101.46,4746.79,-13.80407106,178.3642671,3969.106295,8.97864327,-13.8517855,174.1129393,2996.234554,8.566470946,-15.44134564,204.1122769,3032.984572,8.050006198,-20.00354737,261.6589282,3069.956059,8.895861509,-14.47171938,187.1936925,3042.42761,4956.59,107.76,-11.91,20.48
20.54,20.49,-10.83,101.35,4747.87,-13.80197931,178.2772365,3970.230554,8.982457467,-13.85045114,174.0601063,2996.898548,8.567835138,-15.4406631,204.091212,3033.263006,8.051085559,-20.00232955,261.6373372,3070.238471,8.899534232,-14.47024539,187.1405423,3043.115016,4958.52,107.64,-11.89,20.49
20.55,20.5,-10.83,101.24,4748.68,-13.78448855,178.119347,3972.26998,8.989344912,-13.83947132,173.9647121,2998.097377,8.570317615,-15.43506231,204.0528809,3033.769658,8.053049739,-19.9923314,261.598049,3070.752374,8.906085517,-14.45826002,187.0457436,3044.341027,4959.63,107.52,-11.88,20.5
20.56,20.51,-10.83,101.13,4749.62,-13.78068384,178.0405022,3973.287661,8.992788635,-13.83706007,173.9170528,2998.696053,8.571558853,-15.43382352,204.0337223,3034.022876,8.054031829,-19.99012327,261.5784148,3071.009239,8.90936116,-14.4556274,186.9983835,3044.953334,4961,107.4,-11.87,20.51
20.57,20.52,-10.83,101.02,4751.1,-13.7696237,177.6463874,3978.373829,9.010007249,-13.83000226,173.6787978,3001.688614,8.577765046,-15.43018406,203.937937,3035.288852,8.05894228,-19.98363594,261.4802543,3072.293466,8.925739372,-14.4479171,186.7616262,3048.014096,4961,107.28,-11.86,20.52
20.58,20.53,-10.83,100.91,4751.1,-13.76536861,177.5763787,3979.276875,9.013068335,-13.8274467,173.636463,3002.2202,8.57886837,-15.42891863,203.9209126,3035.513852,8.059815249,-19.98137188,261.4628092,3072.521723,8.928651054,-14.44513433,186.7195584,3048.55783,4961.97,107.16,-11.85,20.53
20.59,20.54,-10.83,100.81,4751.91,-13.7632814,177.4888973,3980.405127,9.016894694,-13.82611599,173.5835546,3002.884487,8.580247524,-15.42823031,203.8996337,3035.795076,8.06090646,-19.98014502,261.4410053,3072.807021,8.932290657,-14.44368155,186.6669843,3049.237313,4964.18,107.04,-11.84,20.54
20.6,20.55,-10.82,100.7,4753.8,-13.74582246,177.3302022,3982.451632,9.023803633,-13.81516606,173.4880308,3004.083765,8.582757224,-15.42258202,203.8609135,3036.306803,8.062892202,-19.97007246,261.4013299,3073.326176,8.938782648,-14.43187405,186.5732161,3050.449153,4964.45,106.92,-11.82,20.55
20.61,20.56,-10.82,100.59,4754.88,-13.7420252,177.2509553,3983.472826,9.027258102,-13.81276142,173.4403068,3004.682662,8.584012074,-15.42133278,203.8415605,3036.562557,8.063885073,-19.96784801,261.3815022,3073.585664,8.942028643,-14.42928021,186.5263703,3051.054388,4965.83,106.8,-11.81,20.56
20.62,20.57,-10.82,100.48,4755.83,-13.73098811,176.8548303,3988.576527,9.044530448,-13.80572307,173.201728,3007.676325,8.590286324,-15.41766272,203.7448032,3037.841206,8.068849428,-19.96131289,261.2823747,3074.883009,8.95825862,-14.42168423,186.2921834,3054.079808,4966.8,106.69,-11.8,20.57
20.63,20.58,-10.82,100.37,4756.91,-13.72673713,176.7844646,3989.482676,9.047601088,-13.80317414,173.1593356,3008.208104,8.591401746,-15.41638634,203.727606,3038.068458,8.06973198,-19.95903158,261.2647578,3075.113597,8.961143949,-14.41894335,186.2505721,3054.617267,4966.8,106.57,-11.79,20.58
20.64,20.59,-10.82,100.26,4758.66,-13.72405342,176.6965348,3990.614826,9.051439387,-13.80184718,173.1063553,3008.872633,8.592796024,-15.41569221,203.7061113,3038.352496,8.07083517,-19.95779565,261.2427393,3075.401809,8.96475061,-14.41751102,186.1985683,3055.288909,4968.18,106.45,-11.78,20.59
20.65,20.6,-10.81,100.16,4759.47,-13.7188445,176.6433733,3991.299251,9.058369525,-13.7909277,173.0107066,3010.072284,8.595333241,-15.40999616,203.6669983,3038.869342,8.072842708,-19.94764842,261.2026733,3075.926263,8.971183633,-14.40587834,186.1058201,3056.486729,4970.53,106.33,-11.76,20.6
20.66,20.61,-10.81,100.05,4760.14,-13.71361654,176.6168026,3991.641245,9.061834593,-13.78852979,172.9629201,3010.671364,8.596601849,-15.40873642,203.6474491,3039.127654,8.073846476,-19.9454076,261.1826504,3076.1884,8.974400144,-14.40332269,186.0594834,3057.084968,4970.53,106.21,-11.75,20.61
20.67,20.62,-10.81,99.94,4761.22,-13.67694772,176.4839998,3993.350961,9.079159937,-13.78151126,172.7240291,3013.665938,8.60294489,-15.40503561,203.5497108,3040.419088,8.07886532,-19.93882453,261.0825475,3077.498984,8.9904827,-14.39583931,185.8278412,3060.075419,4971.36,106.1,-11.74,20.62
20.68,20.63,-10.81,99.83,4761.76,-13.71734763,176.4604536,3993.654776,9.082239998,-13.7789691,172.6815812,3014.197878,8.604072542,-15.4037482,203.5323393,3040.648612,8.079757559,-19.93652591,261.0647573,3077.731925,8.993341821,-14.39313897,185.7866817,3060.606668,4972.74,105.98,-11.73,20.63
20.69,20.64,-10.81,99.72,4761.76,-13.71099707,176.4308493,3994.034486,9.086090074,-13.77764595,172.6285315,3014.862606,8.605482106,-15.40304823,203.5106268,3040.935488,8.080872858,-19.93528089,261.0425222,3078.023077,8.996915722,-14.39153478,185.7352421,3061.270559,4974.53,105.86,-11.71,20.64
20.7,20.65,-10.81,99.62,4762.98,-13.70510624,176.3782166,3994.711756,9.093041021,-13.76675762,172.5327638,3016.062538,8.608047135,-15.39730418,203.4711175,3041.457499,8.082902427,-19.92505874,261.0020622,3078.552881,8.999046394,-14.38789544,185.7045784,3061.666294,4975.36,105.74,-11.7,20.65
20.71,20.66,-10.8,99.51,4765.55,-13.70368028,176.3519115,3995.050164,9.096516494,-13.7643666,172.4849178,3016.661755,8.609329649,-15.39603388,203.4513702,3041.71839,8.083917212,-19.9228015,260.9818425,3078.81769,9.00011173,-14.38704709,185.6892505,3061.864091,4976.19,105.63,-11.69,20.66
20.72,20.67,-10.8,99.4,4766.09,-13.69905154,176.2203997,3996.741951,9.113893861,-13.75736835,172.2457294,3019.657013,8.615742221,-15.39230215,203.3526421,3043.02272,8.088991135,-19.91617033,260.8807558,3080.141636,9.005438409,-14.3845535,185.6126153,3062.852994,4977.16,105.51,-11.67,20.67
20.73,20.68,-10.8,99.29,4767.3,-13.69852939,176.1970277,3997.042582,9.116983171,-13.75483312,172.2032286,3020.189072,8.616882234,-15.39100367,203.3350947,3043.254535,8.089893166,-19.91385433,260.8627908,3080.376951,9.006385375,-14.38369066,185.5989936,3063.028757,4977.85,105.39,-11.66,20.68
20.74,20.69,-10.8,99.18,4767.71,-13.69776398,176.167812,3997.418312,9.120844808,-13.75351385,172.1501129,3020.853949,8.61830725,-15.39029783,203.3131623,3043.544275,8.091020705,-19.91260019,260.8403372,3080.67107,9.007569081,-14.38321941,185.5819676,3063.248441,4977.85,105.28,-11.65,20.69
20.75,20.7,-10.79,99.08,4768.25,-13.69169793,176.1146544,3998.101975,9.127816277,-13.7426572,172.0542307,3022.054088,8.62090039,-15.38450552,203.2732531,3044.071494,8.093072545,-19.90230288,260.7994797,3081.206273,9.009722507,-14.37935421,185.5509944,3063.648078,4979.92,105.16,-11.64,20.7
20.76,20.71,-10.79,98.97,4770,-13.69030331,176.0880874,3998.443574,9.131302012,-13.74027319,172.0063274,3022.653406,8.62219696,-15.38322461,203.253306,3044.334988,8.094098464,-19.90002916,260.7790616,3081.47378,9.01079922,-14.37849855,185.5355119,3063.847822,4981.58,105.04,-11.62,20.71
20.77,20.72,-10.79,98.86,4770.81,-13.68593957,175.9552658,4000.151315,9.148730684,-13.73329554,171.7668527,3025.649163,8.62867981,-15.37946181,203.1535788,3045.652325,8.099228064,-19.89334975,260.6769824,3082.81121,9.016182786,-14.37598394,185.4581043,3064.846456,4982.41,104.93,-11.61,20.72
20.78,20.73,-10.79,98.75,4771.63,-13.68498429,175.9316606,4000.454779,9.151829115,-13.73076737,171.724301,3026.181309,8.629832317,-15.37815218,203.1358539,3045.886451,8.100139993,-19.89101631,260.6588411,3083.048921,9.017139865,-14.37511286,185.4443454,3065.023948,4984.21,104.81,-11.6,20.73
20.79,20.74,-10.78,98.64,4772.71,-13.68425389,175.9021551,4000.834049,9.155702153,-13.72945205,171.6711217,3026.846294,8.63127295,-15.37744044,203.1136997,3046.179079,8.101279904,-19.88975301,260.6361671,3083.346036,9.018336212,-14.37463745,185.4271478,3065.245793,4985.18,104.69,-11.59,20.74
20.8,20.75,-10.78,98.53,4772.71,-13.67811254,175.848467,4001.524175,9.162693812,-13.71862766,171.57513,3028.04656,8.633894503,-15.37159962,203.0733869,3046.711552,8.103354256,-19.87938031,260.5949088,3083.886687,9.020511425,-14.37074075,185.3958799,3065.649137,4986.01,104.58,-11.57,20.75
20.81,20.76,-10.78,98.43,4774.87,-13.67677185,175.821635,4001.869,9.166189641,-13.71625077,171.527172,3028.645938,8.63520528,-15.37030805,203.0532382,3046.97767,8.104391431,-19.87709006,260.5742904,3084.156916,9.021599031,-14.3698781,185.3802502,3065.850732,4987.11,104.46,-11.56,20.76
20.82,20.77,-10.78,98.32,4775.55,-13.67277577,175.6874882,4003.592866,9.183668789,-13.70929412,171.2874237,3031.641993,8.641759163,-15.36651403,202.952503,3048.308127,8.10957731,-19.87036227,260.4712102,3085.507956,9.027037063,-14.36734302,185.3021063,3066.858623,4987.94,104.35,-11.55,20.77
20.83,20.78,-10.77,98.21,4777.71,-13.67137631,175.6636469,4003.899194,9.186776193,-13.70677314,171.2448234,3032.174191,8.642924297,-15.36519319,202.9345989,3048.544584,8.110499244,-19.86801132,260.452891,3085.748085,9.028003824,-14.36646488,185.2882165,3067.037759,4988.91,104.23,-11.53,20.78
20.84,20.79,-10.77,98.1,4777.84,-13.67067892,175.6338481,4004.282044,9.190660448,-13.70546183,171.1915832,3032.839239,8.644380716,-15.36447553,202.9122208,3048.840125,8.111651661,-19.86673883,260.4299949,3086.048221,9.029212276,-14.36598552,185.2708554,3067.26166,4989.05,104.12,-11.52,20.79
20.85,20.8,-10.77,97.99,4777.57,-13.66455042,175.5796276,4004.978641,9.197671977,-13.69467025,171.0954869,3034.039554,8.647030986,-15.35858595,202.8715008,3049.377897,8.113748768,-19.8562905,260.3883322,3086.594371,9.031410091,-14.36205598,185.2392816,3067.668852,4989.05,104,-11.51,20.8
20.86,20.81,-10.76,97.89,4780.14,-13.6632653,175.5525295,4005.326697,9.201177742,-13.69230061,171.0474767,3034.638954,8.648356121,-15.35728367,202.8511486,3049.646662,8.114797321,-19.85398368,260.3675118,3086.867347,9.032508998,-14.36118603,185.223499,3067.872369,4990.43,103.89,-11.5,20.81
20.87,20.82,-10.76,97.78,4781.23,-13.65961753,175.4170518,4007.066713,9.218706566,-13.6853653,170.8074667,3037.635113,8.654981798,-15.35345826,202.7493962,3050.990351,8.120040086,-19.84720736,260.263422,3088.23212,9.038003536,-14.35862934,185.144591,3068.88987,4992.65,103.77,-11.48,20.82
20.88,20.83,-10.76,97.67,4781.5,-13.65787664,175.3929733,4007.375909,9.221822802,-13.68285165,170.7648199,3038.167328,8.656159696,-15.35212615,202.7313114,3051.229159,8.120972134,-19.84483885,260.2449235,3088.47469,9.038980342,-14.35774408,185.1305653,3069.070714,4994.03,103.66,-11.47,20.83
20.89,20.84,-10.75,97.56,4783.12,-13.65720033,175.3628798,4007.762342,9.225718096,-13.6815444,170.7115216,3038.832396,8.657632068,-15.35140254,202.7087074,3051.527638,8.122137193,-19.84355715,260.2218032,3088.777877,9.040201351,-14.35726066,185.1130344,3069.296749,4994.86,103.54,-11.46,20.84
20.9,20.85,-10.75,97.45,4783.53,-13.65113972,175.3081227,4008.46544,9.232749092,-13.6707863,170.6153267,3040.032668,8.660311363,-15.34546397,202.6675764,3052.070754,8.1242573,-19.83303297,260.1797327,3089.329575,9.042423114,-14.35329601,185.081136,3069.708026,4996.52,103.43,-11.45,20.85
20.91,20.86,-10.75,97.35,4783.53,-13.64989398,175.2807564,4008.816742,9.236264591,-13.66842406,170.5672671,3040.632044,8.661651011,-15.34415092,202.6470189,3052.342189,8.125317353,-19.83070953,260.1587086,3089.605323,9.043533996,-14.3524183,185.0651912,3069.913585,4996.66,103.31,-11.44,20.86
20.92,20.87,-10.74,97.24,4784.74,-13.64647898,175.1439371,4010.572978,9.253842081,-13.66151053,170.3270105,3043.628079,8.668349249,-15.34029399,202.5442401,3053.699222,8.13061762,-19.82388455,260.0536006,3090.983956,9.049088405,-14.34983868,184.985472,3070.941291,4997.49,103.2,-11.42,20.87
20.93,20.88,-10.74,97.13,4787.05,-13.64456669,175.1196197,4010.885055,9.256966968,-13.65900435,170.2843198,3044.160269,8.669540046,-15.33895054,202.525973,3053.940401,8.13155989,-19.8214984,260.0349211,3091.228988,9.050075856,-14.34894563,184.9713022,3071.123949,4998.88,103.09,-11.41,20.88
20.94,20.89,-10.73,97.02,4788.13,-13.64389445,175.0892286,4011.275088,9.260873077,-13.65770125,170.2309667,3044.825307,8.671028544,-15.33822094,202.503141,3054.241843,8.132737727,-19.82020747,260.0115747,3091.535252,9.051310169,-14.34845791,184.9535912,3071.35225,5000.13,102.97,-11.4,20.89
20.95,20.9,-10.73,96.92,4788.67,-13.63791524,175.0339289,4011.984738,9.267922912,-13.64697762,170.1346822,3046.025407,8.673737174,-15.33223314,202.4615954,3054.790349,8.134881083,-19.80960721,259.9690929,3092.09255,9.053555855,-14.34445842,184.921369,3071.767598,5000.82,102.86,-11.39,20.9
20.96,20.91,-10.73,96.81,4789.48,-13.63668247,175.0062911,4012.33931,9.271447829,-13.644623,170.0865777,3046.624694,8.675091488,-15.33090927,202.4408308,3055.064475,8.135952761,-19.8072671,259.9478634,3092.371096,9.054678698,-14.34357303,184.9052624,3071.97519,5000.82,102.75,-11.38,20.91
20.97,20.92,-10.72,96.7,4790.16,-13.6333365,174.8681149,4014.111895,9.289072414,-13.63773186,169.8460969,3049.620282,8.681863063,-15.32702066,202.3370164,3056.434967,8.14131115,-19.80039333,259.8417284,3093.763714,9.060292915,-14.34097087,184.8247345,3073.013062,5002.48,102.63,-11.36,20.92
20.98,20.93,-10.72,96.59,4790.57,-13.6314331,174.8435563,4014.426875,9.292205674,-13.63523341,169.8033663,3050.152392,8.683066898,-15.32566583,202.3185652,3056.678537,8.142263752,-19.79798949,259.8228665,3094.011231,9.061290998,-14.34006986,184.810421,3073.197526,5004,102.52,-11.35,20.93
20.99,20.94,-10.71,96.49,4792.46,-13.63074846,174.8128636,4014.820536,9.296122248,-13.63393457,169.7499633,3050.817328,8.684571693,-15.32493021,202.2955032,3056.982967,8.143454506,-19.7966893,259.799292,3094.320601,9.062538601,-14.33957789,184.7925303,3073.428084,5005.53,102.4,-11.34,20.94
21,20.95,-10.71,96.38,4793.68,-13.62482702,174.7570135,4015.536807,9.303189986,-13.62324684,169.6536023,3052.017076,8.68730997,-15.31889294,202.2535393,3057.536908,8.14562136,-19.78601274,259.7563955,3094.883548,9.064808648,-14.33554303,184.7599788,3073.847572,5006.08,102.29,-11.33,20.95
21.01,20.96,-10.71,96.27,4794.09,-13.62357969,174.7291006,4015.894686,9.306723855,-13.62090013,169.6054595,3052.616184,8.688679108,-15.3175582,202.2325656,3057.813749,8.146704788,-19.78365592,259.7349587,3095.164918,9.065943672,-14.33464987,184.7437076,3074.057233,5007.05,102.18,-11.32,20.96
21.02,20.97,-10.7,96.17,4794.09,-13.62014395,174.5895488,4017.683792,9.3243932,-13.61403232,169.3647871,3055.610877,8.695524801,-15.31363777,202.1277063,3059.197813,8.152121925,-19.77673323,259.627788,3096.571647,9.07161879,-14.33202495,184.6623568,3075.105445,5008.16,102.07,-11.31,20.97
21.03,20.98,-10.7,96.06,4795.71,-13.61838959,174.5647458,4018.001706,9.327534417,-13.61154193,169.3220225,3056.142826,8.696741813,-15.31227148,202.1090695,3059.443794,8.153084972,-19.77431165,259.608742,3096.821672,9.0726277,-14.33111573,184.6478971,3075.291745,5009,101.95,-11.3,20.98
21.04,20.99,-10.69,95.95,4796.66,-13.61768114,174.5337473,4018.399034,9.331460938,-13.61024751,169.2685769,3056.807561,8.698263079,-15.31152983,202.0857755,3059.751237,8.15428878,-19.77300217,259.5849376,3097.134176,9.073888837,-14.33061945,184.6298236,3075.5246,5009.69,101.84,-11.29,20.99
21.05,21,-10.69,95.84,4797.48,-13.61177034,174.4773385,4019.122008,9.338546647,-13.59959558,169.1721387,3058.006949,8.701031319,-15.30544285,202.0433895,3060.310659,8.156479387,-19.76224911,259.5416228,3097.702825,9.076183716,-14.32654864,184.5969366,3075.948303,5010.8,101.73,-11.28,21
21.06,21.01,-10.68,95.74,4798.56,-13.61048771,174.4491464,4019.483232,9.342089501,-13.59725677,169.1239573,3058.605874,8.702415439,-15.30409719,202.0222049,3060.590238,8.15757469,-19.75987553,259.5199771,3097.987043,9.077331156,-14.32564757,184.5804977,3076.16007,5012.19,101.62,-11.26,21.01
21.07,21.02,-10.68,95.63,4800.19,-13.6068514,174.308199,4021.289061,9.359803775,-13.59041223,168.8830918,3061.599651,8.709336038,-15.38376173,201.9162914,3061.987986,8.163051207,-19.7529038,259.4117618,3099.408012,9.083068354,-14.32299952,184.4983086,3077.218809,5012.19,101.5,-11.25,21.02
21.08,21.03,-10.67,95.52,4800.59,-13.60531487,174.2831484,4021.609945,9.362952979,-13.58792986,168.8402928,3062.131435,8.710566367,-15.2307387,201.8973643,3062.236399,8.16402481,-19.75046441,259.3925303,3099.660567,9.084088301,-14.32208196,184.4836999,3077.40698,5014.27,101.39,-11.24,21.03
21.09,21.04,-10.67,95.42,4801.54,-13.60457865,174.2518393,4022.010984,9.366889484,-13.58663984,168.7868043,3062.795964,8.712104278,-15.27249494,201.8741016,3062.546881,8.165241814,-19.74914562,259.368494,3099.976234,9.085363234,-14.32158129,184.4654403,3077.642172,5015.79,101.28,-11.23,21.04
21.1,21.05,-10.66,95.31,4803.03,-13.59862581,174.1948659,4022.740718,9.373992325,-13.57602495,168.6903005,3063.994829,8.714902769,-15.26642363,201.8313617,3063.111823,8.167456428,-19.73831586,259.3247573,3100.550635,9.087683193,-14.31457421,184.4322148,3078.070125,5016.76,101.17,-11.22,21.05
21.11,21.06,-10.66,95.2,4803.98,-13.59729858,174.1663916,4023.105317,9.377543745,-13.57369432,168.6420864,3064.593491,8.716302014,-15.26508146,201.8100002,3063.39416,8.168563736,-19.73592549,259.3029009,3100.837726,9.088843172,-14.31761027,184.4156102,3078.284014,5017.32,101.05,-11.21,21.06
21.12,21.07,-10.65,95.1,4804.66,-13.59342142,174.0240342,4024.928014,9.395300846,-13.56687383,168.4010569,3067.585948,8.72329824,-15.26113941,201.7032023,3064.805695,8.174100271,-19.72890459,259.1936322,3102.273064,9.094643071,-14.3412925,184.3325695,3079.353365,5018.43,100.94,-11.2,21.07
21.13,21.08,-10.65,94.99,4804.66,-13.59209401,173.9987334,4025.251894,9.398457664,-13.56439979,168.3582287,3068.117497,8.724542013,-15.25976501,201.6842209,3065.056557,8.175084544,-19.72644734,259.1742136,3102.528172,9.095674164,-14.31045168,184.3177823,3079.543422,5019.4,100.83,-11.19,21.08
21.14,21.09,-10.64,94.88,4805.48,-13.59133336,173.9671106,4025.656675,9.402403687,-13.56311432,168.3047037,3068.781729,8.72609673,-15.25901922,201.6604963,3065.3701,8.176314885,-19.72511921,259.1499434,3102.847029,9.09696303,-14.31118082,184.2993793,3079.780971,5020.51,100.72,-11.18,21.09
21.15,21.1,-10.64,94.78,4806.83,-13.58529634,173.9095692,4026.393197,9.409500536,-13.55257079,168.2084484,3069.976162,8.728925822,-15.25289819,201.6173271,3065.940616,8.178553764,-19.71421255,259.1057813,3103.427234,9.099308404,-14.30704121,184.2658142,3080.213222,5021.9,100.61,-11.17,21.1
21.16,21.11,-10.63,94.67,4808.05,-13.58392724,173.8808113,4026.761183,9.413048961,-13.55025576,168.1603581,3070.572611,8.730340368,-15.25154509,201.5957512,3066.225736,8.179673204,-19.71180534,259.0837124,3103.717226,9.100481092,-14.30612497,184.2490365,3080.429259,5022.18,100.5,-11.16,21.11
21.17,21.12,-10.63,94.56,4808.73,-13.57983819,173.7370362,4028.600814,9.430791084,-13.54348097,167.9199478,3073.554002,8.737413099,-15.24757107,201.4878812,3067.651188,8.185270401,-19.70473517,258.9733815,3105.16706,9.106344528,-14.3034325,184.1651535,3081.509345,5024.82,100.38,-11.15,21.12
21.18,21.13,-10.62,94.46,4809.68,-13.57865023,173.7114838,4028.927701,9.433945239,-13.54102373,167.8772295,3074.083584,8.738670473,-15.24618516,201.4687093,3067.904522,8.186265459,-19.70225999,258.9537742,3105.424744,9.107386917,-14.30249916,184.1502437,3081.701309,5024.82,100.27,-11.14,21.13
21.19,21.14,-10.62,94.35,4810.9,-13.57787353,173.6795459,4029.336239,9.437887933,-13.53974679,167.8238419,3074.745361,8.740242191,-15.24543329,201.4447466,3068.221154,8.18750928,-19.70092251,258.9292682,3105.74682,9.108689902,-14.30199004,184.1316078,3081.941242,5025.23,100.16,-11.13,21.14
21.2,21.15,-10.61,94.25,4812.26,-13.57173051,173.6214325,4030.079589,9.444930895,-13.52934471,167.728482,3075.927338,8.743102208,-15.20924046,201.4011444,3068.79729,8.189772684,-19.68993877,258.884677,3106.332882,9.111061009,-14.29781367,184.0976963,3082.377838,5026.34,100.05,-11.13,21.15
21.21,21.16,-10.61,94.14,4813.07,-13.57033116,173.5923889,4030.450984,9.448452375,-13.5270605,167.6808386,3076.517571,8.744532217,-15.24871139,201.379395,3069.085217,8.190904386,-19.68751468,258.8623939,3106.625799,9.112246562,-14.29688933,184.0807454,3082.596045,5028.29,99.94,-11.12,21.16
21.22,21.17,-10.6,94.03,4813.07,-13.56610695,173.4471862,4032.307649,9.466059779,-13.52037582,167.4426622,3079.4679,8.751682261,-15.51750397,201.2703661,3070.524701,8.196562896,-19.68039511,258.7509919,3108.09026,9.118174329,-14.2941731,183.9959968,3083.686982,5028.29,99.83,-11.11,21.17
21.23,21.18,-10.6,93.93,4814.84,-13.56495913,173.4213804,4032.637561,9.469189985,-13.51795259,167.4003407,3079.991968,8.75295338,-15.20644513,201.2506415,3070.780532,8.197568853,-19.67790197,258.7311942,3108.350543,9.119228154,-14.29323135,183.9809333,3083.880874,5029.82,99.72,-11.1,21.18
21.24,21.19,-10.59,93.82,4814.84,-13.56417629,173.3891253,4033.049879,9.473102741,-13.51669214,167.3474486,3080.646855,8.754542278,-15.21845659,201.2270066,3071.100274,8.198826299,-19.67655511,258.7064504,3108.675867,9.120545436,-14.29271773,183.9621051,3084.123216,5030.1,99.61,-11.09,21.19
21.25,21.2,-10.59,93.72,4816.61,-13.55792801,173.3304348,4033.800113,9.480088832,-13.50643408,167.2530198,3081.815959,8.757433541,-15.21227055,201.183006,3071.682075,8.20111449,-19.6654941,258.6614267,3109.267837,9.122942578,-14.28850432,183.9278434,3084.564199,5032.32,99.5,-11.08,21.2
21.26,21.21,-10.58,93.61,4818.1,-13.55651374,173.3011031,4034.174944,9.483581878,-13.50418125,167.2058412,3082.39977,8.758879173,-15.2109032,201.1610147,3071.972832,8.202258586,-19.66305309,258.6389275,3109.563706,9.124141149,-14.28757182,183.9107176,3084.784598,5033.15,99.38,-11.07,21.21
21.27,21.22,-10.58,93.5,4819.19,-13.55224711,173.1544597,4036.048782,9.501047107,-13.49758887,166.9699876,3085.318,8.76610733,-15.20688754,201.0510679,3073.426458,8.207979063,-19.65588403,258.5264454,3111.042922,9.130134005,-14.28483167,183.8250943,3085.886492,5034.13,99.27,-11.06,21.22
21.28,21.23,-10.58,93.4,4820.27,-13.55104514,173.128398,4036.381744,9.504152036,-13.49519991,166.9280785,3085.836369,8.767392336,-15.20548641,201.031527,3073.684798,8.208996037,-19.65337287,258.5064559,3111.305827,9.131199401,-14.28388142,183.8098752,3086.082331,5035.24,99.16,-11.05,21.23
21.29,21.24,-10.57,93.29,4820.54,-13.55026432,173.0958232,4036.797873,9.508033198,-13.49395599,166.8757019,3086.484136,8.768998593,-15.20472663,201.0071031,3074.007686,8.210267254,-19.65201661,258.4814723,3111.634428,9.132531147,-14.28336327,183.7908528,3086.327106,5035.24,99.05,-11.04,21.24
21.3,21.25,-10.57,93.19,4820.82,-13.54392918,173.0365494,4037.555056,9.515039208,-13.48372797,166.7811631,3087.653269,8.771921436,-15.19849044,200.9626621,3074.595198,8.212580497,-19.64087815,258.4360124,3112.232359,9.13495461,-14.27911258,183.7562376,3086.772516,5034.96,98.94,-11.04,21.25
21.31,21.26,-10.56,93.08,4821.9,-13.54251361,173.0069264,4037.933357,9.518542213,-13.48148183,166.7339295,3088.23709,8.773382858,-15.19711208,200.9404506,3074.888808,8.213737118,-19.63842019,258.4132954,3112.531206,9.136166342,-14.27817187,183.7389351,3086.995127,5037.74,98.83,-11.03,21.26
21.32,21.27,-10.56,92.98,4822.99,-13.53828232,172.8588268,4039.824534,9.536057239,-13.47490997,166.497801,3091.155374,8.780689966,-15.1930642,200.8294037,3076.356696,8.219520225,-19.63120154,258.2997243,3114.025309,9.142225001,-14.27540767,183.6524285,3088.108077,5038.3,98.72,-11.02,21.27
21.33,21.28,-10.55,92.87,4824.89,-13.53696411,172.8325062,4040.160575,9.539171021,-13.47252699,166.4558431,3091.67375,8.781989007,-15.19165144,200.8096673,3076.617569,8.220548333,-19.6286723,258.2795413,3114.290859,9.143302096,-14.27444885,183.6370526,3088.30588,5039.55,98.61,-11.01,21.28
21.34,21.29,-10.55,92.77,4825.98,-13.53618949,172.7996084,4040.580551,9.543063249,-13.47128643,166.4034054,3092.321526,8.783612809,-15.19088553,200.7849991,3076.943624,8.221833468,-19.62730662,258.2543159,3114.622767,9.144648464,-14.27392613,183.6178339,3088.55311,5040.53,98.5,-11,21.29
21.35,21.3,-10.54,92.66,4825.98,-13.52979427,172.739745,4041.344752,9.550005667,-13.4612096,166.3098821,3093.476768,8.786567564,-15.18459898,200.7401138,3077.536894,8.22417203,-19.61609055,258.2084162,3115.22671,9.147098535,-14.26963793,183.5828618,3089.002986,5041.78,98.39,-10.99,21.3
21.36,21.31,-10.54,92.56,4826.66,-13.52838547,172.7098275,4041.726554,9.553476876,-13.45899643,166.2631554,3094.053659,8.788044941,-15.18320957,200.7176804,3077.83338,8.22534131,-19.6136156,258.1854795,3115.528561,9.14832357,-14.26868897,183.565381,3089.227828,5042.47,98.28,-10.99,21.31
21.37,21.32,-10.53,92.45,4828.84,-13.52423139,172.5602555,4043.635236,9.570832922,-13.45252064,166.0295604,3096.937304,8.795431828,-15.17912936,200.6055237,3079.315645,8.231187714,-19.60634726,258.0708104,3117.037683,9.154448746,-14.26590057,183.4779827,3090.351931,5043.87,98.17,-10.98,21.32
21.38,21.33,-10.53,92.34,4829.11,-13.52277966,172.5336731,4043.974385,9.573918441,-13.4501739,165.9880524,3097.449532,8.796745052,-15.17770489,200.5855901,3079.579072,8.232227075,-19.6037999,258.0504323,3117.305901,9.155537667,-14.26493313,183.4624483,3090.551716,5043.87,98.06,-10.97,21.33
21.39,21.34,-10.53,92.24,4829.79,-13.52201086,172.5004486,4044.398245,9.57777534,-13.44895141,165.9361769,3098.089625,8.798386583,-15.17693284,200.5606755,3079.908318,8.233526276,-19.60242478,258.0249631,3117.641143,9.156898817,-14.26440582,183.4430316,3090.801422,5045.4,97.95,-10.96,21.34
21.4,21.35,-10.52,92.13,4830.74,-13.51558094,172.4399918,4045.169492,9.584654502,-13.43902337,165.8436594,3099.231126,8.801373582,-15.17059573,200.515342,3080.507393,8.235890425,-19.59113093,257.97862,3118.251153,9.159375783,-14.26007988,183.4076992,3091.255804,5045.4,97.84,-10.95,21.35
21.41,21.36,-10.52,92.03,4831.56,-13.51418001,172.4097778,4045.554812,9.588094083,-13.43684258,165.7974347,3099.801161,8.802867082,-15.16919522,200.4926847,3080.806778,8.2370725,-19.58863897,257.9554619,3118.556035,9.160614267,-14.2591226,183.3900383,3091.482897,5046.37,97.73,-10.95,21.36
21.42,21.37,-10.51,91.92,4832.37,-13.51010323,172.2587234,4047.481075,9.605291988,-13.43046164,165.5663492,3102.650545,8.810334582,-15.16508254,200.3794088,3082.303534,8.242982874,-19.58132085,257.8396857,3120.080306,9.166806683,-14.25630986,183.3017399,3092.618251,5048.46,97.62,-10.94,21.37
21.43,21.38,-10.51,91.82,4833.05,-13.5085422,172.2318774,4047.823346,9.608349394,-13.42815082,165.5252868,3103.156689,8.811662138,-15.16364632,200.3592763,3082.569536,8.244033607,-19.57875532,257.8191109,3120.351216,9.167907557,-14.25533374,183.2860455,3092.820035,5049.85,97.51,-10.93,21.38
21.44,21.39,-10.51,91.71,4834.82,-13.50777527,172.1983241,4048.251106,9.61217115,-13.42694543,165.4739681,3103.789183,8.813321582,-15.1628681,200.3341131,3082.902,8.245347024,-19.57737075,257.793396,3120.689822,9.16928365,-14.25480181,183.2664288,3093.07224,5049.85,97.41,-10.92,21.39
21.45,21.4,-10.5,91.61,4835.77,-13.50132665,172.137269,4049.029441,9.618987396,-13.41716371,165.3824467,3104.917094,8.816341163,-15.15648024,200.2883276,3083.506925,8.247737033,-19.56599897,257.7466059,3121.305951,9.171787804,-14.25043789,183.2307326,3093.531167,5051.38,97.3,-10.91,21.4
21.46,21.41,-10.5,91.5,4835.77,-13.49992874,172.1067561,4049.418298,9.622395519,-13.41501481,165.3367194,3105.480348,8.817850954,-15.15506859,200.2654445,3083.809232,8.248932038,-19.56348997,257.7232244,3121.61389,9.173039881,-14.24947226,183.21289,3093.76053,5052.22,97.19,-10.91,21.41
21.47,21.42,-10.49,91.4,4837.27,-13.49589557,171.9542073,4051.362239,9.639436134,-13.4087275,165.1081193,3108.295841,8.825399907,-15.15092332,200.1510396,3085.320595,8.254907061,-19.55612197,257.6063321,3123.153443,9.179300268,-14.24663502,183.1236828,3094.907235,5054.03,97.08,-10.9,21.42
21.48,21.43,-10.49,91.29,4838.63,-13.49427512,171.9270956,4051.707649,9.642465577,-13.40645147,165.0674983,3108.795969,8.826741943,-15.14947529,200.1307065,3085.589192,8.255969287,-19.55353823,257.5855591,3123.427069,9.180413225,-14.24565017,183.1078269,3095.111035,5054.87,96.97,-10.89,21.43
21.49,21.44,-10.49,91.19,4839.72,-13.49350453,171.8932105,4052.139331,9.64625238,-13.40526309,165.0167311,3109.420945,8.828419488,-15.14869088,200.1052926,3085.924898,8.25729707,-19.55214418,257.5595963,3123.769068,9.181804422,-14.24511359,183.0880084,3095.36576,5055.29,96.86,-10.88,21.44
21.5,21.45,-10.48,91.08,4840.95,-13.4870407,171.8315515,4052.924802,9.65301182,-13.39561704,164.9261191,3110.536366,8.831471989,-15.14225206,200.0590512,3086.53572,8.259713213,-19.54069434,257.5123555,3124.391369,9.184336059,-14.24071148,183.0519449,3095.829272,5055.42,96.75,-10.88,21.45
21.51,21.46,-10.48,90.98,4840.81,-13.48563775,171.8007368,4053.317221,9.65639154,-13.39349772,164.8808456,3111.093387,8.83299824,-15.14082923,200.0359404,3086.840972,8.260921284,-19.53816826,257.488749,3124.702391,9.185601878,-14.23973743,183.0339188,3096.060926,5055.42,96.64,-10.87,21.46
21.52,21.47,-10.48,90.87,4841.9,-13.48159828,171.6466793,4055.278963,9.67329014,-13.38729701,164.6545143,3113.877732,8.840629493,-15.13665125,199.9203969,3088.367056,8.266961641,-19.53075031,257.3707315,3126.257359,9.191930971,-14.23687555,182.9437941,3097.219079,5056.96,96.54,-10.86,21.47
21.53,21.48,-10.47,90.77,4843.13,-13.47997296,171.6192995,4055.627534,9.676294336,-13.38505343,164.6142962,3114.37233,8.84198616,-15.13519137,199.8998615,3088.638268,8.268035482,-19.52814832,257.3497585,3126.533723,9.193056144,-14.23588191,182.9277752,3097.424914,5059.33,96.43,-10.86,21.48
21.54,21.49,-10.47,90.67,4843.67,-13.47919366,171.5850794,4056.063166,9.68004958,-13.38388087,164.5640324,3114.990397,8.843681994,-15.13440074,199.8741948,3088.977242,8.269377784,-19.52674478,257.323546,3126.879146,9.194462609,-14.23534066,182.907753,3097.682181,5059.75,96.32,-10.85,21.49
21.55,21.5,-10.47,90.56,4844.49,-13.47270718,171.5228101,4056.855831,9.68674676,-13.37437649,164.4743982,3116.092512,8.846767756,-15.12791078,199.8274936,3089.594006,8.271820336,-19.51521673,257.2758509,3127.507672,9.197022027,-14.23090011,182.8713188,3098.150318,5061.14,96.21,-10.84,21.5
21.56,21.51,-10.46,90.46,4845.99,-13.47129122,171.4916904,4057.25184,9.69009535,-13.37228804,164.4296129,3116.642894,8.848310637,-15.12647672,199.804153,3089.902226,8.273041613,-19.51267354,257.2520174,3127.821804,9.198301736,-14.22991761,182.8531074,3098.384282,5062.4,96.1,-10.84,21.51
21.57,21.52,-10.46,90.35,4845.99,-13.46719889,171.3361083,4059.231526,9.706838298,-13.36617761,164.2057213,3119.394058,8.856025041,-15.12226593,199.6874613,3091.443147,8.279147994,-19.50520558,257.1328656,3129.39232,9.204700281,-14.22703095,182.7620566,3099.553985,5062.67,95.99,-10.83,21.52
21.58,21.53,-10.46,90.25,4846.4,-13.4656093,171.3084577,4059.583284,9.709814822,-13.36396802,164.1659366,3119.882765,8.857396491,-15.12079413,199.6667218,3091.716994,8.280233573,-19.50258528,257.1116911,3129.671447,9.2058378,-14.22602846,182.7458731,3099.761871,5064.77,95.89,-10.82,21.53
21.59,21.54,-10.45,90.14,4848.85,-13.46481839,171.2738989,4060.022897,9.713535478,-13.36281206,164.1162142,3120.493471,8.859110803,-15.11999726,199.6408001,3092.059262,8.281590546,-19.50117224,257.0852267,3130.020322,9.207259699,-14.22548251,182.7256451,3100.021703,5064.49,95.78,-10.82,21.54
21.6,21.55,-10.45,90.04,4849.53,-13.45829564,171.2110125,4060.822819,9.720170746,-13.35344703,164.0275484,3121.582426,8.862230169,-15.11345597,199.5936353,3092.682015,8.284059787,-19.48956586,257.0370737,3130.655127,9.209847198,-14.22100331,182.6888367,3100.494505,5065.74,95.67,-10.81,21.55
21.61,21.56,-10.45,89.93,4850.21,-13.45686147,171.1795846,4061.222449,9.72348838,-13.35138894,163.9832466,3122.126242,8.863789852,-15.11201066,199.5700631,3092.993226,8.285294407,-19.48700554,257.0130114,3130.972396,9.211140948,-14.22001229,182.6704383,3100.730799,5066.44,95.56,-10.8,21.56
21.62,21.57,-10.44,89.83,4850.35,-13.45268777,171.0224615,4063.220235,9.740076549,-13.3453673,163.7617715,3124.844589,8.871588266,-15.10776693,199.4522134,3094.549096,8.291467508,-19.47948749,256.8927162,3132.558592,9.217609696,-14.21710071,182.5784526,3101.912151,5066.44,95.45,-10.8,21.57
21.63,21.58,-10.44,89.73,4852.12,-13.45115004,170.9945371,4063.575206,9.743025557,-13.34319114,163.7224159,3125.327469,8.872974651,-15.10628318,199.4312683,3094.8256,8.292564948,-19.47684885,256.8713386,3132.840505,9.218759696,-14.21608932,182.5621029,3102.122107,5067.98,95.35,-10.79,21.58
21.64,21.59,-10.44,89.62,4853.21,-13.45034728,170.959636,4064.018835,9.746711817,-13.34205153,163.6732297,3125.930896,8.874707632,-15.10548005,199.4050894,3095.171187,8.293936749,-19.47542628,256.8446204,3133.192862,9.220197196,-14.21553863,182.5416673,3102.384525,5069.51,95.24,-10.79,21.59
21.65,21.6,-10.44,89.52,4854.03,-13.44377445,170.8961264,4064.826069,9.753285526,-13.33282356,163.585523,3127.006837,8.877860946,-15.09888725,199.3574571,3095.799974,8.296432958,-19.46374146,256.7960056,3133.834,9.22281308,-14.21102055,182.5044811,3102.862033,5070.21,95.13,-10.78,21.6
21.66,21.61,-10.43,89.41,4854.3,-13.44232079,170.8643871,4065.229349,9.75657238,-13.33079535,163.5416999,3127.544158,8.879437604,-15.09743063,199.3336513,3096.114199,8.297681062,-19.46116399,256.7717129,3134.154432,9.224121023,-14.21002098,182.4858939,3103.100677,5070.91,95.02,-10.77,21.61
21.67,21.62,-10.43,89.31,4855.12,-13.43806121,170.7057078,4067.245375,9.773006652,-13.324861,163.322618,3130.230048,8.88732089,-15.09315387,199.2146339,3097.685134,8.303921584,-19.45359578,256.650265,3135.756443,9.230660734,-14.20708433,182.3929645,3104.293779,5072.44,94.91,-10.77,21.62
21.68,21.63,-10.43,89.21,4855.12,-13.43656661,170.677507,4067.603584,9.7759283,-13.32271774,163.2836875,3130.707166,8.888722364,-15.09165811,199.1934813,3097.964314,8.305031011,-19.45093877,256.6286827,3136.041167,9.231823349,-14.20606398,182.3764471,3104.505822,5073,94.81,-10.76,21.63
21.69,21.64,-10.43,89.1,4856.62,-13.43575402,170.6422602,4068.05126,9.779580361,-13.32159425,163.2350325,3131.303394,8.890474205,-15.0908487,199.1670431,3098.313245,8.306417793,-19.44950667,256.6017086,3136.397035,9.233276618,-14.20550854,182.3558019,3104.770849,5074.12,94.7,-10.76,21.64
21.7,21.65,-10.42,89,4858.67,-13.42912183,170.5781224,4068.865849,9.786105203,-13.31248389,163.1481112,3132.368477,8.893661816,-15.08420422,199.1189394,3098.948112,8.308941254,-19.43774329,256.5526285,3137.044559,9.235921194,-14.20095134,182.3182344,3105.253103,5075.51,94.59,-10.75,21.65
21.71,21.66,-10.42,88.89,4858.67,-13.42765098,170.5460693,4069.272799,9.789367624,-13.31048133,163.1046802,3132.90038,8.895255622,-15.08273627,199.0948981,3099.265373,8.310202984,-19.43514865,256.5281033,3137.368182,9.237243482,-14.19994316,182.2994566,3105.494118,5076.63,94.49,-10.75,21.66
21.72,21.67,-10.42,88.79,4859.89,-13.42332154,170.3858215,4071.307169,9.805679729,-13.30462192,162.8875583,3135.559191,8.903224649,-15.07842637,198.9747034,3100.851487,8.316511634,-19.42753023,256.4054938,3138.986142,9.243854923,-14.19698131,182.2055745,3106.699069,5076.91,94.38,-10.74,21.67
21.73,21.68,-10.42,88.68,4860.71,-13.42184465,170.3573422,4071.668635,9.808579659,-13.30250684,162.8489758,3136.031501,8.904641365,-15.07691855,198.9533415,3101.133364,8.317633172,-19.4248548,256.383705,3139.273699,9.24503029,-14.19595195,182.1888879,3106.913218,5076.91,94.27,-10.74,21.68
21.74,21.69,-10.42,88.58,4861.12,-13.42102531,170.321747,4072.12038,9.812204572,-13.30139721,162.8007557,3136.621722,8.90641226,-15.07610284,198.9266419,3101.485664,8.319035095,-19.42341316,256.356473,3139.633109,9.246499499,-14.19539172,182.1680311,3107.180876,5078.73,94.16,-10.73,21.69
21.75,21.7,-10.41,88.48,4862.21,-13.41433108,170.2569755,4072.942373,9.818668492,-13.29241977,162.7147765,3137.674053,8.909634517,-15.06940651,198.8780629,3102.126657,8.321586091,-19.41157113,256.306924,3140.287073,9.249173076,-14.19079519,182.1300786,3107.667917,5079.71,94.06,-10.73,21.7
21.76,21.71,-10.41,88.37,4863.58,-13.41284729,170.2246059,4073.353018,9.821900452,-13.29044618,162.671816,3138.199594,8.911245645,-15.06792719,198.8537841,3102.446977,8.322861589,-19.4089593,256.2821645,3140.613913,9.250509865,-14.18977836,182.1111085,3107.911323,5080.82,93.95,-10.72,21.71
21.77,21.72,-10.41,88.27,4864.53,-13.40847457,170.062776,4075.405852,9.838060252,-13.28467131,162.457045,3140.826604,8.919301287,-15.06358406,198.7324023,3104.048384,8.329239079,-19.40129062,256.1583841,3142.247956,9.257193808,-14.18679116,182.0162648,3109.128226,5081.52,93.84,-10.72,21.72
21.78,21.73,-10.41,88.16,4864.94,-13.40698551,170.0340156,4075.770598,9.840933105,-13.28258816,162.4188801,3141.293267,8.920733401,-15.06206413,198.7108295,3104.332976,8.330372855,-19.39859674,256.1363874,3142.53837,9.258382065,-14.18575273,181.9994073,3109.344498,5082.22,93.74,-10.71,21.73
21.79,21.74,-10.4,88.06,4864.94,-13.40616223,169.9980691,4076.226439,9.844524172,-13.28149428,162.3711818,3141.876434,8.922523544,-15.0612421,198.6838664,3104.688672,8.331790075,-19.39714555,256.1088954,3142.901351,9.259867386,-14.18518769,181.9783369,3109.61481,5083.62,93.63,-10.71,21.74
21.8,21.75,-10.4,87.96,4865.9,-13.39940928,169.932658,4077.05589,9.85092753,-13.2726476,162.2861356,3142.916155,8.925780797,-15.05449377,198.6348081,3105.335836,8.334368894,-19.38522478,256.0588737,3143.56181,9.262570277,-14.18055161,181.9399959,3110.106677,5084.46,93.52,-10.7,21.75
21.81,21.76,-10.4,87.85,4867.67,-13.39791681,169.8999689,4077.470256,9.854129209,-13.27070252,162.2436409,3143.435402,8.927409423,-15.05300304,198.6102899,3105.659238,8.335658304,-19.38259573,256.0338782,3143.891894,9.263921723,-14.17952607,181.9208317,3110.352495,5085.3,93.41,-10.7,21.76
21.82,21.77,-10.4,87.75,4867.95,-13.39352629,169.7365418,4079.541691,9.870137603,-13.26501085,162.0311982,3146.030964,8.935552557,-15.04862658,198.4877113,3107.276049,8.342105352,-19.37487676,255.9089176,3145.542154,9.270678951,-14.17651339,181.8250174,3111.581452,5086.27,93.31,-10.7,21.77
21.83,21.78,-10.4,87.64,4869.59,-13.39200212,169.7074977,4079.909739,9.87298354,-13.2629591,161.9934468,3146.492044,8.937000225,-15.04709451,198.4659259,3107.563378,8.343251493,-19.37216439,255.8867113,3145.83545,9.271880236,-14.17546584,181.8079873,3111.799865,5087.11,93.2,-10.69,21.78
21.84,21.79,-10.39,87.54,4870.13,-13.3911765,169.6711966,4080.369706,9.876540961,-13.2618807,161.9462652,3147.068234,8.93880981,-15.04626614,198.438697,3107.922494,8.344684171,-19.37070364,255.8589573,3146.202032,9.273381842,-14.17489596,181.7867014,3112.072853,5087.11,93.09,-10.69,21.79
21.85,21.8,-10.39,87.44,4871.64,-13.3843716,169.6051403,4081.206665,9.882920356,-13.25311288,161.8616625,3148.101353,8.942102413,-15.03946565,198.3891556,3108.575873,8.347291101,-19.35870405,255.8084593,3146.869039,9.276114363,-14.1702201,181.7479682,3112.569589,5087.81,92.99,-10.68,21.8
21.86,21.81,-10.39,87.33,4872.32,-13.38287321,169.5721289,4081.624777,9.886110053,-13.25118503,161.819389,3148.617306,8.943748714,-15.03796349,198.3643961,3108.90238,8.348594567,-19.35605778,255.7832259,3147.202394,9.277480623,-14.16918581,181.728608,3112.817838,5090.33,92.88,-10.68,21.81
21.87,21.82,-10.39,87.23,4872.87,-13.37848036,169.4070904,4083.714935,9.90205854,-13.24554374,161.6080527,3151.196396,8.951980221,-15.03355361,198.240611,3110.534708,8.355111893,-19.34828847,255.6570761,3148.869006,9.284311925,-14.16614752,181.631814,3114.05895,5090.75,92.77,-10.68,21.82
21.88,21.83,-10.39,87.12,4874.51,-13.37691179,169.3777599,4084.086307,9.904893827,-13.24351074,161.5704978,3151.654551,8.9534436,-15.03200934,198.2186112,3110.824794,8.356270529,-19.34555759,255.6346585,3149.165207,9.285526378,-14.16509078,181.6146099,3114.279524,5091.45,92.67,-10.67,21.83
21.89,21.84,-10.39,87.02,4874.37,-13.37608385,169.3411011,4084.550427,9.908437935,-13.24244168,161.5235617,3152.227087,8.955272824,-15.03117462,198.1911144,3111.187354,8.357718824,-19.34408727,255.6066405,3149.53542,9.287044445,-14.16451603,181.5931063,3114.55521,5092.57,92.56,-10.67,21.84
21.9,21.85,-10.38,86.92,4874.37,-13.36923402,169.2743944,4085.394934,9.914855672,-13.23366672,161.4385751,3153.263702,8.958601131,-15.02432182,198.141086,3111.846995,8.360354157,-19.3320088,255.5556624,3150.209029,9.289806914,-14.15980018,181.5539773,3115.056855,5094.11,92.45,-10.67,21.85
21.91,21.86,-10.38,86.81,4875.46,-13.36773024,169.2410581,4085.816813,9.918064541,-13.2317374,161.3961101,3153.781397,8.960265284,-15.0228082,198.1160832,3112.176628,8.361671824,-19.32934529,255.5301893,3150.545682,9.291188148,-14.1587571,181.5344193,3115.307556,5094.67,92.35,-10.66,21.86
21.92,21.87,-10.38,86.71,4877.1,-13.36333713,169.0743954,4087.925794,9.934108884,-13.22609214,161.1838155,3156.36919,8.968586052,-15.01836482,197.9910819,3113.824586,8.368260156,-19.32152561,255.4028411,3152.228781,9.29809432,-14.15569305,181.4366365,3116.560927,5095.65,92.24,-10.66,21.87
21.93,21.88,-10.38,86.6,4878.33,-13.36172889,169.0447762,4088.300508,9.936961211,-13.22405691,161.1460904,3156.828888,8.970065299,-15.01680832,197.9688661,3114.117448,8.369431415,-19.3187762,255.3802106,3152.527911,9.299322084,-14.15462708,181.4192567,3116.783677,5096.63,92.14,-10.65,21.88
21.94,21.89,-10.38,86.5,4879.02,-13.36089742,169.007757,4088.768804,9.940526621,-13.22298703,161.0989415,3157.403351,8.971914358,-15.01596722,197.9410992,3114.483478,8.370895489,-19.3172963,255.3519266,3152.901785,9.300856788,-14.15404744,181.3975335,3117.062085,5097.19,92.03,-10.65,21.89
21.95,21.9,-10.37,86.4,4879.29,-13.35400716,168.9403944,4089.620902,9.946981829,-13.21420662,161.0135844,3158.443278,8.975278725,-15.00906198,197.8905799,3115.149424,8.373559518,-19.30513889,255.3004648,3153.58205,9.303649526,-14.14929138,181.358005,3117.568681,5097.19,91.92,-10.65,21.9
21.96,21.91,-10.37,86.29,4880.66,-13.35249663,168.9067304,4090.046569,9.950209433,-13.21227621,160.9709342,3158.962622,8.976960908,-15.00753687,197.8653319,3115.482206,8.374891532,-19.30245814,255.2747501,3153.922028,9.305045896,-14.14823945,181.3382473,3117.821855,5099.29,91.82,-10.65,21.91
21.97,21.92,-10.37,86.19,4881.75,-13.348094,168.7384299,4092.174482,9.966347453,-13.20662799,160.7577142,3161.558655,8.985371825,-15.00305991,197.7391048,3117.145905,8.381551602,-19.29458807,255.1461943,3155.621748,9.312027741,-14.14514951,181.2394665,3119.087586,5100.27,91.71,-10.64,21.92
21.98,21.93,-10.37,86.09,4882.3,-13.34646003,168.7085196,4092.552557,9.969216434,-13.20459088,160.7198246,3162.019815,8.986867099,-15.00149114,197.7166711,3117.441563,8.382735615,-19.29182009,255.1233493,3155.923831,9.313268958,-14.14407425,181.2219093,3119.312533,5100.97,91.6,-10.64,21.93
21.99,21.94,-10.37,85.98,4883.39,-13.34562329,168.6711367,4093.025052,9.972802661,-13.20352051,160.6724703,3162.596103,8.988736192,-15.00064365,197.688632,3117.811086,8.38421563,-19.29033061,255.0947972,3156.301396,9.314820479,-14.14348969,181.1999645,3119.593685,5101.95,91.5,-10.64,21.94
22,21.95,-10.37,85.88,4884.49,-13.33869351,168.6031124,4093.88479,9.979295541,-13.19473487,160.5867414,3163.63933,8.992136976,-14.99368585,197.6376181,3118.483383,8.386908648,-19.27809422,255.042848,3156.98837,9.317643811,-14.13869321,181.1600328,3120.105272,5102.37,91.39,-10.63,21.95
22.01,21.96,-10.36,85.77,4884.49,-13.33717387,168.5691179,4094.314269,9.982541981,-13.19280342,160.5439055,3164.160317,8.993837368,-14.99214921,197.6121229,3118.819335,8.388255157,-19.27539622,255.0168899,3157.3317,9.319055477,-14.13763239,181.1400736,3120.360939,5103.07,91.28,-10.63,21.96
22.02,21.97,-10.36,85.67,4885.03,-13.3327472,168.3991648,4096.461231,9.998774181,-13.18715243,160.3297573,3166.764561,9.002339327,-14.9876386,197.4846603,3120.498884,8.394987701,-19.26747575,254.8871174,3159.048176,9.326113807,-14.13451643,181.0402856,3121.639134,5105.17,91.18,-10.63,21.97
22.03,21.98,-10.36,85.57,4886.4,-13.33110332,168.368961,4096.842688,10.00165991,-13.18511347,160.2917028,3167.227177,9.003850787,-14.98605751,197.4620071,3120.797358,8.396184598,-19.26468918,254.8640562,3159.353237,9.327368621,-14.13343182,181.0225494,3121.866295,5105.87,91.07,-10.62,21.98
22.04,21.99,-10.36,85.46,4887.63,-13.33025984,168.3312111,4097.319409,10.00526706,-13.18404262,160.2441424,3167.805284,9.005740111,-14.98520363,197.4336936,3121.1704,8.397680719,-19.26319012,254.8352341,3159.734522,9.328937139,-14.13284233,181.0003809,3122.150214,5107.27,90.97,-10.62,21.99
22.05,22,-10.36,85.36,4888.59,-13.32328835,168.2625189,4098.186837,10.01179948,-13.17524973,160.1580187,3168.852066,9.009177671,-14.97819313,197.3821811,3121.84909,8.400403022,-19.25087471,254.7827938,3160.428261,9.331791392,-14.1280052,180.9600422,3122.666835,5107.97,90.86,-10.62,22
22.06,22.01,-10.35,85.26,4889.14,-13.32175741,168.2281907,4098.620153,10.01506569,-13.17331681,160.1149855,3169.374824,9.01089645,-14.97664496,197.3564369,3122.188236,8.401764174,-19.24815946,254.7565904,3160.774969,9.333218519,-14.12693545,180.9398797,3122.925016,5107.97,90.75,-10.62,22.01
22.07,22.02,-10.35,85.15,4890.1,-13.3172936,168.0565697,4100.786292,10.03139674,-13.16766177,159.8998514,3171.987914,9.019490349,-14.97210063,197.2277291,3123.883744,8.408569933,-19.24018858,254.6255921,3162.508336,9.340354152,-14.12379334,180.8390751,3124.215777,5108.39,90.65,-10.61,22.02
22.08,22.03,-10.35,85.05,4890.92,-13.31565113,168.0260695,4101.171154,10.03430004,-13.16562047,159.8616218,3172.452099,9.021018153,-14.97050719,197.2048547,3124.185053,8.409779845,-19.23738341,254.6023132,3162.816397,9.34162271,-14.12269933,180.8211582,3124.445171,5110.92,90.54,-10.61,22.03
22.09,22.04,-10.35,84.95,4891.88,-13.31480022,167.9879493,4101.652128,10.03792916,-13.1645489,159.8138425,3173.032165,9.022927908,-14.96964689,197.1762647,3124.561637,8.411292236,-19.23587476,254.5732188,3163.201432,9.343208406,-14.12210486,180.798764,3124.73188,5111.48,90.43,-10.61,22.04
22.1,22.05,-10.35,84.84,4892.29,-13.30778329,167.9185828,4102.527299,10.04450119,-13.15574921,159.7273247,3174.082466,9.026402603,-14.9625836,197.1242498,3125.246765,8.414044123,-19.22348032,254.5202839,3163.901989,9.346093911,-14.11722689,180.7580146,3125.253576,5112.18,90.33,-10.61,22.05
22.11,22.06,-10.35,84.74,4893.38,-13.30623983,167.8839179,4102.964478,10.0477872,-13.15381491,159.6840947,3174.606977,9.02813995,-14.96102386,197.0982546,3125.589125,8.415420067,-19.22074781,254.4938335,3164.252103,9.347536664,-14.11614816,180.7376469,3125.514291,5113.72,90.22,-10.6,22.06
22.12,22.07,-10.34,84.64,4893.38,-13.301732,167.7106132,4105.149924,10.06421728,-13.14815611,159.4679765,3177.228825,9.036826686,-14.95644575,196.9682921,3127.300701,8.422299784,-19.21272652,254.3616002,3166.002495,9.354750426,-14.11297977,180.6358163,3126.817723,5114,90.12,-10.6,22.07
22.13,22.08,-10.34,84.53,4895.03,-13.30009434,167.6798139,4105.538213,10.06713818,-13.14611255,159.4295721,3177.694562,9.038370994,-14.95483992,196.9451948,3127.604864,8.423522845,-19.20990273,254.3381018,3166.313581,9.356032873,-14.1118763,180.6177172,3127.049367,5114.7,90.01,-10.6,22.08
22.14,22.09,-10.34,84.43,4895.85,-13.29923619,167.6413198,4106.023469,10.07078931,-13.14504034,159.3815743,3178.276567,9.04030138,-14.9539732,196.9163262,3127.985015,8.425051671,-19.2083845,254.3087333,3166.702396,9.357635931,-14.11127685,180.5950951,3127.338889,5115.97,89.9,-10.6,22.09
22.15,22.1,-10.34,84.33,4897.36,-13.29217041,167.5712727,4106.906435,10.07740044,-13.13623503,159.2946706,3179.330261,9.04381357,-14.946857,196.863805,3128.676623,8.427833441,-19.19591101,254.2553,3167.409824,9.360553022,-14.10635782,180.5539312,3127.865702,5115.83,89.8,-10.59,22.1
22.16,22.11,-10.34,84.22,4897.49,-13.29061444,167.5362678,4107.347503,10.08070601,-13.13429963,159.2512479,3179.856461,9.045569664,-14.94528568,196.8375569,3129.022219,8.429224326,-19.19316126,254.2286007,3167.763371,9.362011567,-14.10527006,180.5333564,3128.128973,5117.93,89.69,-10.59,22.11
22.17,22.12,-10.34,84.12,4898.31,-13.28606321,167.3612639,4109.552383,10.09723385,-13.12863782,159.0341663,3182.486748,9.054350138,-14.94067374,196.7063303,3130.74997,8.43617875,-19.18508957,254.0951233,3169.530921,9.369304292,-14.10207526,180.4304906,3129.445178,5117.93,89.59,-10.59,22.12
22.18,22.13,-10.33,84.02,4899.27,-13.28442635,167.3301627,4109.944122,10.10017214,-13.1265923,158.9955906,3182.953982,9.055911111,-14.93905549,196.6830083,3131.057006,8.437415092,-19.18224714,254.071404,3169.845056,9.370600777,-14.10096229,180.4122075,3129.679092,5118.77,89.48,-10.59,22.13
22.19,22.14,-10.33,83.91,4900.78,-13.28356177,167.2912912,4110.433689,10.10384499,-13.12551958,158.9473789,3183.537856,9.057862327,-14.93818233,196.653859,3131.440748,8.43896052,-19.18071932,254.0417594,3170.237681,9.372221382,-14.10035781,180.3893554,3129.97145,5120.04,89.37,-10.59,22.14
22.2,22.15,-10.33,83.81,4900.64,-13.27644527,167.2205576,4111.324499,10.11049475,-13.11670983,158.8600974,3184.594818,9.061412373,-14.93101314,196.6008278,3132.138878,8.441772474,-19.16816681,253.9878241,3170.952034,9.375170394,-14.09539752,180.3477733,3130.50342,5121.16,89.27,-10.58,22.15
22.21,22.16,-10.33,83.71,4901.74,-13.27487774,167.1852097,4111.76948,10.11381963,-13.11477356,158.8164859,3185.122646,9.063187395,-14.92943021,196.5743249,3132.487731,8.44317845,-19.16539981,253.9608741,3171.30904,9.3766449,-14.0943007,180.3269895,3130.769267,5121.44,89.16,-10.58,22.16
22.22,22.17,-10.33,83.6,4903.11,-13.27028924,167.0084912,4113.993916,10.13044404,-13.10910949,158.5984605,3187.761065,9.072062508,-14.92478439,196.4418245,3134.231763,8.450208334,-19.15727774,253.8261435,3173.093883,9.384017428,-14.09107936,180.2230789,3132.09835,5122.56,89.06,-10.58,22.17
22.23,22.18,-10.33,83.5,4903.11,-13.26864505,166.9770854,4114.389127,10.13339949,-13.10706228,158.5597172,3188.229741,9.073640306,-14.9231537,196.4182762,3134.54169,8.451458091,-19.15441667,253.8022016,3173.41109,9.3853281,-14.08995683,180.2046101,3132.334552,5124.25,88.95,-10.58,22.18
22.24,22.19,-10.32,83.4,4903.93,-13.26777498,166.9378332,4114.883031,10.1370938,-13.10598919,158.511296,3188.815416,9.075612554,-14.92227409,196.3888442,3134.929046,8.453020288,-19.15287926,253.7722788,3173.807554,9.38696644,-14.08934732,180.181526,3132.629769,5125.79,88.85,-10.57,22.19
22.25,22.2,-10.32,83.29,4905.99,-13.26060784,166.866407,4115.78173,10.14378171,-13.09717612,158.4236443,3189.875525,9.079200816,-14.91505183,196.3352991,3135.63374,8.455862727,-19.14024775,253.7178379,3174.528886,9.389947712,-14.08434556,180.1395218,3133.166939,5125.51,88.74,-10.57,22.2
22.26,22.21,-10.32,83.19,4906.13,-13.25903004,166.8307132,4116.230647,10.14712567,-13.09523924,158.3798479,3190.40492,9.080994947,-14.91345729,196.3085396,3135.985871,8.457283947,-19.1374635,253.6906354,3174.889378,9.391438348,-14.08323963,180.1185272,3133.435383,5126.49,88.63,-10.57,22.21
22.27,22.22,-10.32,83.09,4906.81,-13.25441212,166.6522653,4118.474754,10.16384544,-13.08957363,158.1608985,3193.051167,9.089965603,-14.90877754,196.1747561,3137.746288,8.464390045,-19.12929109,253.5546427,3176.691646,9.398891528,-14.07999163,180.0135623,3134.777448,5126.77,88.53,-10.57,22.22
22.28,22.23,-10.32,82.98,4907.5,-13.25275258,166.6205523,4118.873456,10.16681785,-13.08752499,158.1219909,3193.521231,9.091560386,-14.90713437,196.1509798,3138.059126,8.465653351,-19.12641136,253.5304765,3177.011949,9.400216537,-14.07885949,179.9949062,3135.015956,5126.77,88.42,-10.57,22.23
22.29,22.24,-10.31,82.88,4908.46,-13.25187768,166.5809162,4119.371723,10.17053335,-13.08645167,158.0733645,3194.108639,9.093553865,-14.9062483,196.1212628,3138.450118,8.467232484,-19.12486438,253.5002735,3177.412282,9.4018728,-14.07824491,179.9715879,3135.314055,5128.46,88.32,-10.56,22.24
22.3,22.25,-10.31,82.78,4909.28,-13.2446614,166.5087916,4120.278355,10.17725891,-13.07763644,157.9853509,3195.17177,9.097180705,-14.89897291,196.0672003,3139.161419,8.470105712,-19.11215389,253.4453234,3178.140646,9.404886674,-14.07320149,179.9291579,3135.856466,5130.15,88.21,-10.56,22.25
22.31,22.26,-10.31,82.67,4910.52,-13.24307431,166.4727489,4120.73123,10.18062169,-13.0756992,157.9413737,3195.70267,9.098994126,-14.89736673,196.0401822,3139.516848,8.471542326,-19.10935242,253.4178666,3178.50465,9.406393611,-14.0720864,179.9079504,3136.127528,5130.71,88.11,-10.56,22.26
22.32,22.27,-10.31,82.57,4910.79,-13.23843293,166.2925572,4122.995115,10.19743557,-13.07003279,157.7215203,3198.356431,9.108061227,-14.89265303,195.9051062,3141.293753,8.478725397,-19.1011297,253.2806028,3180.324476,9.413928297,-14.06881162,179.8019217,3137.482679,5131.83,88,-10.56,22.27
22.33,22.28,-10.31,82.47,4911.75,-13.23675339,166.2605343,4123.397328,10.20042471,-13.06798299,157.6824522,3198.827827,9.109673156,-14.89099735,195.8811003,3141.609519,8.480002387,-19.0982313,253.2562108,3180.647899,9.415267797,-14.06766982,179.7830765,3137.723511,5132.39,87.9,-10.56,22.28
22.34,22.29,-10.31,82.36,4911.75,-13.23587384,166.220511,4123.899981,10.20416113,-13.06690959,157.6336251,3199.416899,9.111688067,-14.89010482,195.8510964,3142.004171,8.481598625,-19.09667475,253.2257257,3181.05213,9.416942171,-14.06705014,179.759522,3138.024515,5133.52,87.79,-10.55,22.29
22.35,22.3,-10.31,82.26,4913.54,-13.22861032,166.1476822,4124.81459,10.21092381,-13.05809335,157.5452578,3200.482925,9.115353847,-14.88277623,195.7965125,3142.722118,8.484502947,-19.08388535,253.1702628,3181.787579,9.419988993,-14.06196487,179.7166622,3138.57221,5134.36,87.69,-10.55,22.3
22.36,22.31,-10.3,82.16,4913.54,-13.22701432,166.1112877,4125.271444,10.21430515,-13.056156,157.5011039,3201.015266,9.117186737,-14.88115841,195.7692341,3143.080866,8.485955108,-19.08106666,253.1425499,3182.155122,9.421512404,-14.06084059,179.6952401,3138.845911,5135.77,87.58,-10.55,22.31
22.37,22.32,-10.3,82.05,4915.18,-13.22235149,165.9293375,4127.555213,10.23121186,-13.05048952,157.2803673,3203.676227,9.126351186,-14.87641074,195.6328564,3144.874359,8.493215912,-19.07279368,253.004006,3183.992638,9.429129458,-14.0575389,179.5881379,3140.214252,5136.61,87.47,-10.55,22.32
22.38,22.33,-10.3,81.95,4915.87,-13.22065177,165.8970021,4127.960957,10.2342175,-13.04843883,157.2411422,3204.148899,9.127980422,-14.87474253,195.6086193,3145.193072,8.494506722,-19.06987662,252.9793867,3184.319203,9.430483601,-14.05638738,179.569102,3140.457427,5137.03,87.37,-10.55,22.33
22.39,22.34,-10.3,81.85,4917.24,-13.21976728,165.8565885,4128.468019,10.23797454,-13.04736548,157.192119,3204.739564,9.130016966,-14.87384353,195.5783263,3145.591405,8.496120234,-19.06831051,252.9486173,3184.727362,9.43217628,-14.0557626,179.5453091,3140.761359,5137.03,87.26,-10.54,22.34
22.4,22.35,-10.3,81.74,4918.34,-13.21245796,165.7830494,4129.390648,10.24477383,-13.03854937,157.1034062,3205.808358,9.133722046,-14.8664617,195.5232175,3146.316039,8.499055954,-19.05544226,252.8926381,3185.469949,9.435256396,-14.05063527,179.5020157,3141.31438,5138.44,87.16,-10.54,22.35
22.41,22.36,-10.3,81.64,4918.75,-13.21085277,165.7463002,4129.851502,10.24817348,-13.03661216,157.0590798,3206.342077,9.135574586,-14.86483223,195.4956768,3146.678126,8.500523814,-19.05260637,252.8646674,3185.841057,9.436796455,-14.04950175,179.4803769,3141.59074,5140.83,87.05,-10.54,22.36
22.42,22.37,-10.29,81.54,4919.3,-13.20616668,165.5625765,4132.155264,10.2651717,-13.03094633,156.8374806,3209.00992,9.144837285,-14.86005055,195.3579883,3148.488306,8.507863115,-19.04428319,252.7248346,3187.696394,9.444496746,-14.04617304,179.3721916,3142.972375,5141.53,86.95,-10.54,22.37
22.43,22.38,-10.29,81.44,4919.71,-13.20445009,165.5299261,4132.564556,10.2681936,-13.02889504,156.7981023,3209.483812,9.146483987,-14.85836979,195.3335182,3148.809983,8.50916788,-19.04134748,252.6999863,3188.026125,9.445865687,-14.04501176,179.3529632,3143.217912,5141.39,86.84,-10.54,22.38
22.44,22.39,-10.29,81.33,4921.22,-13.20356015,165.4891187,4133.076052,10.27197098,-13.02782188,156.7488876,3210.076,9.148542365,-14.85746433,195.3029342,3149.212021,8.510798836,-19.03977181,252.6689308,3188.438241,9.447576863,-14.04438184,179.3289298,3143.524795,5142.8,86.74,-10.53,22.39
22.45,22.4,-10.29,81.23,4921.22,-13.19620549,165.4148633,4134.006745,10.27880635,-13.01900703,156.6598377,3211.147436,9.152287105,-14.85002922,195.2472969,3149.943379,8.513766261,-19.02682479,252.6124317,3189.188017,9.450690625,-14.03921226,179.2851989,3144.083183,5143.64,86.63,-10.53,22.4
22.46,22.41,-10.29,81.13,4921.77,-13.19459049,165.3777563,4134.471622,10.28222403,-13.01707021,156.6153428,3211.682469,9.154159474,-14.8483881,195.2194921,3150.308824,8.515249973,-19.02397174,252.5842014,3189.562717,9.452247506,-14.03806947,179.2633415,3144.362224,5143.92,86.53,-10.53,22.41
22.47,22.42,-10.29,81.02,4923.56,-13.18987724,165.1922438,4136.795487,10.29931244,-13.01140576,156.3929018,3214.356877,9.163521324,-14.84357241,195.0804837,3152.135789,8.522668536,-19.01559842,252.4430708,3191.436005,9.460031911,-14.03471362,179.1540635,3145.757257,5144.77,86.42,-10.53,22.42
22.48,22.43,-10.29,80.92,4924.25,-13.18814825,165.1592756,4137.208347,10.30235038,-13.00935412,156.3533739,3214.831933,9.165185653,-14.84187908,195.0557791,3152.460448,8.523987391,-19.01264405,252.417992,3191.768926,9.461415805,-14.03354253,179.134641,3146.005174,5144.91,86.31,-10.53,22.43
22.49,22.44,-10.29,80.82,4925.35,-13.18725242,165.118071,4137.724301,10.3061478,-13.00828129,156.3039723,3215.425574,9.167266064,-14.84096714,195.024902,3152.866211,8.525635961,-19.01105885,252.3866485,3192.185027,9.463145673,-14.03290745,179.1103648,3146.315032,5146.32,86.21,-10.52,22.44
22.5,22.45,-10.29,80.72,4926.58,-13.17985195,165.0430929,4138.663104,10.31301871,-12.99946882,156.2145936,3216.499524,9.171050822,-14.83347874,194.9687326,3153.604333,8.528635397,-18.99803317,252.329626,3192.942045,9.466293433,-14.02769545,179.0661926,3146.878828,5146.32,86.1,-10.52,22.45
22.51,22.46,-10.28,80.61,4926.99,-13.17822653,165.0056249,4139.132027,10.31645416,-12.99753263,156.1699345,3217.035808,9.172943202,-14.83182596,194.940662,3153.973155,8.530135115,-18.99516296,252.3011343,3193.320361,9.467867314,-14.02654333,179.0441147,3147.16057,5147.44,86,-10.52,22.46
22.52,22.47,-10.28,80.51,4927.96,-13.17348236,164.8183079,4141.476107,10.33363143,-12.99187027,155.9466724,3219.716465,9.182405099,-14.82697627,194.8003248,3155.817,8.537633706,-18.9867396,252.1586974,3195.211731,9.475736715,-14.02316024,178.9337342,3148.569106,5148.85,85.89,-10.52,22.47
22.53,22.48,-10.28,80.41,4928.23,-13.1717444,164.7850191,4141.892556,10.33668517,-12.98981856,155.9069987,3220.192628,9.184087214,-14.82527036,194.7753841,3156.144656,8.538966789,-18.98376659,252.1333865,3195.547863,9.477135719,-14.02197928,178.9141157,3148.819422,5149.84,85.79,-10.52,22.48
22.54,22.49,-10.28,80.31,4929.06,-13.17084247,164.7434139,4142.412993,10.34050234,-12.98874619,155.8574147,3220.787652,9.186189857,-14.82435194,194.7442119,3156.554165,8.540633142,-18.98217186,252.101753,3195.967979,9.478884475,-14.02133902,178.8895948,3149.132277,5151.38,85.68,-10.52,22.49
22.55,22.5,-10.28,80.2,4929.74,-13.16339529,164.6677067,4143.359953,10.34740825,-12.9799372,155.7677155,3221.863989,9.190014993,-14.80399033,194.6875068,3157.299088,8.543664897,-18.96906764,252.0442037,3196.732289,9.48206659,-14.01608441,178.8449772,3149.701524,5150.96,85.58,-10.51,22.5
22.56,22.51,-10.28,80.1,4929.74,-13.16175912,164.6298745,4143.832943,10.35086121,-12.97800188,155.7228964,3222.401461,9.19192756,-14.81977318,194.6591932,3157.671306,8.545180774,-18.96618031,252.0154489,3197.114248,9.483657648,-14.01492294,178.8226768,3149.985988,5152.79,85.47,-10.51,22.51
22.57,22.52,-10.28,80,4930.98,-13.15698209,164.4407371,4146.197354,10.36812599,-12.97234231,155.4988339,3225.088051,9.201490399,-14.93144713,194.5174741,3159.532124,8.552760161,-18.95770699,251.8716969,3199.023826,9.491612935,-14.01151248,178.7111841,3151.408131,5153.5,85.37,-10.51,22.52
22.58,22.53,-10.28,79.9,4932.22,-13.15523623,164.4071248,4146.617411,10.37119529,-12.97029079,155.459018,3225.565265,9.203190459,-14.79742899,194.4920897,3159.862799,8.554107607,-18.95471534,251.8461524,3199.363194,9.493027208,-14.01032162,178.691368,3151.660863,5154.34,85.26,-10.51,22.53
22.59,22.54,-10.28,79.79,4932.22,-13.15432829,164.3651154,4147.142356,10.37503191,-12.96921901,155.4092563,3226.161602,9.205315534,-14.80195795,194.460945,3160.276071,8.555791915,-18.95311111,251.814227,3199.787352,9.49479505,-14.00967615,178.6666,3151.976739,5154.76,85.16,-10.51,22.54
22.6,22.55,-10.28,79.69,4933.73,-13.14683357,164.2886727,4148.097518,10.38197208,-12.96041486,155.3192477,3227.240169,9.209181398,-14.79438357,194.4037227,3161.02783,8.558856295,-18.93992849,251.7561474,3200.559007,9.498011878,-14.00437875,178.6215333,3152.551479,5156.03,85.05,-10.51,22.55
22.61,22.56,-10.28,79.59,4934.42,-13.1451867,164.2504731,4148.574599,10.38544217,-12.95848071,155.2742739,3227.77875,9.21111433,-14.79271202,194.3751261,3161.403461,8.560388485,-18.93702408,251.7271279,3200.944634,9.499620291,-14.00320788,178.5990085,3152.838685,5156.03,84.95,-10.5,22.56
22.62,22.57,-10.28,79.49,4935.66,-13.14037711,164.0594992,4150.959452,10.40279261,-12.95282479,155.0494385,3230.470878,9.22077899,-14.78780764,194.2321596,3163.28134,8.568049436,-18.9285009,251.5820523,3202.872547,9.507662361,-13.99976996,178.4863937,3154.274538,5156.31,84.84,-10.5,22.57
22.63,22.58,-10.28,79.38,4935.8,-13.1386222,164.0255607,4151.383138,10.40587713,-12.95077379,155.0094853,3230.949074,9.222497152,-14.78608127,194.2067518,3163.615042,8.569411382,-18.92549064,251.5562727,3203.215172,9.509092062,-13.99856914,178.4663782,3154.529707,5158.85,84.74,-10.5,22.58
22.64,22.59,-10.28,79.28,4937.45,-13.13770851,163.9831435,4151.912615,10.40973279,-12.94970276,154.9595519,3231.546635,9.224644855,-14.78515243,194.1749958,3164.032104,8.571113816,-18.92387692,251.5240534,3203.643401,9.510879188,-13.99791844,178.441361,3154.848626,5159.56,84.63,-10.5,22.59
22.65,22.6,-10.28,79.18,4937.17,-13.13016589,163.9059589,4152.876023,10.4167069,-12.94090425,154.8692393,3232.62734,9.228551806,-14.77752488,194.1172309,3164.790737,8.574211128,-18.91061606,251.4654403,3204.42245,9.51413109,-13.99257808,178.3958412,3155.428899,5158.71,84.53,-10.5,22.6
22.66,22.61,-10.28,79.08,4938.82,-13.12850862,163.8673888,4153.357217,10.42019395,-12.93897144,154.8241136,3233.166984,9.230505281,-14.77584171,194.0883634,3165.169799,8.575759785,-18.9076946,251.4361542,3204.81177,9.515757041,-13.99139778,178.37309,3155.71887,5160.82,84.42,-10.5,22.61
22.67,22.62,-10.28,78.97,4938.82,-13.12366835,163.6745624,4155.762622,10.43762923,-12.93331969,154.5985191,3235.86442,9.240272659,-14.77090344,193.9440421,3167.064829,8.583503067,-18.89912168,251.2897466,3206.758144,9.523886795,-13.98793229,178.2593433,3157.168537,5162.09,84.32,-10.5,22.62
22.68,22.63,-10.28,78.87,4939.24,-13.12190207,163.6402948,4156.189955,10.44072883,-12.93126938,154.5584309,3236.343556,9.242009081,-14.76916448,193.9183936,3167.401576,8.58487965,-18.89609284,251.2637304,3207.104049,9.525332084,-13.98672146,178.2391267,3157.426159,5161.81,84.21,-10.49,22.63
22.69,22.64,-10.28,78.77,4941.99,-13.12098291,163.5974663,4156.72399,10.44460334,-12.93019921,154.508329,3236.942291,9.24417961,-14.76822919,193.8863368,3167.822445,8.586600379,-18.89446965,251.2312155,3207.536376,9.527138696,-13.98606552,178.2138582,3157.748145,5162.52,84.11,-10.49,22.64
22.7,22.65,-10.28,78.66,4942.13,-13.11339255,163.5195335,4157.695687,10.45161085,-12.92140739,154.4177206,3238.025009,9.248127999,-14.76054852,193.8280261,3168.587984,8.589730932,-18.88113072,251.1720654,3208.322869,9.530426035,-13.98068202,178.1678812,3158.333994,5164.07,84,-10.49,22.65
22.71,22.66,-10.28,78.56,4942.54,-13.11172524,163.4805896,4158.181014,10.4551146,-12.91947616,154.3724471,3238.565654,9.250102194,-14.75885374,193.7988859,3168.970494,8.591296208,-18.87819226,251.1425112,3208.715906,9.532069705,-13.97949226,178.1449016,3158.626749,5165.48,83.9,-10.49,22.66
22.72,22.67,-10.28,78.46,4943.36,-13.10685649,163.285895,4160.607076,10.47263337,-12.91382923,154.1461138,3241.268088,9.259973167,-14.75388162,193.6532017,3170.88276,8.599122588,-18.86956974,250.9947633,3210.680866,9.540288052,-13.97599909,178.0300133,3160.090333,5165.48,83.79,-10.49,22.67
22.73,22.68,-10.28,78.36,4944.05,-13.10507672,163.2512954,4161.038075,10.47574781,-12.91177988,154.1058944,3241.748109,9.261728007,-14.75213007,193.627311,3171.222568,8.600513945,-18.86652233,250.968509,3211.030072,9.541749092,-13.97477821,178.0095938,3160.350428,5166.32,83.69,-10.49,22.68
22.74,22.69,-10.28,78.25,4945.29,-13.10415226,163.2080522,4161.57669,10.47964087,-12.91071069,154.0556285,3242.347949,9.263921556,-14.75118833,193.5949516,3171.647262,8.602253141,-18.8648897,250.9356966,3211.466525,9.543575391,-13.97411701,177.9840717,3160.675503,5167.03,83.58,-10.49,22.69
22.75,22.7,-10.28,78.15,4946.94,-13.09651465,163.1293648,4162.556716,10.48668124,-12.90192659,153.9647323,3243.432557,9.267911732,-14.7434546,193.5360917,3172.41974,8.605417239,-18.8514729,250.8760062,3212.26051,9.546898533,-13.9686902,177.9376338,3161.266969,5168.16,83.48,-10.49,22.7
22.76,22.71,-10.28,78.05,4946.12,-13.09483755,163.090044,4163.046198,10.49020142,-12.89999716,153.9193152,3243.974141,9.26990682,-14.74174822,193.5066772,3172.805715,8.606999288,-18.84851748,250.8461823,3212.65729,9.548560105,-13.96749094,177.9144238,3161.562529,5169.99,83.37,-10.48,22.71
22.77,22.72,-10.28,77.95,4947.63,-13.08994175,162.8934653,4165.493019,10.50780234,-12.89435572,153.6922634,3246.681265,9.27988226,-14.7367423,193.3596218,3174.735296,8.614909534,-18.83984551,250.6970858,3214.640956,9.55686796,-13.96397,177.7983839,3163.040134,5169.85,83.27,-10.48,22.72
22.78,22.73,-10.28,77.84,4947.63,-13.08814751,162.8585311,4165.927703,10.51093139,-12.89230758,153.6519163,3247.162117,9.281655672,-14.73497816,193.3334875,3175.07818,8.6163158,-18.83677956,250.670592,3214.993485,9.558344912,-13.96273902,177.7777598,3163.302719,5170.7,83.17,-10.48,22.73
22.79,22.74,-10.28,77.74,4948.18,-13.08721775,162.8148696,4166.47092,10.5148427,-12.89123948,153.6014909,3247.762994,9.283872436,-14.73402999,193.3008236,3175.506717,8.618073632,-18.83513751,250.6374803,3215.434091,9.560191102,-13.96207254,177.751982,3163.630906,5171.54,83.06,-10.48,22.74
22.8,22.75,-10.28,77.64,4950.11,-13.07953342,162.7354212,4167.459317,10.52191518,-12.88246439,153.5103178,3248.849337,9.287904744,-14.72624326,193.2414115,3176.286166,8.621271582,-18.82164308,250.5772465,3216.235618,9.563550416,-13.95660227,177.705079,3164.228031,5172.11,82.96,-10.48,22.75
22.81,22.76,-10.28,77.53,4950.53,-13.07784658,162.6957204,4167.952973,10.52545142,-12.88053703,153.4647624,3249.391783,9.289920898,-14.72452531,193.2117211,3176.67562,8.622870557,-18.81867075,250.5471511,3216.636164,9.565230073,-13.95539348,177.6816367,3164.526416,5174.08,82.85,-10.48,22.76
22.82,22.77,-10.28,77.43,4950.8,-13.07292395,162.4972417,4170.420654,10.54313262,-12.87490189,153.237019,3252.103212,9.300001667,-14.71948565,193.0632866,3178.622596,8.630865432,-18.80994948,250.3966982,3218.638656,9.573628358,-13.95184467,177.5644353,3166.018145,5173.94,82.75,-10.48,22.77
22.83,22.78,-10.28,77.33,4951.9,-13.07111555,162.4619699,4170.85904,10.54627594,-12.87285526,153.196549,3252.584826,9.301793804,-14.71770893,193.0369072,3178.968569,8.632286743,-18.80686504,250.3699634,3218.99453,9.575121386,-13.95060354,177.5436048,3166.283239,5173.94,82.64,-10.48,22.78
22.84,22.79,-10.29,77.23,4953.15,-13.07018038,162.4178866,4171.406881,10.5502051,-12.87178841,153.14597,3253.186654,9.304033975,-14.71675433,193.0039372,3179.400966,8.634063382,-18.8052136,250.3365506,3219.439316,9.576987672,-13.94993176,177.517569,3166.614561,5176.06,82.54,-10.47,22.79
22.85,22.8,-10.29,77.12,4953.42,-13.06244968,162.3376708,4172.40369,10.55730938,-12.86302305,153.0545252,3254.274646,9.308108756,-14.70891471,192.9439696,3180.187415,8.637295489,-18.79164178,250.2757701,3220.24843,9.580383528,-13.94441788,177.4701971,3167.217385,5177.19,82.43,-10.47,22.8
22.86,22.81,-10.29,77.02,4953.7,-13.06075298,162.2975867,4172.901541,10.56086152,-12.86109791,153.008834,3254.817911,9.310146146,-14.7071852,192.9140018,3180.580364,8.638911542,-18.7886526,250.2454018,3220.652766,9.582081456,-13.94319951,177.4465205,3167.518616,5177.61,82.33,-10.47,22.81
22.87,22.82,-10.29,76.92,4955.63,-13.05580279,162.0971919,4175.390181,10.57862221,-12.85546954,152.7804119,3257.533427,9.320333098,-14.70211187,192.7641804,3182.544807,8.646991808,-18.77988219,250.0935845,3222.674203,9.590571096,-13.93962275,177.3281477,3169.024571,5179.03,82.22,-10.47,22.82
22.88,22.83,-10.29,76.81,4956.04,-13.05398133,162.0615797,4175.832287,10.58177967,-12.85342459,152.7398213,3258.015765,9.322144111,-14.70032257,192.7375547,3182.893883,8.648428299,-18.7767793,250.0666074,3223.033442,9.592080365,-13.93837144,177.3071091,3169.292191,5179.31,82.12,-10.47,22.83
22.89,22.84,-10.29,76.71,4956.04,-13.05304061,162.017071,4176.384775,10.58572649,-12.85235908,152.6890916,3258.618496,9.324407878,-14.69936156,192.7042767,3183.330156,8.650223914,-18.77511851,250.0328917,3223.482433,9.593966952,-13.93769433,177.2808132,3169.626671,5180.02,82.01,-10.47,22.84
22.9,22.85,-10.29,76.61,4956.59,-13.04526362,161.9360813,4177.390036,10.59286204,-12.8436044,152.5973829,3259.708016,9.328525469,-14.69146915,192.6437508,3184.123634,8.65349048,-18.76146956,249.9715615,3224.299182,9.597399722,-13.93213668,177.2329683,3170.235235,5181.43,81.91,-10.47,22.85
22.91,22.86,-10.29,76.51,4957.83,-13.0435569,161.8956106,4177.892102,10.59642982,-12.84168171,152.5515598,3260.25204,9.330584264,-14.68972813,192.6135041,3184.520092,8.655123763,-18.7584636,249.9409188,3224.707331,9.599116108,-13.93090872,177.2090554,3170.539333,5182.13,81.8,-10.47,22.86
22.92,22.87,-10.3,76.4,4959.21,-13.0385781,161.6932834,4180.401802,10.61426869,-12.83606072,152.3224787,3262.971347,9.34087824,-14.68462121,192.4622884,3186.502073,8.663290178,-18.74964425,249.7877294,3226.747827,9.607698034,-13.92730391,177.0895013,3172.059615,5182.56,81.7,-10.47,22.87
22.93,22.88,-10.3,76.3,4959.9,-13.03674472,161.6573279,4180.847645,10.61744005,-12.83401768,152.2817709,3263.454355,9.34270828,-14.68281935,192.4354149,3186.854263,8.664741985,-18.74652295,249.7605085,3227.110452,9.60922371,-13.92604237,177.0682528,3172.329781,5183.69,81.59,-10.46,22.88
22.94,22.89,-10.3,76.2,4960.87,-13.03579838,161.6123901,4181.404802,10.62140424,-12.83295362,152.2308948,3264.057923,9.34499583,-14.68185194,192.4018273,3187.294429,8.666556743,-18.74485285,249.7264883,3227.563675,9.611130805,-13.92535993,177.0416946,3172.66744,5183.69,81.49,-10.46,22.89
22.95,22.9,-10.3,76.1,4960.87,-13.02797497,161.5306199,4182.418556,10.62857033,-12.82421084,152.1389327,3265.148823,9.349156562,-14.67390688,192.3407401,3188.094961,8.669858071,-18.73112707,249.6646054,3228.388103,9.614600865,-13.91975837,176.9933727,3173.281786,5184.4,81.38,-10.46,22.9
22.96,22.91,-10.3,75.99,4962.52,-13.02625815,161.4897593,4182.924856,10.63215337,-12.82229086,152.092983,3265.693532,9.351236928,-14.67215436,192.310213,3188.494941,8.671508734,-18.72810438,249.6336866,3228.800088,9.616335895,-13.91852078,176.9692215,3173.58877,5185.95,81.28,-10.46,22.91
22.97,22.92,-10.3,75.89,4962.66,-13.02125006,161.2854832,4185.455717,10.65006859,-12.81667801,151.8632689,3268.416254,9.361638758,-14.67916655,192.1575957,3190.494526,8.679762052,-18.7192363,249.4791176,3230.859757,9.625011046,-13.91488783,176.8484763,3175.123481,5187.22,81.17,-10.46,22.92
22.98,22.93,-10.3,75.79,4963.21,-13.01940533,161.2491814,4185.905315,10.65325352,-12.81463717,151.8224487,3268.899867,9.363487972,-14.65531077,192.1304508,3190.849843,8.681229309,-18.71609665,249.4516517,3231.225788,9.626553295,-13.91361602,176.827016,3175.396209,5187.79,81.07,-10.46,22.93
22.99,22.94,-10.31,75.68,4964.45,-13.01845338,161.203811,4186.467162,10.65723468,-12.8135747,151.771432,3269.504189,9.36579949,-14.66051903,192.0966101,3191.293915,8.683063379,-18.71441727,249.4173252,3231.683267,9.628481106,-13.91292823,176.8001933,3175.737072,5188.64,80.97,-10.46,22.94
23,22.95,-10.31,75.58,4964.45,-13.01058343,161.1212535,4187.489449,10.66443079,-12.80484473,151.679224,3270.596353,9.370003679,-14.65253689,192.0349745,3192.101526,8.686399767,-18.70061498,249.3548867,3232.515419,9.631988832,-13.90728262,176.7513905,3176.357238,5188.92,80.86,-10.46,22.95
23.01,22.96,-10.31,75.48,4965.01,-13.0088565,161.0799997,4188.000003,10.66802885,-12.80292766,151.6331515,3271.141689,9.372105774,-14.6507763,192.0041734,3192.505039,8.688067961,-18.69757565,249.3236904,3232.931262,9.633742695,-13.90603537,176.7269991,3176.667129,5190.33,80.76,-10.46,22.96
23.02,22.97,-10.31,75.37,4966.25,-13.00381909,160.873758,4190.552122,10.68601913,-12.79732353,151.4028232,3273.867543,9.382616249,-14.64561244,191.8501868,3194.522286,8.696408931,-18.68865906,249.1677345,3235.010213,9.642512011,-13.90237421,176.6050526,3178.21637,5190.9,80.65,-10.46,22.97
23.03,22.98,-10.31,75.27,4967.21,-13.0019629,160.8371071,4191.005492,10.6892174,-12.79528511,151.3618938,3274.351709,9.384484777,-14.64378908,191.8228211,3194.880739,8.69789177,-18.68550111,249.1400222,3235.37967,9.644071001,-13.90109209,176.583379,3178.491679,5191.75,80.55,-10.45,22.98
23.04,22.99,-10.31,75.17,4967.77,-13.00100542,160.7913003,4191.572052,10.69321524,-12.79422435,151.3107407,3274.956721,9.386820438,-14.64281082,191.7886183,3195.32873,8.699745319,-18.68381249,249.1053879,3235.841429,9.646019737,-13.90039893,176.5562895,3178.835766,5193.02,80.44,-10.45,22.99
23.05,23,-10.32,75.06,4968.46,-12.99308889,160.7079489,4192.60291,10.70044088,-12.78550807,151.2182943,3276.050038,9.391068417,-14.63477641,191.7264159,3196.143444,8.703117065,-18.66993404,249.0423908,3236.681349,9.649565508,-13.89470914,176.5070019,3179.461794,5193.02,80.34,-10.45,23
23.06,23.01,-10.32,74.96,4969.56,-12.99135196,160.6662985,4193.117737,10.7040537,-12.78359409,151.1721026,3276.595945,9.393192406,-14.63300442,191.6953318,3196.550504,8.704802938,-18.66687814,249.0109157,3237.10107,9.651338393,-13.89345221,176.4823681,3179.774611,5192.88,80.23,-10.45,23.01
23.07,23.02,-10.32,74.86,4970.25,-12.98628574,160.4580747,4195.69121,10.72211779,-12.77799925,150.9411785,3279.324648,9.403812352,-14.62780736,191.5399301,3198.585473,8.713232303,-18.65791328,248.8535658,3239.199411,9.66020282,-13.88976276,176.3592106,3181.338481,5195,80.13,-10.45,23.02
23.08,23.03,-10.32,74.76,4970.8,-12.9844175,160.4210716,4196.148369,10.72532919,-12.77596347,150.9001433,3279.809318,9.405700342,-14.62597151,191.512313,3198.947074,8.714730856,-18.6547371,248.8256059,3239.572312,9.661778718,-13.88847029,176.3373218,3181.616388,5195.43,80.02,-10.45,23.03
23.09,23.04,-10.32,74.65,4972.05,-12.9834546,160.3748247,4196.719663,10.72934343,-12.7749045,150.8488579,3280.414959,9.40806033,-14.62498693,191.477796,3199.398998,8.716604049,-18.65303929,248.7906622,3240.038375,9.663748591,-13.88777174,176.3099633,3181.963723,5196.42,79.92,-10.45,23.04
23.1,23.05,-10.32,74.55,4973.43,-12.97549162,160.2906727,4197.759129,10.7365981,-12.76620278,150.7561803,3281.509317,9.412352411,-14.61690045,191.4150244,3200.220836,8.720011447,-18.63908505,248.7271038,3240.886104,9.667332786,-13.88203765,176.2601868,3182.595652,5196.98,79.82,-10.45,23.05
23.11,23.06,-10.33,74.45,4973.43,-12.97374481,160.2486225,4198.278249,10.74022543,-12.76429208,150.709873,3282.055739,9.414498451,-14.6151171,191.3836559,3200.631452,8.721715146,-18.63601268,248.6953485,3241.309725,9.669124884,-13.880771,176.2353089,3182.911416,5197.55,79.71,-10.45,23.06
23.12,23.07,-10.33,74.34,4973.43,-12.96865048,160.0383997,4200.873169,10.75836209,-12.75870708,150.4783713,3284.787016,9.425228653,-14.60988698,191.2268327,3202.684197,8.730233642,-18.6269998,248.5365977,3243.42756,9.678085372,-13.8770532,176.1109304,3184.490013,5199.39,79.61,-10.45,23.07
23.13,23.08,-10.33,74.24,4974.95,-12.96676957,160.0010415,4201.334134,10.76158639,-12.75667414,150.4372335,3285.27214,9.427136244,-14.60803869,191.1989631,3203.048954,8.731748041,-18.62380547,248.5083889,3243.803924,9.679678348,-13.87575035,176.0888246,3184.770537,5199.53,79.5,-10.45,23.08
23.14,23.09,-10.33,74.14,4975.36,-12.96580132,159.9543509,4201.910181,10.76561676,-12.75561708,150.3858198,3285.878348,9.429520733,-14.60704781,191.1641305,3203.504822,8.733641041,-18.62209851,248.4731343,3244.274314,9.681669567,-13.87504639,176.061195,3185.12114,5199.67,79.4,-10.45,23.09
23.15,23.1,-10.33,74.03,4975.64,-12.95779212,159.8693915,4202.958293,10.77289996,-12.74693074,150.292918,3286.973639,9.433857222,-14.59890949,191.1007872,3204.333804,8.737084383,-18.60806889,248.409012,3245.129892,9.685292569,-13.86926787,176.0109257,3185.75901,5200.24,79.29,-10.45,23.1
23.16,23.11,-10.33,73.93,4977.71,-12.95603553,159.8269381,4203.481723,10.77654157,-12.74502351,150.2464988,3287.520523,9.436025467,-14.59711483,191.0691332,3204.747985,8.738806054,-18.60498013,248.3769751,3245.557433,9.687104069,-13.86799149,175.9858015,3186.07774,5200.24,79.19,-10.45,23.11
23.17,23.12,-10.34,73.83,4977.43,-12.95091363,159.6146997,4206.098179,10.79474958,-12.73944888,150.0144372,3290.254103,9.446866689,-14.5918518,190.9108826,3206.818551,8.747414409,-18.59591952,248.2168168,3247.694861,9.696161572,-13.86424526,175.8601921,3187.671163,5202.08,79.09,-10.45,23.12
23.18,23.13,-10.34,73.72,4978.68,-12.94901973,159.5769834,4206.562966,10.79798656,-12.73741897,149.9731998,3290.739634,9.448794018,-14.5899911,190.8827593,3207.186473,8.748944783,-18.5927071,248.1883581,3248.074706,9.697771795,-13.86293199,175.8378676,3187.95432,5203.64,78.98,-10.45,23.13
23.19,23.14,-10.34,73.62,4978.95,-12.94804614,159.5298453,4207.143786,10.80203279,-12.73636392,149.9216618,3291.346349,9.451203178,-14.58899395,190.8476098,3207.646296,8.750857751,-18.59099106,248.152791,3248.549446,9.699784574,-13.86222263,175.8099646,3188.308214,5204.49,78.88,-10.45,23.14
23.2,23.15,-10.34,73.51,4979.92,-12.93999099,159.4440719,4208.20058,10.80934396,-12.72769388,149.828544,3292.442453,9.455584373,-14.58080403,190.7836926,3208.482437,8.754337324,-18.5768865,248.0881023,3249.412912,9.703446764,-13.85639957,175.7591985,3188.952063,5205.76,78.77,-10.45,23.15
23.21,23.16,-10.34,73.41,4980.75,-12.93822466,159.4012119,4208.728338,10.81299955,-12.72579032,149.7820168,3292.989739,9.457774971,-14.57899813,190.7517519,3208.900192,8.756077111,-18.57378145,248.0557825,3249.844392,9.705277859,-13.85511343,175.7338262,3189.273779,5206.33,78.67,-10.45,23.16
23.22,23.17,-10.34,73.31,4980.75,-12.93307537,159.1869411,4211.366419,10.83127749,-12.72022663,149.5494155,3295.725322,9.468727959,-14.57370235,190.5920683,3210.98862,8.764776045,-18.56467339,247.8942104,3252.00151,9.714433334,-13.85133871,175.606976,3190.882125,5207.46,78.56,-10.45,23.17
23.23,23.18,-10.35,73.2,4982,-12.93116853,159.1488637,4211.835043,10.8345269,-12.71819999,149.5080823,3296.211206,9.470675157,-14.57182929,190.5636904,3211.359714,8.766322522,-18.56144298,247.8655006,3252.384852,9.716060974,-13.85001498,175.584431,3191.167932,5206.89,78.46,-10.45,23.18
23.24,23.19,-10.35,73.1,4982.83,-12.9301896,159.1012743,4212.420656,10.83858867,-12.71697822,149.4564239,3296.818367,9.473109155,-14.5708259,190.5282228,3211.8235,8.768255618,-18.55971791,247.8296197,3252.863963,9.718095525,-13.84930019,175.5562525,3191.525138,5208.74,78.36,-10.45,23.19
23.25,23.2,-10.35,73,4983.38,-12.9220887,159.0146801,4213.486167,10.84103489,-12.71426207,149.4253153,3297.183966,9.477535345,-14.56258466,190.4637295,3212.666815,8.771771706,-18.54553888,247.7643621,3253.735354,9.721797288,-13.84343249,175.5049857,3192.175006,5209.3,78.25,-10.45,23.2
23.26,23.21,-10.35,72.89,4984.48,-12.92031265,158.9714101,4214.018269,10.84225801,-12.71166969,149.4097643,3297.366683,9.479748441,-14.56076757,190.4315012,3213.088151,8.77352975,-18.54241765,247.7317582,3254.170791,9.723648169,-13.84213658,175.4793632,3192.499726,5209.73,78.15,-10.45,23.21
23.27,23.22,-10.35,72.79,4984.62,-12.9151359,158.7550899,4216.678062,10.84837358,-12.69546772,149.3320253,3298.28017,9.490813918,-14.55543924,190.2703793,3215.194475,8.782319971,-18.53326246,247.5687663,3256.347692,9.732902577,-13.83833331,175.3512624,3194.123091,5209.73,78.04,-10.45,23.22
23.28,23.23,-10.36,72.69,4986.01,-12.9132164,158.7166484,4217.150538,10.84946079,-12.71473509,149.3182226,3298.442519,9.492781114,-14.55355386,190.2417459,3215.568747,8.783882676,-18.53001415,247.5398043,3256.734548,9.734547805,-13.83699909,175.3284952,3194.411566,5211.43,77.94,-10.45,23.23
23.29,23.24,-10.36,72.59,4986.56,-12.91223211,158.6686041,4217.740963,10.8508198,-12.71032104,149.3009209,3298.645432,9.495240109,-14.55254428,190.2059589,3216.036505,8.785836059,-18.52828011,247.5036083,3257.218051,9.73660434,-13.83627887,175.300039,3194.772105,5211.99,77.84,-10.45,23.24
23.3,23.25,-10.36,72.48,4987.67,-12.90408562,158.5811822,4218.815224,10.85324399,-12.70734052,149.2701087,3299.007366,9.499711575,-14.54425201,190.1408877,3216.887004,8.789388941,-18.5140271,247.4377795,3258.097402,9.740346061,-13.83036643,175.2482675,3195.428029,5212.14,77.73,-10.45,23.25
23.31,23.26,-10.36,72.38,4988.22,-12.90229983,158.5374988,4219.351689,10.85445609,-12.70664133,149.2547061,3299.18825,9.501947308,-14.5424238,190.1083707,3217.311927,8.791165382,-18.5108898,247.4048904,3258.536814,9.742216921,-13.82906072,175.2223928,3195.755773,5214.26,77.63,-10.45,23.26
23.32,23.27,-10.36,72.27,4988.5,-12.89709547,158.3191121,4222.033277,10.86051657,-12.7043732,149.1776978,3300.092572,9.513125973,-14.53706312,189.9458058,3219.436177,8.800047587,-18.50168783,247.2404729,3260.733586,9.751571224,-13.82522885,175.0930316,3197.394251,5213.7,77.52,-10.45,23.27
23.33,23.28,-10.37,72.17,4988.5,-12.8951636,158.2803035,4222.50962,10.86159399,-12.70401449,149.1640099,3300.253291,9.515113291,-14.53516548,189.916916,3219.813632,8.801626645,-18.49842172,247.2112577,3261.123971,9.753234211,-13.82388411,175.0700404,3197.68541,5215.68,77.42,-10.45,23.28
23.34,23.29,-10.37,72.07,4989.88,-12.89417395,158.2318005,4223.104875,10.86294076,-12.70367179,149.1468999,3300.45417,9.517597439,-14.53414974,189.8808087,3220.285367,8.803600468,-18.49667877,247.1747453,3261.611884,9.755312945,-13.82315844,175.0413043,3198.049303,5216.53,77.31,-10.45,23.29
23.35,23.3,-10.37,71.96,4990.71,-12.88598199,158.1435439,4224.187921,10.86538978,-12.70064968,149.1157883,3300.819433,9.522114449,-14.52580677,189.8151578,3221.14306,8.807190418,-18.48235234,247.1083431,3262.499229,9.759095009,-13.81720118,174.9890242,3198.711321,5216.53,77.21,-10.45,23.3
23.36,23.31,-10.37,71.86,4991.82,-12.88418648,158.0994437,4224.728765,10.86661429,-12.69999139,149.1002363,3301.00198,9.524372954,-14.52396751,189.7823512,3221.571573,8.808985393,-18.47919909,247.0751678,3262.942633,9.760986041,-13.81588565,174.9628954,3199.042107,5218.8,77.1,-10.45,23.31
23.37,23.32,-10.38,71.76,4991.96,-12.87895448,157.8789733,4227.432231,10.87273684,-12.69802771,149.0224799,3301.914615,9.53566548,-14.5185747,189.6183389,3223.71377,8.817960266,-18.46995069,246.9093193,3265.159358,9.770441202,-13.81202514,174.832264,3200.695792,5218.94,77,-10.45,23.32
23.38,23.33,-10.38,71.65,4993.06,-12.87701036,157.8397945,4227.912455,10.8738253,-12.69732812,149.0086587,3302.076812,9.53767304,-14.51666487,189.589192,3224.094413,8.8195558,-18.46666689,246.8798499,3265.553288,9.77212212,-13.81066986,174.8090471,3200.989652,5218.94,76.89,-10.45,23.33
23.39,23.34,-10.38,71.55,4993.48,-12.8760154,157.7908289,4228.512559,10.87518586,-12.69699327,148.9913831,3302.279536,9.54018249,-14.51564301,189.5527633,3224.570129,8.821550216,-18.4649151,246.8430199,3266.04563,9.774223267,-13.80993873,174.780029,3201.35692,5219.09,76.79,-10.45,23.34
23.4,23.35,-10.38,71.45,4995.14,-12.86777809,157.7017309,4229.604422,10.87766047,-12.69397927,148.959963,3302.648232,9.544745303,-14.50724969,189.4865311,3225.435023,8.825177501,-18.45051581,246.7760424,3266.941001,9.778046061,-13.80393657,174.7272364,3202.025068,5220.22,76.68,-10.45,23.35
23.41,23.36,-10.39,71.34,4993.89,-12.86597291,157.6572103,4230.149661,10.87889778,-12.69334527,148.9442567,3302.832492,9.547026709,-14.50539947,189.4534342,3225.86713,8.826991144,-18.44734674,246.7425797,3267.388412,9.779957458,-13.8026112,174.7008516,3202.358915,5220.79,76.58,-10.45,23.36
23.42,23.37,-10.39,71.24,4996.66,-12.86071342,157.434639,4232.875085,10.8850843,-12.69155568,148.865729,3303.753697,9.558433741,-14.49997478,189.2879706,3228.027288,8.836059357,-18.43805229,246.5752952,3269.625169,9.789514444,-13.79872201,174.5689403,3204.027899,5222.21,76.47,-10.45,23.37
23.43,23.38,-10.39,71.13,4996.25,-12.85875699,157.3950869,4233.359205,10.88618413,-12.69069359,148.8517705,3303.917416,9.560461658,-14.49805282,189.2585659,3228.41112,8.837671484,-18.43475092,246.5455708,3270.022657,9.791213463,-13.79735615,174.545496,3204.324476,5224.19,76.37,-10.45,23.38
23.44,23.39,-10.39,71.03,4996.25,-12.85775675,157.3456549,4233.964174,10.88755891,-12.69035577,148.8343238,3304.122042,9.562996554,-14.49702489,189.221815,3228.890822,8.839686642,-18.43299037,246.5084221,3270.519446,9.793337238,-13.79661955,174.5161936,3204.695139,5223.77,76.27,-10.45,23.39
23.45,23.4,-10.4,70.92,4998.05,-12.84947427,157.2557083,4235.064887,10.89006003,-12.68736517,148.8025838,3304.494294,9.567605415,-14.48858161,189.1550002,3229.762919,8.843351525,-18.41851883,246.4408673,3271.42287,9.797201148,-13.79057242,174.4628847,3205.369453,5224.19,76.16,-10.45,23.4
23.46,23.41,-10.4,70.82,4998.05,-12.84765948,157.2107641,4235.614535,10.89131059,-12.68673818,148.7867175,3304.68033,9.569909845,-14.48672051,189.1216123,3230.198621,8.845183967,-18.41533408,246.4071164,3271.874304,9.799133104,-13.78923721,174.4362419,3205.706379,5225.05,76.06,-10.45,23.41
23.47,23.42,-10.4,70.72,4999.29,-12.8423728,156.9860743,4238.361994,10.89756337,-12.68500047,148.7073901,3305.610414,9.581431998,-14.4812642,188.9546941,3232.376748,8.854346174,-18.405994,246.2383913,3274.131165,9.80879288,-13.7853193,174.3030409,3207.390751,5225.75,75.95,-10.45,23.42
23.48,23.43,-10.4,70.61,5000.26,-12.84040391,156.9461459,4238.850023,10.89867498,-12.68411264,148.6932893,3305.77571,9.583480381,-14.47933018,188.9250309,3232.763771,8.855975011,-18.40267518,246.208411,3274.532224,9.810510173,-13.78394283,174.2793675,3207.690061,5226.61,75.85,-10.45,23.43
23.49,23.44,-10.41,70.51,5000.82,-12.83939844,156.8962436,4239.459875,10.90006448,-12.68376603,148.675665,3305.982308,9.586040859,-14.47829623,188.8879571,3233.24746,8.858011057,-18.40090594,246.1709425,3275.033475,9.81265679,-13.78320077,174.2497787,3208.064139,5226.61,75.74,-10.45,23.44
23.5,23.45,-10.41,70.41,5002.2,-12.83107099,156.8054416,4240.569467,10.90259294,-12.68079198,148.6435946,3306.358228,9.590696002,-14.4698034,188.8205585,3234.12676,8.861713793,-18.3863628,246.1028088,3275.944981,9.816562203,-13.7771086,174.1959497,3208.744657,5226.61,75.64,-10.45,23.45
23.51,23.46,-10.41,70.3,5002.76,-12.82924668,156.76007,4241.123541,10.90385717,-12.68015932,148.6275632,3306.546097,9.593023573,-14.46793153,188.786879,3234.566057,8.863565161,-18.38316252,246.0687689,3276.400451,9.81851491,-13.77576354,174.169047,3209.084679,5229.59,75.53,-10.45,23.46
23.52,23.47,-10.42,70.2,5003.31,-12.82393314,156.5332445,4243.89311,10.91017831,-12.67839041,148.5474102,3307.485339,9.604661429,-14.46244387,188.6185033,3236.762153,8.872822001,-18.37377723,245.8985989,3278.677483,9.828278443,-13.77181688,174.0345469,3210.784528,5230.58,75.43,-10.45,23.47
23.53,23.48,-10.42,70.09,5003.73,-12.82195162,156.4929367,4244.385061,10.91130207,-12.67755289,148.5331627,3307.652263,9.606730382,-14.46049787,188.5885812,3237.152366,8.874467662,-18.3704411,245.8683619,3279.082125,9.830014182,-13.77042979,174.0106426,3211.086586,5230.44,75.32,-10.45,23.48
23.54,23.49,-10.42,69.99,5005.11,-12.82094097,156.4425602,4244.999812,10.91270676,-12.67719611,148.5153549,3307.860894,9.609316572,-14.45945796,188.5511838,3237.640042,8.876524737,-18.36866326,245.8305728,3279.587854,9.832183856,-13.76968224,173.9807653,3211.464099,5231.58,75.22,-10.45,23.49
23.55,23.5,-10.42,69.89,5005.11,-12.81256879,156.3508957,4246.118312,10.91526286,-12.67422273,148.4829508,3308.240513,9.614018215,-14.45091604,188.4832006,3238.526542,8.880265574,-18.35404922,245.7618586,3280.507466,9.836131158,-13.763545,173.9264122,3212.150854,5231.86,75.11,-10.45,23.5
23.56,23.51,-10.43,69.78,5005.11,-12.81073503,156.3050934,4246.676825,10.9165409,-12.67357794,148.4667526,3308.430229,9.616369037,-14.44903348,188.4492291,3238.969433,8.882135992,-18.35083355,245.7275288,3280.966983,9.838104809,-13.76219007,173.8992478,3212.49399,5232,75.01,-10.45,23.51
23.57,23.52,-10.43,69.68,5005.81,-12.80539488,156.0761146,4249.468575,10.92293113,-12.67173949,148.3857655,3309.378707,9.628123145,-14.44351478,188.2793936,3241.183488,8.891488084,-18.34140352,245.5559102,3283.264247,9.847973064,-13.75821464,173.763439,3214.209402,5233.99,74.91,-10.45,23.52
23.58,23.53,-10.43,69.57,5007.47,-12.80340069,156.0354242,4249.964461,10.92406717,-12.67097484,148.3713699,3309.547271,9.630212765,-14.4415569,188.2492121,3241.57689,8.893150678,-18.33805022,245.5254159,3283.672483,9.84972742,-13.7568169,173.7393022,3214.514225,5233.28,74.8,-10.45,23.53
23.59,23.54,-10.44,69.47,5007.47,-12.80238489,155.9845697,4250.584126,10.92548722,-12.67060929,148.3533766,3309.757953,9.632824789,-14.44051109,188.2114906,3242.06855,8.895228921,-18.33626386,245.4873052,3284.182703,9.851920366,-13.75606388,173.7091343,3214.895191,5234.99,74.7,-10.45,23.54
23.6,23.55,-10.44,69.37,5008.86,-12.79396823,155.8920357,4251.711563,10.92807111,-12.6676206,148.3206372,3310.141282,9.637573137,-14.43192055,188.142922,3242.962244,8.899008098,-18.32157965,245.4180092,3285.110443,9.855909943,-13.74988151,173.6542535,3215.588217,5234.99,74.59,-10.45,23.55
23.61,23.56,-10.44,69.26,5009.27,-12.79212506,155.8457991,4252.274529,10.92936306,-12.66696232,148.3042713,3310.332851,9.639947312,-14.43002741,188.1086581,3243.408724,8.900897686,-18.31834876,245.383389,3285.574018,9.857904731,-13.74851671,173.6268253,3215.934484,5235.98,74.49,-10.45,23.56
23.62,23.57,-10.44,69.16,5010.1,-12.78675848,155.6146493,4255.088528,10.93582279,-12.66505054,148.2224461,3311.290593,9.651818184,-14.42447799,187.9373611,3245.640722,8.910345629,-18.30887447,245.2103182,3287.891569,9.867878673,-13.7445125,173.4896984,3217.665544,5237.69,74.38,-10.45,23.57
23.63,23.58,-10.45,69.05,5011.08,-12.78475166,155.5735733,4255.588361,10.93697119,-12.66434673,148.2079016,3311.460803,9.653928561,-14.42250833,187.90692,3246.037311,8.912025263,-18.30550416,245.179566,3288.303409,9.869651818,-13.7431041,173.4653274,3217.973146,5238.26,74.28,-10.45,23.58
23.64,23.59,-10.45,68.95,5011.77,-12.78373073,155.5222369,4256.212955,10.93840668,-12.66397486,148.189722,3311.673542,9.656566532,-14.42145667,187.868874,3246.532951,8.914124806,-18.30370938,245.1411331,3288.818131,9.87186825,-13.74234558,173.4348669,3218.357585,5239.11,74.18,-10.45,23.59
23.65,23.6,-10.45,68.84,5011.91,-12.77526984,155.4288262,4257.349356,10.9410187,-12.66095936,148.1566435,3312.060616,9.661361776,-14.41281803,187.7997196,3247.433828,8.917942555,-18.28895578,245.0712541,3289.754018,9.875900486,-13.73611807,173.3794545,3219.056915,5240.1,74.07,-10.45,23.6
23.66,23.61,-10.46,68.74,5011.91,-12.77341732,155.3821518,4257.916789,10.94232471,-12.66028922,148.1401082,3312.254056,9.663759397,-14.41091444,187.7651632,3247.883893,8.919851429,-18.28570985,245.0363428,3290.221662,9.877916604,-13.7347434,173.3517609,3219.406329,5239.96,73.97,-10.45,23.61
23.67,23.62,-10.46,68.63,5012.46,-12.76802443,155.1488134,4260.753102,10.94885476,-12.65831923,148.0574359,3313.221148,9.675747505,-14.40533464,187.5924036,3250.133808,8.9293958,-18.2761918,244.8618172,3292.559548,9.887997194,-13.7307104,173.2133065,3221.15312,5240.82,73.86,-10.45,23.62
23.68,23.63,-10.46,68.53,5013.57,-12.76600507,155.1073486,4261.256893,10.95001566,-12.65764985,148.0427409,3313.393019,9.677878724,-14.4033533,187.5617026,3250.533577,8.931092578,-18.27280464,244.8308066,3292.974999,9.889789299,-13.7292913,173.1886997,3221.463515,5241.1,73.76,-10.45,23.63
23.69,23.64,-10.46,68.42,5015.38,-12.76497904,155.0555263,4261.886431,10.95146678,-12.65727388,148.0243731,3313.607834,9.680542748,-14.40229586,187.5233319,3251.033192,8.933213549,-18.27100154,244.7920508,3293.494234,9.89202943,-13.7285273,173.1579443,3221.851445,5242.1,73.65,-10.45,23.64
23.7,23.65,-10.47,68.32,5015.1,-12.75647416,154.9612318,4263.031821,10.95410733,-12.65422578,147.9909509,3313.9987,9.685385058,-14.39360967,187.4535916,3251.941238,8.937070091,-18.25617937,244.7215879,3294.438285,9.896104709,-13.72225462,173.1019968,3222.557112,5244.09,73.55,-10.45,23.65
23.71,23.66,-10.47,68.21,5016.35,-12.75461233,154.914116,4263.603732,10.95542761,-12.65354644,147.9742438,3314.194034,9.687806213,-14.39169575,187.4187424,3252.394882,8.938998361,-18.25291857,244.686385,3294.910005,9.898142349,-13.72087008,173.0740357,3222.909689,5244.09,73.44,-10.45,23.66
23.72,23.67,-10.47,68.11,5017.18,-12.74919327,154.6785712,4266.462423,10.962029,-12.65153842,147.8907128,3315.170593,9.699911988,-14.38608594,187.2445198,3254.662677,8.948639715,-18.24335732,244.5104022,3297.268265,9.908330546,-13.71680829,172.9342448,3224.672289,5244.09,73.34,-10.45,23.67
23.73,23.68,-10.48,68,5017.46,-12.74716143,154.6367144,4266.970183,10.96320258,-12.65087769,147.8758653,3315.344146,9.702064126,-14.38409304,187.2135589,3255.065621,8.950353734,-18.23995349,244.4791327,3297.687336,9.910141781,-13.7153785,172.9094004,3224.985492,5246.22,73.23,-10.45,23.68
23.74,23.69,-10.48,67.9,5017.46,-12.74613034,154.5844023,4267.604678,10.96466955,-12.65049901,147.8573067,3315.561063,9.704754298,-14.38302989,187.1748634,3255.569203,8.952496257,-18.23814217,244.4400535,3298.211093,9.912405825,-13.71460901,172.8783483,3225.37693,5246.36,73.13,-10.45,23.69
23.75,23.7,-10.48,67.79,5018.57,-12.7375817,154.4892169,4268.759082,10.96733907,-12.64741712,147.823536,3315.95577,9.70964383,-14.37136856,187.1045371,3256.484401,8.956391803,-18.2232523,244.369006,3299.163321,9.916524529,-13.70829116,172.8218619,3226.088965,5246.5,73.03,-10.45,23.7
23.76,23.71,-10.48,67.69,5019.68,-12.73571063,154.4416561,4269.335485,10.96867382,-12.6467309,147.8066548,3316.153022,9.712088596,-14.37343501,187.0694025,3256.941613,8.958339576,-18.21997683,244.3335112,3299.639123,9.918583881,-13.70689674,172.7936317,3226.444721,5247.64,72.92,-10.45,23.71
23.77,23.72,-10.49,67.59,5019.68,-12.73026562,154.2038871,4272.216612,10.97534762,-12.64470135,147.7222531,3317.139172,9.724312425,-14.3944534,186.8937041,3259.227245,8.968078441,-18.21037293,244.1560693,3302.017791,9.928880641,-13.70280617,172.6524951,3228.223209,5248.92,72.82,-10.45,23.72
23.78,23.73,-10.49,67.48,5020.79,-12.7282213,154.1616351,4272.728351,10.97653407,-12.64403173,147.7072508,3317.314428,9.726485551,-14.36219468,186.8624231,3259.633357,8.969809795,-18.20695262,244.1245407,3302.440486,9.930711176,-13.70136567,172.6274116,3228.539233,5248.5,72.71,-10.45,23.73
23.79,23.74,-10.49,67.38,5020.93,-12.72718519,154.1088292,4273.367817,10.97801713,-12.64365082,147.6884988,3317.533474,9.729201957,-14.36237298,186.8234977,3260.140895,8.971973988,-18.2051332,244.0851376,3302.968773,9.932999345,-13.70059069,172.5960607,3228.934197,5249.49,72.61,-10.45,23.74
23.8,23.75,-10.49,67.27,5022.04,-12.71859306,154.0127457,4274.531258,10.98071601,-12.64053656,147.6543752,3317.932067,9.734138846,-14.35360151,186.7525923,3261.063221,8.975908739,-18.19017654,244.0135049,3303.929188,9.937161854,-13.69422768,172.5390318,3229.65263,5249.64,72.5,-10.45,23.75
23.81,23.76,-10.5,67.16,5022.04,-12.71671282,153.9647363,4275.112162,10.98206545,-12.63984489,147.6373175,3318.13126,9.736607291,-14.35166908,186.7171612,3261.523991,8.977876115,-18.1868866,243.977718,3304.409078,9.939243109,-13.69282339,172.5105307,3230.011579,5251.2,72.4,-10.45,23.76
23.82,23.77,-10.5,67.06,5023.29,-12.7112421,153.724725,4278.015782,10.98881265,-12.63780318,147.552034,3319.12711,9.748949514,-14.34600559,186.5400297,3263.827404,8.987712993,-18.17724066,243.7988158,3306.808178,9.949649381,-13.68870406,172.3680394,3231.806029,5251.2,72.29,-10.45,23.77
23.83,23.78,-10.5,66.95,5023.98,-12.70918526,153.6820747,4278.531511,10.99001215,-12.63711679,147.5368749,3319.30409,9.751143686,-14.34399179,186.5085521,3264.236672,8.989461771,-18.17380406,243.7670279,3307.234502,9.951499385,-13.68725284,172.3427153,3232.124889,5252.63,72.19,-10.44,23.78
23.84,23.79,-10.5,66.85,5025.09,-12.70814418,153.6287711,4279.175959,10.99151153,-12.63673354,147.5179271,3319.525289,9.753886403,-14.34291844,186.4692108,3264.748155,8.991647744,-18.17197665,243.7273007,3307.767324,9.95381189,-13.68647238,172.3110635,3232.523394,5252.91,72.08,-10.44,23.79
23.85,23.8,-10.5,66.74,5025.93,-12.69950885,153.5317821,4280.348458,10.99424005,-12.63358919,147.4834475,3319.927795,9.758870768,-14.33410131,186.3977205,3265.677586,8.99562189,-18.15695417,243.6550826,3308.735932,9.958018581,-13.68006423,172.2534888,3233.248253,5254.19,71.98,-10.44,23.8
23.86,23.81,-10.51,66.64,5026.48,-12.69761952,153.4833206,4280.933875,10.99560431,-12.63289256,147.4662121,3320.128942,9.76136295,-14.33215896,186.3619973,3266.1419,8.997608963,-18.15364998,243.6190034,3309.219913,9.960121927,-13.67865008,172.2247148,3233.610411,5255.05,71.87,-10.44,23.81
23.87,23.82,-10.51,66.53,5026.76,-12.69212337,153.241049,4283.86004,11.0024256,-12.63084153,147.3800393,3321.134559,9.773823863,-14.32646671,186.1834055,3268.463029,9.007544327,-18.14396263,243.4386403,3311.639461,9.970638656,-13.67450201,172.0808602,3235.420895,5255.76,71.77,-10.44,23.82
23.88,23.83,-10.51,66.43,5026.76,-12.69005398,153.1979971,4284.379767,11.00363828,-12.63013786,147.3647222,3321.313274,9.776039136,-14.32444174,186.1516685,3268.875443,9.009310614,-18.14050996,243.4065929,3312.069417,9.972508297,-13.67304006,172.0552938,3235.742602,5256.9,71.66,-10.44,23.83
23.89,23.84,-10.51,66.32,5027.46,-12.68900797,153.1441918,4285.029209,11.00515412,-12.62975187,147.3455769,3321.536641,9.778808228,-14.32336294,186.112003,3269.390856,9.011518473,-18.13867468,243.3665415,3312.606777,9.974845347,-13.67225412,172.0233393,3236.144665,5257.18,71.56,-10.44,23.84
23.9,23.85,-10.51,66.22,5028.43,-12.68032974,153.0462902,4286.210787,11.0079126,-12.62657924,147.3107381,3321.94309,9.783840165,-14.31450084,186.0399287,3270.32736,9.01553219,-18.12358739,243.293738,3313.583582,9.979096596,-13.66580087,171.9652151,3236.875979,5257.47,71.46,-10.44,23.85
23.91,23.86,-10.52,66.11,5029.26,-12.67843139,152.9973728,4286.800727,11.00929184,-12.62587751,147.293323,3322.146207,9.786356134,-14.31254874,186.0039139,3270.795204,9.017539049,-18.12026917,243.2573665,3314.071655,9.981222221,-13.66437686,171.9361668,3237.241358,5259.03,71.35,-10.44,23.86
23.92,23.87,-10.52,66.01,5029.12,-12.67291008,152.7528229,4289.749485,11.01618803,-12.6238157,147.2062525,3323.161669,9.798935979,-14.30682818,185.8238642,3273.133973,9.027573341,-18.11054108,243.0755424,3316.51166,9.991850343,-13.6602001,171.7909401,3239.067945,5259.89,71.25,-10.44,23.87
23.93,23.88,-10.52,65.9,5030.93,-12.67082813,152.7093663,4290.273219,11.01741402,-12.62309804,147.1907759,3323.342133,9.801172395,-14.3047922,185.7918682,3273.549519,9.029357216,-18.10707255,243.0432355,3316.945249,9.993739787,-13.65872742,171.7651299,3239.392511,5259.89,71.14,-10.44,23.88
23.94,23.89,-10.52,65.8,5031.49,-12.66977725,152.6550551,4290.927665,11.0189465,-12.62270889,147.1714312,3323.567686,9.803967916,-14.30370802,185.7518791,3274.068845,9.031587059,-18.10522953,243.0028598,3317.487149,9.996101592,-13.657936,171.7328708,3239.798147,5259.89,71.04,-10.43,23.89
23.95,23.9,-10.52,65.69,5031.35,-12.66105642,152.5562336,4292.118341,11.02173528,-12.6195089,147.1362293,3323.978114,9.809047502,-14.2948017,185.6792221,3275.012388,9.035640511,-18.0900785,242.9294712,3318.47215,10.00039777,-13.6514377,171.6741939,3240.535942,5260.89,70.93,-10.43,23.9
23.96,23.91,-10.52,65.59,5032.18,-12.65914914,152.5068568,4292.712812,11.02312967,-12.61880163,147.1186328,3324.183218,9.811587295,-14.29284001,185.6429163,3275.483744,9.037667237,-18.08674649,242.8928075,3318.964315,10.00254586,-13.65000385,171.6448694,3240.904556,5261.46,70.83,-10.43,23.91
23.97,23.92,-10.52,65.48,5033.15,-12.65360292,152.2600103,4295.684209,11.03010161,-12.61672589,147.0306552,3325.208614,9.82428626,-14.28709164,185.461412,3277.840065,9.047800868,-18.07697835,242.7095231,3321.424774,10.0132863,-13.64579843,171.4982623,3242.747311,5262.88,70.73,-10.43,23.92
23.98,23.93,-10.53,65.38,5033.99,-12.65150841,152.2161457,4296.211957,11.03134106,-12.61599833,147.0150174,3325.390842,9.826543854,-14.28504479,185.4291576,3278.258727,9.049602402,-18.07349419,242.6769568,3321.861996,10.01519572,-13.64431502,171.4722068,3243.074749,5263.45,70.62,-10.43,23.93
23.99,23.94,-10.53,65.27,5033.99,-12.6504527,152.1613247,4296.871417,11.03289038,-12.61560571,146.9954712,3325.6186,9.829365846,-14.28395534,185.3888455,3278.781947,9.05185432,-18.07164358,242.6362571,3322.408436,10.01758248,-13.64351814,171.4396411,3243.483972,5264.02,70.52,-10.43,23.94
24,23.95,-10.53,65.17,5035.24,-12.6416896,152.0615759,4298.071208,11.03570981,-12.61237849,146.9599024,3326.033043,9.834493134,-14.27500558,185.3156076,3279.732489,9.055947658,-18.05642993,242.5622838,3323.401628,10.02192395,-13.63697485,171.3804081,3244.228273,5264.74,70.41,-10.43,23.95
24.01,23.96,-10.53,65.06,5035.52,-12.63977346,152.0117361,4298.670219,11.03711953,-12.61166524,146.9421225,3326.240152,9.837056777,-14.27303446,185.2790115,3280.207337,9.057994327,-18.05308438,242.5253282,3323.897883,10.02409469,-13.63553118,171.3508059,3244.600134,5265.88,70.31,-10.43,23.96
24.02,23.97,-10.53,64.95,5036.49,-12.63420258,151.7625747,4301.664295,11.0441681,-12.60957261,146.8532283,3327.275571,9.849874996,-14.26725878,185.0960567,3282.581113,9.068227671,-18.04327691,242.3405848,3326.378784,10.03494838,-13.63129716,171.2028101,3246.459119,5266.02,70.2,-10.43,23.97
24.03,23.98,-10.53,64.85,5037.74,-12.63209556,151.7182989,4302.196065,11.04542118,-12.60883823,146.8374275,3327.45958,9.852153791,-14.26520125,185.0635445,3283.002873,9.070046932,-18.03977738,242.3077594,3326.819637,10.03687792,-13.62980302,171.1765079,3246.789438,5267.02,70.1,-10.42,23.98
24.04,23.99,-10.53,64.74,5038.02,-12.63103506,151.662964,4302.860547,11.04698753,-12.60844201,146.8176776,3327.689563,9.855002284,-14.26410662,185.0229104,3283.529965,9.072321008,-18.03791931,242.2667358,3327.370614,10.03928985,-13.62900068,171.1436339,3247.202263,5267.02,70,-10.42,23.99
24.05,24,-10.53,64.64,5038.44,-12.62223002,151.5622807,4304.069469,11.04983797,-12.6051872,146.7817381,3328.108058,9.860177303,-14.25511423,184.9490934,3284.487462,9.076454367,-18.02264422,242.1921786,3328.371989,10.04367699,-13.62241249,171.0838416,3247.953093,5267.59,69.89,-10.42,24
24.06,24.01,-10.53,64.53,5039.41,-12.6203051,151.5119741,4304.673027,11.05126318,-12.60446767,146.7637729,3328.31719,9.862764813,-14.25313388,184.9122081,3284.965781,9.078521047,-18.01928538,242.1549316,3328.87233,10.04587055,-13.62095902,171.0539599,3248.328213,5269.44,69.79,-10.42,24.01
24.07,24.02,-10.53,64.43,5039.41,-12.61470982,151.2604796,4307.689819,11.05838928,-12.60235625,146.6739523,3329.362722,9.875702362,-14.24733143,184.7278075,3287.3569,9.088854444,-18.00943934,241.9687312,3331.373652,10.05683839,-13.61669646,170.9045675,3250.203486,5268.44,69.68,-10.42,24.02
24.08,24.03,-10.53,64.32,5040.53,-12.6125903,151.2157892,4308.225618,11.05965614,-12.60161661,146.6579869,3329.548528,9.878002371,-14.24526338,184.6950385,3287.78174,9.090691492,-18.00592471,241.935647,3331.818132,10.05878823,-13.6151916,170.8780171,3250.536697,5270.01,69.58,-10.42,24.03
24.09,24.04,-10.53,64.22,5040.94,-12.61152506,151.1599365,4308.89513,11.06123971,-12.60121676,146.6380313,3329.780756,9.880877382,-14.24416368,184.6540834,3288.312678,9.092987803,-18.00405932,241.8943001,3332.373641,10.06122552,-13.61438382,170.844833,3250.953136,5271.44,69.47,-10.42,24.04
24.1,24.05,-10.53,64.11,5040.94,-12.60267843,151.0583112,4310.113196,11.0641215,-12.59793384,146.6017173,3330.203335,9.88610014,-14.23512953,184.5796896,3289.277082,9.097161304,-17.98872402,241.8191601,3333.383187,10.06565868,-13.60775082,170.7844783,3251.710517,5272.15,69.37,-10.42,24.05
24.11,24.06,-10.53,64.01,5042.06,-12.60074482,151.0075341,4310.721308,11.0655624,-12.59720788,146.583565,3330.414508,9.888711519,-14.23314013,184.5425163,3289.758846,9.099248054,-17.98535217,241.7816222,3333.887607,10.06787525,-13.60628757,170.7543157,3252.088907,5272.44,69.27,-10.41,24.06
24.12,24.07,-10.53,63.9,5043.31,-12.59512541,150.753688,4313.76085,11.07276687,-12.59507693,146.4928088,3331.470238,9.901768415,-14.22731146,184.3566757,3292.167186,9.109681806,-17.97546836,241.5939675,3336.409319,10.07895814,-13.60199656,170.6035188,3253.980522,5273.29,69.16,-10.41,24.07
24.13,24.08,-10.53,63.79,5043.03,-12.5929934,150.7085799,4314.300682,11.07404766,-12.59433228,146.4766771,3331.657855,9.904089641,-14.22523309,184.3236509,3292.595084,9.111536695,-17.97193888,241.560625,3336.85742,10.08092843,-13.60048099,170.576719,3254.316635,5273.72,69.06,-10.41,24.08
24.14,24.09,-10.53,63.69,5044.84,-12.59192348,150.6522052,4314.975231,11.07564865,-12.59392884,146.4565137,3331.892347,9.906991173,-14.22412843,184.2823761,3293.129842,9.113855307,-17.97006635,241.5189553,3337.417453,10.08339129,-13.59966778,170.543223,3254.736699,5274.86,68.96,-10.41,24.09
24.15,24.1,-10.53,63.58,5044.84,-12.58303562,150.5496305,4316.202455,11.07856214,-12.59061734,146.4198215,3332.319045,9.912261652,-14.21505341,184.2074082,3294.101098,9.118069054,-17.95467211,241.443234,3338.435153,10.08787082,-13.59299009,170.4823029,3255.500651,5274.86,68.85,-10.41,24.1
24.16,24.11,-10.53,63.48,5046.37,-12.5810934,150.4983793,4316.815126,11.08001888,-12.58988493,146.4014802,3332.532274,9.914896892,-14.21305517,184.1699481,3294.586282,9.120175928,-17.95128753,241.4054058,3338.943644,10.09011058,-13.59151709,170.4518578,3255.882321,5275.01,68.75,-10.41,24.11
24.17,24.12,-10.53,63.37,5046.51,-12.57545016,150.2421632,4319.877446,11.08730258,-12.58773445,146.3097792,3333.598285,9.928073089,-14.20720088,183.9826741,3297.011708,9.130710297,-17.94136678,241.2163003,3341.485703,10.10130939,-13.5871977,170.299649,3257.790327,5276.29,68.64,-10.41,24.12
24.18,24.13,-10.53,63.27,5046.65,-12.57330567,150.1966341,4320.421316,11.08859746,-12.58698432,146.2934796,3333.787728,9.930415524,-14.20511238,183.9493946,3297.442639,9.132583073,-17.93782276,241.1827001,3341.937418,10.10330029,-13.58567144,170.2725982,3258.129351,5276.43,68.54,-10.4,24.13
24.19,24.14,-10.53,63.16,5047.62,-12.57223113,150.1397332,4321.100909,11.09021606,-12.58657733,146.2731063,3334.024502,9.933343568,-14.20400287,183.9078017,3297.981187,9.134924044,-17.93594323,241.1407085,3342.501967,10.10578891,-13.58485281,170.2387887,3258.553052,5278.29,68.43,-10.4,24.14
24.2,24.15,-10.52,63.06,5047.9,-12.5633024,150.0362017,4322.3373,11.09316159,-12.58323691,146.2360322,3334.455353,9.938661725,-14.19488793,183.8322625,3298.959237,9.139178127,-17.9204914,241.0644075,3343.5278,10.11031516,-13.57813057,170.1773004,3259.323594,5278.43,68.33,-10.4,24.15
24.21,24.16,-10.52,62.95,5047.9,-12.56135167,149.9844727,4322.954536,11.09463435,-12.58249806,146.2175001,3334.670656,9.941320803,-14.19288105,183.7945172,3299.447811,9.141305168,-17.91709438,241.0262899,3344.040351,10.11257828,-13.57664785,170.1465714,3259.708552,5280.29,68.23,-10.4,24.16
24.22,24.17,-10.52,62.85,5049.02,-12.55568492,149.725868,4326.039656,11.10199816,-12.5803284,146.124845,3335.747033,9.954616194,-14.18700175,183.6058173,3301.890177,9.151940375,-17.90713755,240.8357379,3346.602703,10.12389389,-13.57230018,169.9929433,3261.632996,5280.72,68.12,-10.4,24.17
24.23,24.18,-10.52,62.74,5050.69,-12.55352795,149.6799146,4326.58757,11.10330729,-12.57957212,146.1083758,3335.938318,9.956979819,-14.18490333,183.5722846,3302.324115,9.153831078,-17.90357928,240.8018808,3347.058022,10.12590555,-13.57076324,169.9656404,3261.974938,5281.14,68.02,-10.4,24.18
24.24,24.19,-10.52,62.63,5050.97,-12.55244884,149.6224835,4327.272211,11.10494369,-12.57916162,146.0877905,3336.177393,9.959934351,-14.18378909,183.5303751,3302.86642,9.156194458,-17.90169293,240.7595682,3347.627075,10.12842013,-13.56993922,169.9315158,3262.402286,5282.29,67.91,-10.4,24.19
24.25,24.2,-10.52,62.53,5051.94,-12.54347964,149.5179878,4328.517777,11.10792161,-12.57579205,146.0503307,3336.612432,9.965300116,-14.17463522,183.4542682,3303.851201,9.160488947,-17.88618491,240.6826896,3348.661014,10.13299344,-13.56317258,169.8694563,3263.179434,5281.86,67.81,-10.4,24.2
24.26,24.21,-10.51,62.42,5051.66,-12.54152049,149.4657772,4329.139582,11.10941058,-12.57504679,146.0316058,3336.829826,9.967982998,-14.17261991,183.4162393,3304.343132,9.162636192,-17.88277576,240.6442836,3349.177613,10.13528009,-13.56168018,169.8384421,3263.567689,5281.86,67.71,-10.39,24.21
24.27,24.22,-10.51,62.32,5052.5,-12.53583056,149.2047654,4332.247523,11.11685539,-12.57285827,145.9379869,3337.916656,9.98139741,-14.16671624,183.2261219,3306.802279,9.173372416,-17.87278375,240.4522901,3351.760194,10.14671335,-13.55730435,169.6833879,3265.50861,5282.86,67.6,-10.39,24.22
24.28,24.23,-10.51,62.21,5053.61,-12.53366112,149.1583843,4332.799482,11.11817892,-12.5720953,145.9213465,3338.109797,9.983782195,-14.16460812,183.1923374,3307.239196,9.175281078,-17.86921155,240.418177,3352.219106,10.14874593,-13.55575675,169.6558316,3265.853478,5284.29,67.5,-10.39,24.23
24.29,24.24,-10.5,62.11,5053.61,-12.5325775,149.1004189,4333.489175,11.11983332,-12.57168129,145.9005472,3338.351192,9.986763175,-14.16348928,183.1501132,3307.785222,9.177666905,-17.86731855,240.3755445,3352.792648,10.15128665,-13.55492736,169.6213903,3266.284481,5285.29,67.39,-10.39,24.24
24.3,24.25,-10.5,62,5054.31,-12.52356822,148.9949515,4334.743924,11.122844,-12.56828241,145.8626979,3338.790452,9.992176453,-14.1542975,183.0734423,3308.776665,9.182001855,-17.85175578,240.2980905,3353.834664,10.15590735,-13.54811648,169.5587571,3267.06825,5285.72,67.29,-10.39,24.25
24.31,24.26,-10.5,61.9,5054.31,-12.52160076,148.9422556,4335.3703,11.12434934,-12.56753074,145.8437783,3339.009954,9.994883092,-14.15227399,183.0351317,3309.271919,9.184169331,-17.84833482,240.2593973,3354.355294,10.1582177,-13.54661444,169.5274562,3267.459809,5285.86,67.19,-10.39,24.26
24.32,24.27,-10.5,61.79,5054.31,-12.51588796,148.678818,4338.501076,11.13187604,-12.56532355,145.7491863,3340.10732,10.00841629,-14.14634661,182.8436062,3311.747674,9.195006706,-17.83830856,240.0659682,3356.958029,10.16976943,-13.54221057,169.3709693,3269.417243,5286.57,67.08,-10.39,24.27
24.33,24.28,-10.49,61.69,5055.15,-12.51370606,148.632006,4339.057083,11.13321412,-12.5645536,145.7323729,3340.302333,10.01082219,-14.14422902,182.8095715,3312.187539,9.196933351,-17.83472276,240.0316001,3357.42052,10.17182308,-13.54065235,169.3431584,3269.765043,5287.72,66.98,-10.38,24.28
24.34,24.29,-10.49,61.58,5057.38,-12.51261799,148.5735021,4339.751831,11.13488672,-12.56413605,145.7113574,3340.546067,10.01382956,-14.14310571,182.7670348,3312.737249,9.199341657,-17.8328233,239.988649,3357.998534,10.17439013,-13.53981761,169.308399,3270.199709,5287.72,66.87,-10.38,24.29
24.35,24.3,-10.48,61.48,5058.07,-12.50356906,148.4670554,4341.015767,11.13793051,-12.56070775,145.6731148,3340.989583,10.01929023,-14.13387708,182.6898039,3313.735279,9.203717104,-17.81720729,239.9106224,3359.048591,10.17905854,-13.53296269,169.2451895,3270.990111,5290.15,66.77,-10.38,24.3
24.36,24.31,-10.48,61.37,5058.07,-12.50159338,148.4138706,4341.646717,11.13945241,-12.55994966,145.6539987,3341.211209,10.02202057,-14.13184561,182.6512137,3314.23382,9.205904828,-17.81377485,239.8716433,3359.573236,10.18139275,-13.53145105,169.2136008,3271.38498,5288.57,66.67,-10.38,24.31
24.37,24.32,-10.47,61.26,5059.47,-12.49585805,148.1479885,4344.800337,11.14706189,-12.55772377,145.558424,3342.319197,10.03567224,-14.12589521,182.4582904,3316.725998,9.216843446,-17.80371531,239.6767852,3362.196036,10.19306378,-13.52701929,169.0556747,3273.358956,5288.57,66.56,-10.38,24.32
24.38,24.33,-10.47,61.16,5059.89,-12.49366372,148.1007422,4345.360394,11.14841468,-12.55694676,145.541436,3342.516097,10.0380992,-14.12376838,182.4240074,3317.168779,9.218788089,-17.80011625,239.6421633,3362.662091,10.19513864,-13.52545047,169.0276082,3273.709694,5290.86,66.46,-10.38,24.33
24.39,24.34,-10.47,61.05,5059.89,-12.49257127,148.0416957,4346.060198,11.15010568,-12.55652563,145.5202023,3342.762188,10.04113291,-14.12264074,182.3811603,3317.722131,9.221218893,-17.79821052,239.5988951,3363.244557,10.1977322,-13.5246104,168.9925292,3274.14803,5291.58,66.35,-10.38,24.34
24.4,24.35,-10.46,60.95,5061.28,-12.48348311,147.9342624,4347.333324,11.15318295,-12.5530678,145.4815625,3343.209993,10.04664082,-14.11337636,182.3033741,3318.72667,9.225634856,-17.78254283,239.5202988,3364.302617,10.20244865,-13.51771166,168.9287411,3274.945075,5292.15,66.25,-10.37,24.35
24.41,24.36,-10.46,60.85,5061.98,-12.48149932,147.8805848,4347.968848,11.15472158,-12.55230324,145.4622479,3343.433761,10.04939477,-14.11133718,182.2645065,3319.228457,9.227842837,-17.77909925,239.4810353,3364.831257,10.20480687,-13.51619048,168.8968633,3275.343258,5292.43,66.15,-10.37,24.36
24.42,24.37,-10.45,60.74,5062.4,-12.47574179,147.6122394,4351.145317,11.16241475,-12.55005853,145.3656809,3344.552456,10.06316455,-14.10536446,182.0701965,3321.736862,9.238882742,-17.76900743,239.2847557,3367.474022,10.21659799,-13.51173096,168.7374923,3277.333802,5293.58,66.04,-10.37,24.37
24.43,24.38,-10.44,60.63,5062.4,-12.47353506,147.5645556,4351.709424,11.16378242,-12.54927448,145.3485165,3344.751257,10.06561251,-14.10322866,182.0356672,3322.182522,9.240845392,-17.76539547,239.2498814,3367.943623,10.21869419,-13.51015158,168.709169,3277.687481,5294.29,65.94,-10.37,24.38
24.44,24.39,-10.44,60.53,5062.81,-12.47243828,147.5049623,4352.414285,11.16549202,-12.54884976,145.3270624,3344.999725,10.06867246,-14.10209681,181.9925123,3322.739473,9.243298705,-17.76348367,239.2062977,3368.53052,10.22131444,-13.50930622,168.6737692,3278.129493,5294.87,65.84,-10.37,24.39
24.45,24.4,-10.43,60.43,5064.35,-12.46331134,147.3965347,4353.696601,11.16860313,-12.54536223,145.2880215,3345.451854,10.07422743,-14.09279783,181.9141755,3323.750436,9.247755181,-17.74776591,239.1271352,3369.596537,10.22607922,-13.5023639,168.6094002,3278.933188,5295.72,65.73,-10.37,24.4
24.46,24.41,-10.43,60.32,5064.21,-12.46131955,147.3423605,4354.336699,11.17015868,-12.54459116,145.2685065,3345.677782,10.07700492,-14.09075119,181.8750329,3324.255429,9.249983419,-17.74431154,239.0875889,3370.129149,10.22846162,-13.50083322,168.5772323,3279.33469,5295.72,65.63,-10.36,24.41
24.47,24.42,-10.42,60.22,5065.19,-12.45554019,147.0715332,4357.536015,11.17793646,-12.54232746,145.1709375,3346.807268,10.09089235,-14.0847569,181.6793485,3326.779848,9.261124611,-17.73418847,238.8898961,3372.79177,10.24037359,-13.49634612,168.4164108,3281.34182,5296.73,65.53,-10.36,24.42
24.48,24.43,-10.41,60.11,5066.16,-12.45332106,147.0234084,4358.104172,11.17931918,-12.54153642,145.153595,3347.007987,10.09336123,-14.08261237,181.644575,3327.228352,9.263105267,-17.73056397,238.8547708,3373.264896,10.24249127,-13.49475622,168.3878298,3281.698443,5296.73,65.42,-10.36,24.43
24.49,24.44,-10.41,60.01,5066.16,-12.45222003,146.9632641,4358.81409,11.18104757,-12.54110807,145.1319183,3347.258851,10.09644732,-14.08147648,181.601115,3327.788854,9.265581087,-17.72864631,238.8108735,3373.856199,10.24513838,-13.49390559,168.3521079,3282.144134,5297.3,65.32,-10.36,24.44
24.5,24.45,-10.4,59.9,5067.56,-12.44305476,146.8538348,4360.105595,11.1841929,-12.53759069,145.0924724,3347.715338,10.10204916,-14.07214407,181.5222329,3328.806153,9.270078059,-17.71288014,238.7311483,3374.930125,10.2499518,-13.48691994,168.287156,3282.954484,5299.16,65.21,-10.36,24.45
24.51,24.46,-10.39,59.8,5067.7,-12.44105509,146.7991603,4360.750265,11.18576557,-12.53681306,145.072755,3347.943442,10.10485007,-14.07009022,181.482818,3329.314306,9.272326544,-17.70941536,238.6913211,3375.466685,10.25235851,-13.48537983,168.2546968,3283.359308,5299.59,65.11,-10.35,24.46
24.52,24.47,-10.38,59.7,5068.39,-12.43525426,146.5258321,4363.972422,11.19362888,-12.53453022,144.9741741,3349.083808,10.11885466,-14.06407512,181.2857722,3331.854518,9.283568973,-17.6992621,238.4922243,3378.149037,10.26439208,-13.48086533,168.0924197,3285.383036,5299.44,65.01,-10.35,24.47
24.53,24.48,-10.38,59.59,5069.09,-12.43302276,146.4772631,4364.544627,11.19502681,-12.5337322,144.9566517,3349.286459,10.12134436,-14.06192213,181.2507569,3332.305825,9.285567627,-17.69562545,238.4568496,3378.625668,10.26653138,-13.47926496,168.0635801,3285.742606,5300.45,64.9,-10.35,24.48
24.54,24.49,-10.37,59.49,5069.09,-12.43191755,146.4165637,4365.259599,11.19677421,-12.5333002,144.9347503,3349.539737,10.12445649,-14.06078234,181.2069946,3332.869829,9.288065945,-17.69370213,238.4126406,3379.221349,10.2692055,-13.4784091,168.027535,3286.191979,5301.45,64.8,-10.35,24.49
24.55,24.5,-10.36,59.38,5069.79,-12.42271443,146.306125,4366.560289,11.19995413,-12.52975281,144.8948954,3350.000618,10.13010495,-14.05141773,181.1275728,3333.893369,9.292603373,-17.67788927,238.3323567,3380.30313,10.27406785,-13.47138041,167.9619983,3287.008987,5302.02,64.7,-10.34,24.5
24.56,24.51,-10.35,59.28,5070.63,-12.42070698,146.2509465,4367.20953,11.20154409,-12.52896858,144.8749736,3350.230916,10.13292918,-14.04935695,181.0878884,3334.404635,9.294872088,-17.67441445,238.2922507,3380.84361,10.27649902,-13.46983093,167.929247,3287.417133,5301.88,64.59,-10.34,24.51
24.57,24.52,-10.34,59.17,5071.6,-12.41488508,145.9750986,4370.454514,11.20949389,-12.52666645,144.7753708,3351.382247,10.14705033,-14.04332182,180.8894953,3336.960405,9.306215659,-17.66423209,238.0917597,3383.545559,10.28865489,-13.46528922,167.7655095,3289.457464,5303.31,64.49,-10.34,24.52
24.58,24.53,-10.33,59.07,5072.16,-12.41264122,145.9260819,4371.030765,11.21090719,-12.52586145,144.7576669,3351.586845,10.14956076,-14.04116065,180.8542405,3337.414473,9.308232294,-17.6605837,238.0561374,3384.02567,10.29081593,-13.46367843,167.7364104,3289.819983,5303.6,64.39,-10.34,24.53
24.59,24.54,-10.33,58.97,5072.72,-12.4115319,145.8648232,4371.750789,11.21267381,-12.52542579,144.7355385,3351.842557,10.15269879,-14.04001711,180.8101792,3337.981927,9.310753088,-17.65865493,238.0116191,3384.625701,10.29351724,-13.46281738,167.7000411,3290.273038,5303.6,64.28,-10.33,24.54
24.6,24.55,-10.32,58.86,5073.7,-12.40229142,145.7533676,4373.060656,11.2158887,-12.5218482,144.6952706,3352.307867,10.15839362,-14.03062155,180.7302237,3339.01161,9.315330917,-17.64279715,237.9307807,3385.715277,10.29842878,-13.45574596,167.6339179,3291.096704,5304.6,64.18,-10.33,24.55
24.61,24.56,-10.31,58.76,5072.86,-12.40027632,145.6976812,4373.714464,11.21749615,-12.52105734,144.6751424,3352.540376,10.16124104,-14.02855411,180.6902727,3339.525939,9.317619831,-17.63931266,237.8903979,3386.259649,10.30088455,-13.45418717,167.6008737,3291.508172,5306.32,64.08,-10.33,24.56
24.62,24.57,-10.3,58.66,5074.26,-12.39443372,145.4192947,4376.982259,11.22553338,-12.51873581,144.5745077,3353.702759,10.17547811,-14.02249976,180.4905472,3342.097019,9.329064404,-17.62910233,237.6885235,3388.981049,10.31316341,-13.44961847,167.4356716,3293.565105,5306.17,63.97,-10.33,24.57
24.63,24.58,-10.29,58.55,5074.96,-12.39217754,145.3698271,4377.562552,11.22696222,-12.51792378,144.5566205,3353.90932,10.17800914,-14.02033069,180.4550557,3342.553805,9.331098995,-17.62544259,237.6526555,3389.464614,10.31534631,-13.44799732,167.4063124,3293.930571,5306.89,63.87,-10.32,24.58
24.64,24.59,-10.28,58.45,5074.96,-12.39106419,145.3080049,4378.287622,11.22874827,-12.51748444,144.5342628,3354.167485,10.18117294,-14.01918356,180.4106986,3343.124653,9.333642233,-17.62350861,237.6078302,3390.06896,10.31807495,-13.44713111,167.3696178,3294.38731,5308.18,63.77,-10.32,24.59
24.65,24.6,-10.27,58.35,5074.96,-12.38178684,145.1955247,4379.606659,11.23199852,-12.51387649,144.4935779,3354.637258,10.18691385,-14.00975834,180.3302157,3344.160375,9.338260388,-17.6076077,237.5264421,3391.16627,10.32303595,-13.44001729,167.3029066,3295.21763,5307.75,63.66,-10.32,24.6
24.66,24.61,-10.26,58.24,5075.93,-12.37976422,145.1393267,4380.265029,11.23362364,-12.51307896,144.4732413,3354.871995,10.1897843,-14.00768452,180.2900013,3344.677716,9.340569466,-17.60411395,237.4857847,3391.714502,10.32551645,-13.43844929,167.2695687,3295.632418,5309.18,63.56,-10.32,24.61
24.67,24.62,-10.25,58.14,5076.77,-12.37390134,144.8583827,4383.555608,11.24174927,-12.51073794,144.3715647,3356.045517,10.20413658,-14.00161177,180.0889592,3347.263846,9.352114853,-17.5938768,237.2825384,3394.455196,10.33791894,-13.43385382,167.1028984,3297.705945,5309.32,63.46,-10.31,24.62
24.68,24.63,-10.24,58.04,5077.19,-12.37163285,144.8084608,4384.139939,11.24319382,-12.50991883,144.3534923,3356.254057,10.20668809,-13.9994351,180.0532338,3347.723303,9.354167366,-17.59020614,237.2464268,3394.942187,10.34012383,-13.43222236,167.0732782,3298.074357,5310.18,63.35,-10.31,24.63
24.69,24.64,-10.23,57.93,5078.59,-12.37051553,144.7460708,4384.870051,11.24499952,-12.50947579,144.3309032,3356.514695,10.20987749,-13.99828454,180.0085844,3348.297488,9.356733008,-17.58826716,237.201297,3395.550814,10.34287994,-13.43135105,167.0362577,3298.534776,5311.33,63.25,-10.31,24.64
24.7,24.65,-10.21,57.83,5079.29,-12.36120186,144.6325586,4386.198246,11.24828551,-12.50583732,144.2897972,3356.988965,10.21566417,-13.98883098,179.9275808,3349.33914,9.361391396,-17.57232497,237.119364,3396.65579,10.34789064,-13.4241952,166.9689572,3299.371745,5311.33,63.14,-10.3,24.65
24.71,24.66,-10.2,57.73,5079.01,-12.35917183,144.5758451,4386.861172,11.24992851,-12.50503309,144.2692501,3357.225948,10.21855751,-13.98675106,179.8871064,3349.859439,9.36372059,-17.56882236,237.0784347,3397.207848,10.35039599,-13.42261805,166.9353249,3299.78985,5311.47,63.04,-10.3,24.66
24.72,24.67,-10.19,57.63,5079.71,-12.35328908,144.2923247,4390.174505,11.25814349,-12.50267249,144.1665215,3358.410696,10.2330242,-13.98066076,179.6847643,3352.460348,9.375366559,-17.55855955,236.8738287,3399.967666,10.36292274,-13.41799606,166.7671832,3301.879954,5313.48,62.94,-10.3,24.67
24.73,24.68,-10.18,57.53,5080.68,-12.35100831,144.241945,4390.762868,11.25960393,-12.50184625,144.1482621,3358.62123,10.23559606,-13.9784768,179.6488081,3352.922428,9.377436954,-17.55487841,236.8374756,3400.458054,10.36514972,-13.41635438,166.7373016,3302.25131,5313.62,62.84,-10.29,24.68
24.74,24.69,-10.17,57.42,5080.82,-12.34988711,144.1789832,4391.498013,11.26142948,-12.50139948,144.1254393,3358.884359,10.23881088,-13.97732298,179.6038701,3353.499891,9.380024947,-17.55293467,236.792044,3401.070925,10.36793344,-13.415478,166.6999543,3302.715406,5314.2,62.73,-10.29,24.69
24.75,24.7,-10.16,57.32,5081.38,-12.34053764,144.0644312,4392.835353,11.26475162,-12.49773033,144.083908,3359.363162,10.24464299,-13.96784241,179.5223528,3354.54736,9.384723458,-17.53695309,236.7095714,3402.183495,10.37299407,-13.4082805,166.6320635,3303.559013,5314.34,62.63,-10.29,24.7
24.76,24.71,-10.14,57.22,5081.38,-12.33850034,144.0071986,4393.502827,11.26641268,-12.49691937,144.0631485,3359.602409,10.24755904,-13.96575671,179.4816219,3355.070559,9.387072713,-17.53344203,236.6683726,3402.739344,10.37552439,-13.4066943,166.5981363,3303.98043,5314.91,62.53,-10.29,24.71
24.77,24.72,-10.13,57.12,5082.78,-12.33259814,143.7210827,4396.838877,11.27471801,-12.49453911,143.9593575,3360.79847,10.26213931,-13.95964971,179.2779974,3357.685966,9.398818991,-17.52315476,236.4624199,3405.518108,10.38817598,-13.40204605,166.4285204,3306.087088,5316.78,62.42,-10.28,24.72
24.78,24.73,-10.12,57.02,5083.9,-12.33030513,143.6702419,4397.431265,11.27619451,-12.49370567,143.9409093,3361.011013,10.26473135,-13.95745877,179.2418133,3358.150619,9.400907218,-17.51946358,236.4258276,3406.01186,10.39042515,-13.40039421,166.3983769,3306.461382,5316.63,62.32,-10.28,24.73
24.79,24.74,-10.11,56.92,5084.04,-12.32918013,143.606704,4398.171435,11.27804014,-12.49325517,143.9178506,3361.276652,10.26797141,-13.95630185,179.1965906,3358.731296,9.403517501,-17.51751532,236.3800973,3406.628934,10.39323661,-13.39951283,166.3607023,3306.92915,5317.49,62.22,-10.28,24.74
24.8,24.75,-10.09,56.81,5084.6,-12.31979541,143.4911047,4399.517902,11.2813988,-12.48955518,143.8758899,3361.760024,10.27384858,-13.94679566,179.1145671,3359.784465,9.408256008,-17.50149625,236.2970904,3407.749023,10.39834739,-13.39227409,166.2922203,3307.779383,5317.64,62.12,-10.27,24.75
24.81,24.76,-10.08,56.71,5085.02,-12.31775098,143.4333491,4400.189916,11.28307814,-12.48873745,143.8549158,3362.001552,10.27678717,-13.94470447,179.0735832,3360.310507,9.410625262,-17.49797716,236.2556249,3408.308625,10.40090279,-13.39067893,166.2579978,3308.204106,5317.64,62.01,-10.27,24.76
24.82,24.77,-10.07,56.61,5086,-12.31182978,143.1446187,4403.548639,11.2914748,-12.48633743,143.7500521,3363.209013,10.29148009,-13.93858166,178.8686947,3362.940118,9.42247153,-17.48766665,236.0483392,3411.106146,10.41367974,-13.3860047,166.0869057,3310.327286,5318.5,61.91,-10.27,24.77
24.83,24.78,-10.05,56.51,5086,-12.30952454,143.0933136,4404.145044,11.29296754,-12.48549676,143.7314132,3363.423581,10.29409217,-13.93638406,178.8322861,3363.407292,9.424577533,-17.48396587,236.0115101,3411.603229,10.4159512,-13.38434279,166.0564999,3310.704512,5319.79,61.81,-10.26,24.78
24.84,24.79,-10.04,56.41,5087.11,-12.30839583,143.0291953,4404.890229,11.29483346,-12.4850425,143.7081163,3363.69175,10.29735727,-13.93522421,178.7867827,3363.991118,9.427210037,-17.48201333,235.9654839,3412.224465,10.41879053,-13.38345645,166.0184976,3311.175944,5320.36,61.7,-10.26,24.79
24.85,24.8,-10.03,56.31,5087.67,-12.29897643,142.9125411,4406.245804,11.29822906,-12.48131151,143.665722,3364.179725,10.30327911,-13.9256938,178.7042605,3365.049865,9.431988398,-17.46595872,235.8819485,3413.351993,10.42395166,-13.37617693,165.9494238,3312.032788,5320.79,61.6,-10.26,24.8
24.86,24.81,-10.01,56.21,5086.97,-12.296925,142.8542586,4406.922348,11.29992686,-12.48048698,143.6445313,3364.423551,10.30624003,-13.92359742,178.6630276,3365.578689,9.434377578,-17.46243202,235.8402192,3413.915308,10.42653223,-13.37457291,165.9149057,3312.460808,5321.65,61.5,-10.25,24.81
24.87,24.82,-10,56.11,5086.97,-12.29098525,142.5628949,4410.303693,11.30841586,-12.47806711,143.5385844,3365.6425,10.32104464,-13.91745969,178.4568942,3368.222201,9.44632348,-17.4520995,235.6316147,3416.731387,10.43943506,-13.36987301,165.7423358,3314.600468,5321.94,61.4,-10.25,24.82
24.88,24.83,-9.99,56.01,5088.79,-12.28866782,142.511122,4410.904105,11.30992502,-12.47721917,143.5197531,3365.859108,10.32367658,-13.91525575,178.4202644,3368.691842,9.448447196,-17.44838959,235.5945514,3417.231766,10.44172889,-13.36820111,165.7116675,3314.98062,5322.66,61.29,-10.25,24.83
24.89,24.84,-9.97,55.91,5089.35,-12.28753548,142.4464192,4411.654293,11.31181146,-12.47676113,143.4962156,3366.129827,10.32696649,-13.91409316,178.3744847,3369.27875,9.451101841,-17.446433,235.5482325,3417.85712,10.44459619,-13.36730987,165.6733371,3315.455707,5322.66,61.19,-10.24,24.84
24.9,24.85,-9.96,55.81,5090.19,-12.27808199,142.3287025,4413.018954,11.3152444,-12.47299898,143.4533836,3366.622441,10.3329326,-13.90453994,178.2914717,3370.342951,9.455919899,-17.43034483,235.4641746,3418.992005,10.44980785,-13.35999004,165.6036712,3316.319141,5324.38,61.09,-10.24,24.85
24.91,24.86,-9.94,55.71,5090.75,-12.2760237,142.2698894,4413.700016,11.31696087,-12.47216762,143.4319741,3366.868583,10.33591565,-13.90243868,178.2499937,3370.874494,9.458328928,-17.42681095,235.4221844,3419.558991,10.45241368,-13.35837727,165.5688573,3316.750449,5323.8,60.99,-10.24,24.86
24.92,24.87,-9.93,55.61,5091.17,-12.27006587,141.9758733,4417.103924,11.32554322,-12.4697278,143.3249336,3368.099107,10.35083091,-13.89628695,178.0426352,3373.531595,9.470374072,-17.41645765,235.212276,3422.393423,10.46544284,-13.353652,165.3948089,3318.906538,5323.8,60.89,-10.23,24.87
24.93,24.88,-9.91,55.51,5092.43,-12.26773628,141.9236291,4417.708333,11.32706897,-12.46887255,143.3059079,3368.317771,10.35348252,-13.894077,178.0057877,3374.003648,9.472515431,-17.41273908,235.1749811,3422.89706,10.46775913,-13.35197022,165.363878,3319.289607,5325.67,60.78,-10.23,24.88
24.94,24.89,-9.9,55.41,5092.71,-12.26660039,141.8583376,4418.463511,11.32897616,-12.46841071,143.2821274,3368.591059,10.35679702,-13.89291184,177.9597361,3374.593568,9.47519213,-17.4107787,235.1283728,3423.526486,10.4706545,-13.35107415,165.3252193,3319.768338,5326.39,60.68,-10.23,24.89
24.95,24.9,-9.89,55.31,5093.13,-12.25711343,141.7395508,4419.837233,11.33244685,-12.46461726,143.2388534,3369.088347,10.36280695,-13.88333725,177.8762406,3375.663094,9.480049714,-17.39465894,235.0437985,3424.668641,10.47591686,-13.3437145,165.2549612,3320.638338,5327.68,60.58,-10.22,24.9
24.96,24.91,-9.87,55.21,5092.99,-12.25504843,141.6802033,4420.5228,11.3341822,-12.46377903,143.217223,3369.336822,10.36581192,-13.88123144,177.8345217,3376.197292,9.482478506,-17.39111831,235.0015505,3425.239257,10.47854804,-13.3420931,165.2198515,3321.072923,5327.82,60.48,-10.22,24.91
24.97,24.92,-9.86,55.11,5094.11,-12.24907299,141.3835159,4423.949205,11.34285892,-12.46131917,143.1090782,3370.579009,10.38083674,-13.87506661,177.6259586,3378.86766,9.494622466,-17.38074549,234.7903535,3428.091826,10.49170393,-13.33734281,165.0443244,3323.245383,5328.54,60.38,-10.22,24.92
24.98,24.93,-9.84,55.01,5094.11,-12.24673127,141.3307972,4424.557599,11.34440145,-12.46045656,143.0898563,3370.799745,10.38350783,-13.87285099,177.5888972,3379.342066,9.496781392,-17.37701873,234.7528297,3428.598683,10.49404275,-13.33565125,165.0131306,3323.631358,5328.83,60.27,-10.22,24.93
24.99,24.94,-9.83,54.92,5094.39,-12.24559193,141.2649127,4425.317752,11.34632961,-12.45999091,143.0658306,3371.075621,10.38684668,-13.87168344,177.5425781,3379.934927,9.49948005,-17.37505481,234.7059355,3429.232133,10.49696628,-13.3347504,164.9741436,3324.113719,5329.12,60.17,-10.21,24.94
25,24.95,-9.81,54.82,5094.95,-12.2360721,141.1450481,4426.700507,11.34983846,-12.456166,143.0221103,3371.577618,10.39289998,-13.86208894,177.4586086,3381.009646,9.504376977,-17.35890545,234.6208511,3430.381471,10.50227948,-13.32735149,164.9032935,3324.990259,5329.83,60.07,-10.21,24.95
25.01,24.96,-9.8,54.72,5095.37,-12.23400055,141.0851625,4427.390564,11.35159289,-12.45532087,143.0002569,3371.828444,10.39592663,-13.85997889,177.4166529,3381.546433,9.506825441,-17.35535851,234.5783485,3430.955671,10.50493607,-13.32572157,164.8678881,3325.428105,5330.69,59.97,-10.21,24.96
25.02,24.97,-9.78,54.62,5095.65,-12.22800799,140.7857848,4430.839394,11.36036502,-12.45284087,142.8909971,3373.082382,10.41105988,-13.8538019,177.2069064,3384.229738,9.51906776,-17.34496743,234.3658787,3433.826155,10.51821906,-13.32094662,164.6908828,3327.616868,5331.99,59.87,-10.2,24.97
25.03,24.98,-9.76,54.52,5097.05,-12.22565418,140.7325881,4431.451759,11.36192451,-12.45197087,142.871577,3373.305205,10.41375023,-13.85158095,177.1696348,3384.706441,9.521244172,-17.34123296,234.3281289,3434.336194,10.52058047,-13.31924538,164.6594265,3328.005736,5331.99,59.76,-10.2,24.98
25.04,24.99,-9.75,54.42,5098.45,-12.22451148,140.6661065,4432.216869,11.36387388,-12.45150139,142.8473037,3373.583689,10.41711317,-13.85041119,177.123053,3385.302169,9.523964688,-17.33926574,234.2809522,3434.973618,10.52353225,-13.31833983,164.6201113,3328.491713,5332.13,59.66,-10.2,24.99
25.05,25,-9.73,54.33,5098.59,-12.21495943,140.5451566,4433.608626,11.36742131,-12.44764486,142.8031328,3374.090431,10.42320937,-13.84079825,177.0386182,3386.381945,9.528900766,-17.32308878,234.1953642,3436.130047,10.5288964,-13.31090223,164.5486697,3329.374761,5333.42,59.56,-10.2,25
25.06,25.01,-9.72,54.23,5098.73,-12.21288147,140.484729,4434.303158,11.36919503,-12.44679281,142.7810541,3374.343625,10.42625746,-13.83868428,176.9964302,3386.921254,9.531368805,-17.31953597,234.1526102,3436.707786,10.53157848,-13.30926391,164.5129688,3329.815853,5333.71,59.46,-10.19,25.01
25.07,25.02,-9.7,54.13,5099.15,-12.20687231,140.182642,4437.77433,11.37806362,-12.44429258,142.6706686,3375.609403,10.44149794,-13.83249607,176.785522,3389.617159,9.543709,-17.30912788,233.9388837,3439.595958,10.54498886,-13.30446468,164.3344865,3332.020839,5334.14,59.36,-10.19,25.02
25.08,25.03,-9.69,54.03,5099.85,-12.20450644,140.1289641,4438.390653,11.37964026,-12.44341514,142.6510485,3375.834328,10.44420736,-13.83027013,176.748044,3390.096097,9.545902812,-17.30538618,233.9009107,3440.109138,10.54737292,-13.30275389,164.3027678,3332.412587,5335,59.25,-10.19,25.03
25.09,25.04,-9.67,53.94,5099.85,-12.20336047,140.0618811,4439.160702,11.38161106,-12.44294181,142.6265251,3376.115439,10.44759413,-13.82909834,176.7012043,3390.694618,9.548645078,-17.30341592,233.8534552,3440.750486,10.55035301,-13.30184371,164.2631246,3332.902162,5336.01,59.15,-10.19,25.04
25.1,25.05,-9.66,53.84,5099.85,-12.19377685,139.9398384,4440.561425,11.3851975,-12.43905352,142.5818992,3376.626961,10.45373272,-13.81946844,176.6163132,3391.779314,9.553620104,-17.28721337,233.7673703,3441.913913,10.55576822,-13.29436801,164.1910923,3333.791681,5336.01,59.05,-10.18,25.05
25.11,25.06,-9.64,53.75,5100.97,-12.19169264,139.8788649,4441.260414,11.38699072,-12.43819451,142.5595932,3376.882542,10.45680201,-13.81735088,176.5738972,3392.321076,9.556107617,-17.28365511,233.7243681,3442.495145,10.55847583,-13.29272143,164.1550964,3334.236002,5336.87,58.95,-10.18,25.06
25.12,25.07,-9.62,53.65,5102.09,-12.18566739,139.5740499,4444.75384,11.39595683,-12.43567397,142.4480711,3378.160247,10.47214848,-13.81115238,176.3618497,3395.029235,9.568545182,-17.27323127,233.5094015,3445.400772,10.57201386,-13.28789832,163.9751391,3336.457122,5336.73,58.85,-10.18,25.07
25.13,25.08,-9.61,53.55,5102.79,-12.1832895,139.5198873,4445.374103,11.3975508,-12.43478904,142.4282489,3378.38729,10.47487674,-13.80892181,176.3241693,3395.510348,9.570756305,-17.26948282,233.4712083,3445.917051,10.57442062,-13.2861781,163.9431583,3336.851734,5337.73,58.75,-10.18,25.08
25.14,25.09,-9.59,53.46,5102.37,-12.18214038,139.4521987,4446.149071,11.39954327,-12.43431185,142.403473,3378.671048,10.47828706,-13.80774817,176.2770767,3396.111586,9.573520209,-17.26750977,233.4234775,3446.562272,10.57742907,-13.28526337,163.9031877,3337.344886,5337.73,58.64,-10.17,25.09
25.15,25.1,-9.58,53.36,5104.05,-12.17252586,139.3290556,4447.558723,11.40316914,-12.43039165,142.3583878,3379.187385,10.48446753,-13.7981028,176.1917383,3397.201061,9.578533974,-17.25128361,233.3369023,3447.732602,10.58289542,-13.27775021,163.8305658,3338.240839,5338.74,58.54,-10.17,25.1
25.16,25.11,-9.56,53.27,5103.49,-12.17043557,139.2675326,4448.262149,11.40498208,-12.42952565,142.3358523,3379.44537,10.48755777,-13.79598198,176.1490989,3397.745205,9.581040856,-17.24772034,233.2936554,3448.317279,10.5856286,-13.27609552,163.7942754,3338.688368,5339.75,58.44,-10.17,25.11
25.17,25.12,-9.54,53.17,5104.61,-12.16439476,138.9599705,4451.777731,11.41404677,-12.42698471,142.2231825,3380.73509,10.50300894,-13.78977414,175.9359348,3400.46527,9.593575269,-17.23728201,233.0774653,3451.240125,10.59929448,-13.27124895,163.6128459,3340.925522,5340.46,58.34,-10.17,25.12
25.18,25.13,-9.53,53.07,5104.89,-12.16200488,138.90532,4452.401917,11.41565827,-12.42609226,142.2031564,3380.964267,10.50575581,-13.78753928,175.898056,3400.948495,9.595803609,-17.2335273,233.0390548,3451.759461,10.60172397,-13.26951943,163.5806035,3341.322981,5340.46,58.24,-10.16,25.13
25.19,25.14,-9.51,52.98,5105.17,-12.16085269,138.8370216,4453.181782,11.41767264,-12.42561118,142.1781256,3381.250691,10.50918941,-13.78636398,175.8507156,3401.552372,9.598589034,-17.23155169,232.9910525,3452.408502,10.60476083,-13.26860023,163.540306,3341.819688,5341.47,58.13,-10.16,25.14
25.2,25.15,-9.5,52.88,5105.17,-12.15120797,138.7127705,4454.600322,11.42133838,-12.42165893,142.1325766,3381.771879,10.51541123,-13.77670463,175.7649392,3402.646484,9.603641323,-17.2153039,232.9039938,3453.58564,10.61027837,-13.26105028,163.4670959,3342.722029,5341.9,58.03,-10.16,25.15
25.21,25.16,-9.48,52.79,5106.43,-12.14911177,138.6506942,4455.308163,11.42317125,-12.4207859,142.1098093,3382.032286,10.51852214,-13.77458086,175.7220811,3403.192939,9.606167467,-17.21173606,232.8605054,3454.173714,10.61303715,-13.25938763,163.4305117,3343.172745,5342.33,57.93,-10.16,25.16
25.22,25.17,-9.46,52.69,5106.99,-12.14305595,138.3403663,4458.845794,11.43233561,-12.41822447,141.9959808,3383.334108,10.5340767,-13.76836464,175.5078236,3405.924554,9.618798189,-17.20128448,232.6431088,3457.113539,10.62683101,-13.25451803,163.2476135,3345.425823,5342.76,57.83,-10.16,25.17
25.23,25.18,-9.45,52.6,5108.25,-12.14065412,138.2852244,4459.473885,11.43396482,-12.41732446,141.9757488,3383.565435,10.53684196,-13.76612585,175.4697506,3406.409828,9.621043651,-17.19752398,232.6044839,3457.635891,10.62928325,-13.25277936,163.2151102,3345.826108,5343.77,57.73,-10.15,25.18
25.24,25.19,-9.43,52.5,5108.11,-12.13949898,138.2163122,4460.258622,11.43600135,-12.41683949,141.9504607,3383.854545,10.54029852,-13.76494907,175.4221674,3407.016264,9.623850478,-17.19554607,232.5562139,3458.288698,10.63234855,-13.25185578,163.1744866,3346.326346,5344.49,57.63,-10.15,25.19
25.25,25.2,-9.42,52.41,5109.1,-12.12982476,138.0909456,4461.686005,11.43970739,-12.41285504,141.9044434,3384.38062,10.54656116,-13.75527723,175.3359625,3408.114869,9.628941073,-17.17927861,232.4686784,3459.472548,10.63791732,-13.24426975,163.1006901,3347.235027,5344.49,57.53,-10.15,25.2
25.26,25.21,-9.4,52.32,5108.25,-12.12772282,138.0283122,4462.398239,11.44156041,-12.41197495,141.8814421,3384.643465,10.54969247,-13.75315084,175.2928904,3408.663564,9.63148637,-17.17570661,232.424952,3460.063971,10.64070171,-13.24259929,163.063813,3347.688906,5344.49,57.42,-10.15,25.21
25.27,25.22,-9.38,52.22,5110.08,-12.12165255,137.7151997,4465.957804,11.45082552,-12.40939296,141.7664438,3385.95748,10.56534906,-13.74692718,175.077563,3411.406368,9.644212856,-17.16524301,232.2063656,3463.020535,10.65462363,-13.23770713,162.8794505,3349.957785,5346.36,57.32,-10.15,25.22
25.28,25.23,-9.37,52.13,5110.92,-12.11923881,137.6595631,4466.589778,11.45247265,-12.40848534,141.7460039,3386.190971,10.56813245,-13.74468481,175.0392999,3411.893627,9.646475343,-17.16147719,232.1675295,3463.545858,10.65709864,-13.23595946,162.8466871,3350.360875,5346.65,57.22,-10.14,25.23
25.29,25.24,-9.35,52.03,5110.78,-12.11808082,137.5900328,4467.379362,11.45453156,-12.40799645,141.720456,3386.482787,10.57161169,-13.74350674,174.9914792,3412.502543,9.649303451,-17.15949723,232.1189954,3464.202379,10.6601924,-13.23503158,162.8057384,3350.864617,5347.51,57.12,-10.14,25.24
25.3,25.25,-9.34,51.94,5111.34,-12.10837784,137.4635432,4468.815538,11.45827835,-12.40397966,141.6739659,3387.013783,10.57791458,-13.7338239,174.9048554,3413.605495,9.654432131,-17.14321203,232.0309899,3465.392843,10.6658124,-13.2274102,162.7313576,3351.779585,5347.94,57.02,-10.14,25.25
25.31,25.26,-9.32,51.85,5111.34,-12.10627033,137.400349,4469.532142,11.46015174,-12.40309249,141.6507283,3387.279085,10.58106603,-13.73169522,174.861574,3414.156357,9.65699647,-17.13963629,231.9870288,3465.987567,10.6686224,-13.2257321,162.6941885,3352.236599,5348.09,56.92,-10.14,25.26
25.32,25.27,-9.3,51.76,5111.2,-12.1001862,137.0844332,4473.113516,11.46951871,-12.40048984,141.534549,3388.605379,10.59682325,-13.72546506,174.6452006,3416.909987,9.66981817,-17.12916188,231.7672696,3468.960628,10.68267239,-13.22081787,162.5083671,3354.521147,5348.52,56.82,-10.14,25.27
25.33,25.28,-9.29,51.66,5112.88,-12.09776058,137.0282986,4473.749351,11.47118395,-12.39957458,141.5138992,3388.841051,10.59962453,-13.72321947,174.6067517,3417.399167,9.672097584,-17.12539123,231.7282251,3469.488881,10.68517017,-13.21906135,162.4753444,3354.927017,5349.67,56.71,-10.13,25.28
25.34,25.29,-9.27,51.57,5113.16,-12.09659985,136.9581461,4474.543752,11.4732655,-12.39908175,141.4880889,3389.135591,10.60312614,-13.72204028,174.5586988,3418.010482,9.67494685,-17.12340944,231.6794308,3470.149061,10.68829239,-13.21812928,162.4340718,3355.434234,5349.67,56.61,-10.13,25.29
25.35,25.3,-9.26,51.48,5113.72,-12.08686886,136.830526,4475.988671,11.47705347,-12.39503248,141.4411215,3389.671545,10.60946872,-13.71234793,174.4716656,3419.117634,9.680113396,-17.1071084,231.5909619,3471.346044,10.6939636,-13.21047333,162.3591091,3356.355431,5349.52,56.51,-10.13,25.3
25.36,25.31,-9.24,51.38,5114.42,-12.08475597,136.7667673,4476.709616,11.47894746,-12.3941382,141.4176455,3389.939322,10.61264001,-13.71021729,174.4281798,3419.670589,9.682696669,-17.10352934,231.5467696,3471.944021,10.6967992,-13.20878776,162.3216494,3356.815551,5349.52,56.41,-10.13,25.31
25.37,25.32,-9.23,51.29,5114.14,-12.07865854,136.4480295,4480.312667,11.4884174,-12.39151482,141.3002737,3391.277983,10.62849645,-13.70398158,174.2107845,3422.434678,9.695613033,-17.0930453,231.3258542,3474.933338,10.71097722,-13.20385196,162.134375,3359.115623,5350.24,56.31,-10.13,25.32
25.38,25.33,-9.21,51.2,5115.12,-12.0762211,136.3913936,4480.952338,11.49010095,-12.39059187,141.279412,3391.515852,10.63131538,-13.70173312,174.172154,3422.925714,9.697909276,-17.08927028,231.2866044,3475.464477,10.71349775,-13.20208677,162.1010942,3359.524249,5351.83,56.21,-10.13,25.33
25.39,25.34,-9.2,51.11,5115.69,-12.07505775,136.3206147,4481.751527,11.49220538,-12.3900951,141.2533369,3391.813136,10.63483903,-13.700553,174.1238742,3423.539346,9.700779579,-17.0872869,231.2375535,3476.128264,10.71664842,-13.20115059,162.059499,3360.034908,5351.83,56.11,-10.12,25.34
25.4,25.35,-9.18,51.02,5115.97,-12.06529951,136.1918567,4483.205132,11.496035,-12.38601321,141.2058876,3392.354082,10.64122072,-13.69085261,174.0364415,3424.650551,9.705983773,-17.07097188,231.1486279,3477.331669,10.72237079,-13.19346089,161.9839572,3360.962271,5352.69,56,-10.12,25.35
25.41,25.36,-9.17,50.92,5115.41,-12.06318141,136.1275298,4483.93039,11.49794981,-12.38511179,141.1821707,3392.624351,10.64441157,-13.68872032,173.9927561,3425.205526,9.70858587,-17.0673899,231.1042076,3477.932851,10.72523197,-13.19176802,161.9462083,3361.425467,5352.69,55.9,-10.12,25.36
25.42,25.37,-9.15,50.83,5115.41,-12.05707131,135.8059515,4487.554973,11.50752385,-12.38246759,141.0635951,3393.975468,10.6603658,-13.68248,173.7743631,3427.979706,9.721596355,-17.05689741,230.8821526,3480.938186,10.73953789,-13.18681119,161.7574879,3363.740907,5354.27,55.8,-10.12,25.37
25.43,25.38,-9.14,50.74,5117.37,-12.05462208,135.748811,4488.198454,11.5092259,-12.38153692,141.0425195,3394.215548,10.66320211,-13.68022902,173.7355554,3428.472532,9.72390933,-17.05311847,230.8427004,3481.472168,10.74208116,-13.18503749,161.7239503,3364.15226,5355.14,55.7,-10.12,25.38
25.44,25.39,-9.12,50.65,5118.07,-12.05345622,135.6774016,4489.0024,11.51135347,-12.38103618,141.016177,3394.515597,10.66674749,-13.67904815,173.6870541,3429.0884,9.726800549,-17.05113373,230.7933966,3482.139508,10.74526026,-13.18409732,161.6820341,3364.666326,5355.71,55.6,-10.12,25.39
25.45,25.4,-9.11,50.56,5118.91,-12.04367152,135.5474983,4490.46463,11.51522519,-12.37692154,140.9682412,3395.061571,10.67316752,-13.66934148,173.5992341,3430.203476,9.732042178,-17.03480654,230.7040208,3483.349242,10.75103371,-13.17637469,161.6059163,3365.599789,5356.72,55.5,-10.11,25.4
25.46,25.41,-9.09,50.47,5120.18,-12.04154841,135.4825995,4491.19417,11.51716104,-12.37601296,140.9442812,3395.33435,10.67637754,-13.66720793,173.5553553,3430.76038,9.734662992,-17.03122204,230.6593758,3483.953581,10.75392043,-13.17467472,161.5678797,3366.066026,5356,55.4,-10.11,25.41
25.47,25.42,-9.08,50.38,5120.18,-12.03542626,135.1581622,4494.840132,11.52684033,-12.37334787,140.8244903,3396.69801,10.69242762,-13.66096411,173.3359956,3433.544198,9.747767065,-17.02072222,230.4361974,3486.974698,10.76835406,-13.1696974,161.3777214,3368.396665,5356,55.3,-10.11,25.42
25.48,25.43,-9.07,50.29,5120.18,-12.03296528,135.1005138,4495.487397,11.52856109,-12.37240942,140.8031987,3396.940318,10.69528096,-13.65871103,173.2970161,3434.038734,9.750096678,-17.01693982,230.3965457,3487.511483,10.77092004,-13.1679154,161.3439282,3368.810716,5357.44,55.2,-10.11,25.43
25.49,25.44,-9.05,50.2,5121.02,-12.03179703,135.0284698,4496.296063,11.53071204,-12.37190471,140.7765863,3397.243149,10.69884765,-13.65752963,173.2483001,3434.656738,9.753008694,-17.01495394,230.3469926,3488.182323,10.77412751,-13.16697133,161.3016928,3369.328151,5358.31,55.1,-10.11,25.44
25.5,25.45,-9.04,50.11,5120.6,-12.02198667,134.8974139,4497.766855,11.53462632,-12.36775719,140.7281593,3397.794187,10.70530562,-13.64781783,173.1601001,3435.775571,9.758287551,-16.99861635,230.2571731,3489.398292,10.77995194,-13.15921667,161.2250026,3370.267642,5359.17,54.99,-10.11,25.45
25.51,25.46,-9.02,50.02,5121.44,-12.01985875,134.8319394,4498.500645,11.53658345,-12.3668414,140.7039539,3398.069493,10.70853461,-13.64568326,173.1160315,3436.334347,9.76092698,-16.99502971,230.2123065,3490.005743,10.78286416,-13.15750979,161.1866802,3370.736884,5359.6,54.89,-10.1,25.46
25.52,25.47,-9.01,49.93,5122,-12.01372518,134.5046248,4502.167822,11.54636913,-12.36415535,140.5829359,3399.445785,10.72467955,-13.63943668,172.8957228,3439.127518,9.774124122,-16.98452367,229.9880206,3493.04241,10.79742523,-13.15251256,160.9950926,3373.082542,5360.18,54.79,-10.1,25.47
25.53,25.48,-9,49.84,5122,-12.0112525,134.4464653,4502.818841,11.54810881,-12.3632091,140.5614263,3399.690336,10.72754976,-13.63718179,172.8565747,3439.623713,9.77647028,-16.98073824,229.9481722,3493.581955,10.80001387,-13.15072243,160.9610456,3373.499258,5360.47,54.69,-10.1,25.48
25.54,25.49,-8.99,49.75,5122.56,-12.01008198,134.3737826,4503.632191,11.5502834,-12.36270039,140.5345414,3399.99597,10.73113753,-13.63599998,172.8076481,3440.243788,9.779402979,-16.97875144,229.8983733,3494.256245,10.80324967,-13.14977458,160.9184928,3374.020023,5361.19,54.59,-10.1,25.49
25.55,25.5,-8.97,49.66,5124.25,-12.00024679,134.2415668,4505.111476,11.5542407,-12.35851985,140.4856185,3400.552106,10.73763266,-13.62628478,172.7190804,3441.366197,9.784718864,-16.96240517,229.8081162,3495.478358,10.80912494,-13.1419888,160.8412342,3374.965464,5360.76,54.49,-10.1,25.5
25.56,25.51,-8.96,49.57,5123.97,-11.99811425,134.175513,4505.849481,11.55621934,-12.35759685,140.4611654,3400.829957,10.74088023,-13.62414958,172.6748282,3441.926754,9.787376807,-16.95881675,229.7630311,3496.088875,10.81206258,-13.14027521,160.8026278,3375.437674,5362.05,54.39,-10.1,25.51
25.57,25.52,-8.95,49.48,5125.51,-11.99196991,133.8453028,4509.537698,11.56611258,-12.35488975,140.3389088,3402.218968,10.75711806,-13.61790133,172.4536015,3444.728825,9.80066652,-16.94830557,229.5376533,3499.140864,10.82675078,-13.13525866,160.6096208,3377.798158,5363.64,54.29,-10.09,25.52
25.58,25.53,-8.94,49.39,5124.67,-11.98948558,133.7866289,4510.19244,11.56787138,-12.35393565,140.317179,3402.465777,10.76000479,-13.61564503,172.4142903,3445.226598,9.803029136,-16.94451753,229.497611,3499.68313,10.82936201,-13.13346061,160.5753216,3378.217505,5363.64,54.19,-10.09,25.53
25.59,25.54,-8.92,49.3,5125.37,-11.98831291,133.7133035,4511.010434,11.57006987,-12.35342293,140.290019,3402.774233,10.76361319,-13.61446303,172.3651599,3445.848645,9.805982406,-16.94253002,229.4475698,3500.360819,10.83262606,-13.13250909,160.5324536,3378.741556,5363.49,54.09,-10.09,25.54
25.6,25.55,-8.91,49.21,5126.49,-11.97845374,133.5799204,4512.49814,11.57407066,-12.34920926,140.2405956,3403.335504,10.77014508,-13.60474555,172.2762317,3446.974515,9.811334971,-16.9261772,229.3568838,3501.588952,10.83855202,-13.12469314,160.4546308,3379.692866,5364.79,53.98,-10.09,25.55
25.61,25.56,-8.9,49.12,5126.49,-11.97631679,133.5132838,4513.240324,11.57607106,-12.348279,140.2158923,3403.615916,10.77341103,-13.60260996,172.2317994,3447.536797,9.814011254,-16.92258747,229.3115845,3502.202472,10.841515,-13.12297305,160.4157426,3380.168002,5364.5,53.88,-10.09,25.56
25.62,25.57,-8.89,49.04,5126.91,-11.97016235,133.1801599,4516.949397,11.58607302,-12.34555079,140.0923852,3405.017734,10.78974075,-13.59636076,172.0096725,3450.347483,9.827392669,-16.91207248,229.0851364,3505.269472,10.85632991,-13.1179378,160.221327,3382.543107,5365.8,53.78,-10.09,25.57
25.63,25.58,-8.88,48.95,5127.48,-11.96766641,133.1209683,4517.607827,11.58785115,-12.34458881,140.0704332,3405.266817,10.79264382,-13.59410331,171.9702014,3450.846784,9.829771587,-16.90828236,229.0449039,3505.814403,10.85896368,-13.11613204,160.1867774,3382.965049,5366.38,53.68,-10.08,25.58
25.64,25.59,-8.87,48.86,5127.48,-11.96649172,133.0469962,4518.430425,11.59007381,-12.34407207,140.0429955,3405.578115,10.79627264,-13.59292126,171.9208711,3451.470739,9.832745234,-16.9062944,228.9946251,3506.495422,10.86225588,-13.11517698,160.1435967,3383.492342,5366.95,53.58,-10.08,25.59
25.65,25.6,-8.86,48.77,5128.04,-11.95660943,132.9124388,4519.926474,11.59411857,-12.33982512,139.9930667,3406.144554,10.80284069,-13.5832029,171.8315922,3452.599923,9.838134303,-16.88993661,228.903516,3507.729489,10.86823234,-13.10733183,160.0652144,3384.449433,5367.1,53.48,-10.08,25.6
25.66,25.61,-8.85,48.68,5128.32,-11.95446828,132.8452156,4520.672796,11.59614095,-12.3388876,139.9681109,3406.427547,10.80612471,-13.58106723,171.7869846,3453.163856,9.840828838,-16.88634592,228.8580054,3508.345971,10.87122056,-13.10560546,160.0260467,3384.927452,5367.1,53.38,-10.08,25.61
25.67,25.62,-8.84,48.59,5129.58,-11.94830442,132.50916,4524.402529,11.60625283,-12.3361382,139.8433415,3407.842259,10.82254483,-13.57481796,171.5639819,3455.982789,9.85430151,-16.87582811,228.6305012,3511.427769,10.88616171,-13.10055214,159.830234,3387.316962,5368.39,53.28,-10.08,25.62
25.68,25.63,-8.83,48.51,5130.43,-11.94579691,132.4494476,4525.064613,11.6080505,-12.33516829,139.8211652,3408.093631,10.82546396,-13.57255971,171.5243553,3456.483553,9.856696652,-16.8720363,228.5900812,3511.975327,10.88881791,-13.09873889,159.7954363,3387.74146,5368.11,53.18,-10.08,25.63
25.69,25.64,-8.82,48.42,5130.57,-11.94462034,132.3748247,4525.89177,11.61029759,-12.33464752,139.7934471,3408.407789,10.82911288,-13.57137777,171.4748305,3457.109335,9.859690579,-16.87004808,228.5395681,3512.659628,10.89213817,-13.09778041,159.7519454,3388.271946,5368.11,53.08,-10.08,25.64
25.7,25.65,-8.81,48.33,5131.27,-11.93471582,132.2390858,4527.396081,11.61438679,-12.33036719,139.7430082,3408.979433,10.83571648,-13.56165991,171.3852105,3458.241686,9.865116147,-16.85368635,228.4480385,3513.899585,10.89816489,-13.08990708,159.6730086,3389.234728,5368.83,52.98,-10.07,25.65
25.71,25.66,-8.8,48.24,5131.41,-11.93257069,132.1712726,4528.146501,11.6164314,-12.32942236,139.7177975,3409.265023,10.83901828,-13.55952446,171.3404326,3458.807196,9.867828931,-16.85009492,228.4023181,3514.519004,10.90117826,-13.08817465,159.6335639,3389.715583,5369.69,52.88,-10.07,25.66
25.72,25.67,-8.79,48.16,5131.27,-11.92639811,131.8322674,4531.896685,11.62665441,-12.32665171,139.5917537,3410.692716,10.85552729,-13.553276,171.1165784,3461.63401,9.881392851,-16.83957492,228.1737647,3517.615487,10.91624508,-13.08310393,159.4363667,3392.11927,5370.85,52.77,-10.07,25.67
25.73,25.68,-8.79,48.07,5132.39,-11.92387908,131.772031,4532.562386,11.62847183,-12.32567384,139.5693509,3410.946393,10.85846222,-13.55101727,171.0768004,3462.136172,9.883804214,-16.8357817,228.1331584,3518.165652,10.91892363,-13.08128341,159.401323,3392.546283,5370.7,52.67,-10.07,25.68
25.74,25.69,-8.78,47.98,5132.81,-11.92270076,131.6967535,4533.394055,11.63074361,-12.32514902,139.5413498,3411.263432,10.86213089,-13.54983561,171.0270866,3462.763699,9.886818419,-16.83379333,228.0824124,3518.853209,10.92227181,-13.08032164,159.3575247,3393.079911,5370.99,52.57,-10.07,25.69
25.75,25.7,-8.77,47.89,5132.81,-11.91277492,131.5598258,4534.906541,11.63487775,-12.32083518,139.4903959,3411.840315,10.86876925,-13.54011989,170.9371379,3463.899038,9.89228017,-16.81742961,227.9904704,3520.098939,10.92834856,-13.07242117,159.2780389,3394.048287,5372,52.47,-10.07,25.7
25.76,25.71,-8.76,47.81,5133.38,-11.91062601,131.491419,4535.661015,11.63694482,-12.31988303,139.4649279,3412.128519,10.87208843,-13.53798501,170.8921958,3464.466037,9.895011046,-16.81383786,227.9445441,3520.721239,10.93138694,-13.07068292,159.23832,3394.531931,5372.29,52.37,-10.07,25.71
25.77,25.72,-8.76,47.72,5134.5,-11.90444543,131.1494467,4539.431431,11.64728016,-12.31709106,139.3375977,3413.569279,10.88868433,-13.53173841,170.6675207,3467.300284,9.908665424,-16.80331691,227.7149616,3523.832114,10.94657881,-13.06559547,159.0397518,3396.949553,5372.58,52.27,-10.06,25.72
25.78,25.73,-8.75,47.63,5135.63,-11.90191493,131.0886832,4540.10071,11.64911755,-12.3161052,139.3149663,3413.825277,10.89163472,-13.5294796,170.6275969,3467.803764,9.911092869,-16.79952274,227.6741725,3524.384834,10.94927959,-13.06376792,159.0044645,3397.379038,5373.87,52.17,-10.06,25.73
25.79,25.74,-8.74,47.54,5135.2,-11.900735,131.012747,4540.936841,11.6514143,-12.3155763,139.2866795,3414.145215,10.89532269,-13.52829841,170.5777008,3468.432937,9.914127175,-16.79753448,227.6231981,3525.075584,10.95265556,-13.06280298,158.9603618,3397.915755,5373.44,52.07,-10.06,25.74
25.8,25.75,-8.74,47.46,5134.92,-11.89078876,130.8746237,4542.457412,11.65559386,-12.31122884,139.2352057,3414.727372,10.90199522,-13.51858615,170.4874329,3469.571121,9.919625137,-16.78116966,227.5308459,3526.327048,10.95878205,-13.05487647,158.8803327,3398.889624,5373.44,51.97,-10.06,25.75
25.81,25.76,-8.73,47.37,5136.05,-11.8886363,130.8056198,4543.215894,11.65768364,-12.31026935,139.209478,3415.018208,10.90533148,-13.51645214,170.4423313,3470.139536,9.922374118,-16.77757779,227.4847148,3526.952208,10.9618453,-13.05313262,158.8403425,3399.376007,5375.17,51.87,-10.06,25.76
25.82,25.77,-8.72,47.28,5136.19,-11.88244846,130.4606627,4547.006311,11.66813254,-12.30745599,139.0808492,3416.472123,10.9220128,-13.51020822,170.2168591,3472.980859,9.936119023,-16.76705642,227.2541086,3530.077381,10.97716152,-13.04802913,158.6404178,3401.807311,5375.61,51.77,-10.06,25.77
25.83,25.78,-8.72,47.2,5136.33,-11.87990654,130.3993689,4547.679126,11.66999012,-12.30646209,139.0579871,3416.730457,10.92497837,-13.50794965,170.1767937,3473.485593,9.938562561,-16.76326154,227.2131376,3530.632639,10.9798844,-13.0461948,158.6048895,3402.239225,5377.19,51.67,-10.06,25.78
25.84,25.79,-8.71,47.11,5137.88,-11.87872513,130.3227702,4548.519668,11.6723121,-12.30592913,139.0294118,3417.053312,10.92868533,-13.50676909,170.1267206,3474.116333,9.941616985,-16.76127349,227.161936,3531.32656,10.98328801,-13.04522684,158.5604857,3402.778974,5377.05,51.57,-10.05,25.79
25.85,25.8,-8.71,47.02,5138.44,-11.86875944,130.1834444,4550.048227,11.67653758,-12.30154793,138.9774133,3417.640778,10.93539143,-13.49706158,170.0361429,3475.25722,9.947150874,-16.74490938,227.069181,3532.583649,10.98946393,-13.03727537,158.4799194,3403.75823,5377.48,51.47,-10.05,25.8
25.86,25.81,-8.7,46.94,5138.44,-11.86660367,130.1138399,4550.810667,11.67865032,-12.30058107,138.9514234,3417.934264,10.93874448,-13.49492871,169.9908866,3475.82698,9.949917818,-16.74131777,227.0228488,3533.211616,10.99255188,-13.03552618,158.4396609,3404.247298,5377.92,51.37,-10.05,25.81
25.87,25.82,-8.7,46.85,5138.16,-11.86040931,129.7658808,4554.620842,11.68921402,-12.29774627,138.8214837,3419.401419,10.95550973,-13.4886883,169.7646407,3478.675025,9.963752541,-16.73079712,226.7912373,3536.350814,11.00799167,-13.03040737,158.2383951,3406.692021,5378.64,51.27,-10.05,25.82
25.88,25.83,-8.69,46.76,5138.44,-11.85785601,129.7040537,4555.297149,11.69109201,-12.2967443,138.7983886,3419.662104,10.95849022,-13.48643028,169.7244378,3479.18095,9.966212048,-16.72700198,226.7500878,3536.908562,11.01073653,-13.0285665,158.2026285,3407.126315,5378.49,51.17,-10.05,25.83
25.89,25.84,-8.69,46.68,5140.55,-11.85667327,129.6267886,4556.142047,11.6934395,-12.29620724,138.7695222,3419.987897,10.96221583,-13.4852505,169.674193,3479.813178,9.96928643,-16.72501434,226.6986631,3537.605593,11.01416759,-13.02759565,158.157927,3407.669038,5379.07,51.07,-10.05,25.84
25.9,25.85,-8.69,46.59,5140.97,-11.84668911,129.4862533,4557.678493,11.6977114,-12.2917922,138.7169941,3420.580706,10.96895491,-13.47554901,169.5833148,3480.956627,9.97485631,-16.70865169,226.6055068,3538.868278,11.02039259,-13.01962037,158.0768301,3408.653572,5379.79,50.96,-10.05,25.85
25.91,25.86,-8.68,46.5,5140.69,-11.84453025,129.4160449,4558.444842,11.69984735,-12.29081794,138.6907394,3420.876858,10.97232446,-13.47341756,169.5379083,3481.527663,9.97764125,-16.7050605,226.5589742,3539.499036,11.0235051,-13.01786609,158.0363065,3409.145271,5379.79,50.86,-10.05,25.86
25.92,25.87,-8.68,46.42,5141.53,-11.83833015,129.0650665,4562.274517,11.7105271,-12.28796164,138.5594766,3422.35734,10.98917217,-13.46718146,169.310912,3484.382079,9.99156595,-16.69454103,226.3263612,3542.652184,11.0390676,-13.01273269,157.8337159,3411.603137,5380.95,50.76,-10.04,25.87
25.93,25.88,-8.68,46.33,5142.09,-11.83576551,129.0027031,4562.95427,11.71242572,-12.28695156,138.5361464,3422.620391,10.99216732,-13.46492429,169.2705758,3484.889134,9.994041452,-16.69074583,226.2850338,3543.212409,11.04183427,-13.01088553,157.797714,3412.039763,5382.54,50.66,-10.04,25.88
25.94,25.89,-8.67,46.24,5142.52,-11.83458159,128.9247679,4563.803467,11.714799,-12.2864104,138.5069861,3422.94914,10.99591126,-13.46374545,169.2201644,3485.522772,9.99713583,-16.6887587,226.2333869,3543.912534,11.04529261,-13.00991194,157.7527183,3412.585399,5382.1,50.56,-10.04,25.89
25.95,25.9,-8.67,46.16,5142.8,-11.82457995,128.7830164,4565.347694,11.71911783,-12.28196141,138.4539233,3423.547327,11.00268275,-13.4540512,169.1289947,3486.668644,10.00274145,-16.67239916,226.139836,3545.180712,11.05156633,-13.00191401,157.6710977,3413.575095,5382.97,50.46,-10.04,25.9
25.96,25.91,-8.67,46.07,5143.22,-11.82241825,128.7122006,4566.117897,11.72127724,-12.28097974,138.4274014,3423.846163,11.00606849,-13.45192144,169.0834428,3487.240886,10.00554426,-16.66880876,226.0931065,3545.814212,11.05470319,-13.00015488,157.6303125,3414.069367,5382.97,50.36,-10.04,25.91
25.97,25.92,-8.67,45.98,5143.22,-11.81621318,128.3581861,4569.966803,11.7320743,-12.27810188,138.294803,3425.340056,11.02299721,-13.44569044,168.8557189,3490.101327,10.01955831,-16.6582915,225.8595089,3548.981058,11.07038749,-12.99500764,157.4264142,3416.540091,5383.69,50.26,-10.04,25.92
25.98,25.93,-8.67,45.9,5143.36,-11.81363726,128.2952832,4570.649955,11.73399378,-12.27708365,138.2712354,3425.605488,11.02600676,-13.44343441,168.8152534,3490.60945,10.0220497,-16.65449664,225.8180066,3549.543714,11.07317581,-12.99315448,157.39018,3416.978998,5384.12,50.16,-10.04,25.93
25.99,25.94,-8.67,45.81,5144.21,-11.81245231,128.2166741,4571.50339,11.73639312,-12.27653838,138.2417785,3425.937213,11.0297687,-13.44225666,168.7646804,3491.244422,10.02516394,-16.65251023,225.7661412,3550.246877,11.07666121,-12.99217829,157.3448939,3417.527483,5385.28,50.06,-10.04,25.94
26,25.95,-8.66,45.73,5144.21,-11.80243419,128.0736998,4573.055286,11.74075938,-12.27205534,138.1881759,3426.540812,11.03657193,-13.43257098,168.6732297,3492.392567,10.03080524,-16.63615488,225.6721994,3551.520491,11.08298325,-12.98415889,157.2627569,3418.522223,5384.7,49.96,-10.04,25.95
26.01,25.96,-8.66,45.64,5144.91,-11.80026989,128.0022733,4573.829287,11.74294251,-12.27106624,138.1613845,3426.842349,11.03997355,-13.43044319,168.6275372,3492.965939,10.03362589,-16.63256549,225.6252746,3552.156702,11.08614427,-12.98239518,157.2217137,3419.019009,5384.99,49.86,-10.03,25.96
26.02,25.97,-8.66,45.55,5145.75,-11.79406066,127.645206,4577.697142,11.75385816,-12.26816676,138.0274378,3428.349739,11.05698163,-13.42421814,168.3991112,3495.832028,10.04772914,-16.62205112,225.3907014,3555.3371,11.10194936,-12.97723486,157.0165257,3421.502293,5384.99,49.76,-10.03,25.97
26.03,25.98,-8.66,45.47,5145.89,-11.79147351,127.5817608,4578.383641,11.75579872,-12.26714035,138.0036307,3428.617567,11.06000528,-13.42196357,168.358521,3496.341152,10.05023638,-16.61825688,225.3490258,3555.902162,11.10475916,-12.97537596,156.9800623,3421.943429,5386.15,49.66,-10.03,25.98
26.04,25.99,-8.66,45.38,5147.58,-11.79028768,127.5024741,4579.241251,11.75822442,-12.26659096,137.9738744,3428.952286,11.06378486,-13.42078706,168.3077921,3496.977374,10.05337044,-16.61627131,225.2969438,3556.60833,11.1082714,-12.97439731,156.9344899,3422.494697,5387.59,49.56,-10.03,25.99
26.05,26,-8.66,45.3,5146.74,-11.78025413,127.3582703,4580.800699,11.76263863,-12.26207376,137.919727,3429.561331,11.07061926,-13.41111112,168.216069,3498.127657,10.0590473,-16.59992135,225.2026154,3557.887311,11.11464133,-12.96635766,156.8518439,3423.494359,5387.45,49.46,-10.03,26
26.06,26.01,-8.66,45.21,5147.3,-11.77808748,127.2862298,4581.578439,11.76484574,-12.26107721,137.8926633,3429.865585,11.07403646,-13.40898557,168.1702405,3498.702094,10.06188574,-16.59633324,225.1554976,3558.526199,11.11782629,-12.96458964,156.8105465,3423.993598,5387.45,49.36,-10.03,26.01
26.07,26.02,-8.67,45.12,5148.15,-11.7718749,126.9260933,4585.464947,11.77588127,-12.25815606,137.7573559,3431.386558,11.09112247,-13.4027672,167.9411345,3501.573496,10.07607791,-16.58582251,224.9199596,3561.719975,11.13375112,-12.95941702,156.6040877,3426.489136,5388.75,49.26,-10.03,26.02
26.08,26.03,-8.67,45.04,5148.15,-11.76927657,126.8621028,4586.154741,11.77784314,-12.25712144,137.7333069,3431.656797,11.09415998,-13.40051438,167.9004234,3502.083562,10.07860096,-16.5820292,224.8781127,3562.287411,11.1365822,-12.95755264,156.5673986,3426.932445,5388.46,49.16,-10.03,26.03
26.09,26.04,-8.67,44.95,5148.43,-11.76809002,126.7821349,4587.016459,11.78029548,-12.25656791,137.7032484,3431.994528,11.09795687,-13.39933924,167.8495435,3502.720959,10.08175478,-16.5800446,224.8258166,3562.996546,11.14012105,-12.9565717,156.521544,3427.486428,5389.04,49.06,-10.03,26.04
26.1,26.05,-8.67,44.87,5148.85,-11.75804208,126.6366951,4588.583336,11.78475816,-12.25201647,137.6485512,3432.609054,11.10482189,-13.38967419,167.7575569,3503.873248,10.08746719,-16.56370097,224.7311045,3564.280845,11.14653842,-12.94851302,156.4383969,3428.490885,5390.19,48.96,-10.03,26.05
26.11,26.06,-8.67,44.78,5149.55,-11.75587334,126.5640373,4589.364753,11.78698951,-12.25101244,137.6212128,3432.916042,11.10825439,-13.38755111,167.7115967,3504.448682,10.0903234,-16.56011434,224.6837951,3564.922385,11.1497471,-12.94674095,156.3968492,3428.992513,5390.63,48.86,-10.03,26.06
26.12,26.07,-8.67,44.69,5150.4,-11.74965826,126.2008155,4593.269604,11.79814621,-12.24806958,137.4845318,3434.45068,11.12541693,-13.38134015,167.4818325,3507.325068,10.10460444,-16.54960782,224.4472995,3568.129417,11.16579053,-12.94155682,156.1891392,3431.499989,5391.49,48.76,-10.02,26.07
26.13,26.08,-8.68,44.61,5150.82,-11.74704879,126.1362768,4593.962637,11.80012963,-12.24702671,137.4602388,3434.723346,11.12846804,-13.37908935,167.4410044,3507.836017,10.10714329,-16.54581567,224.4052825,3568.699206,11.16864269,-12.93968727,156.1522277,3431.945416,5391.49,48.66,-10.02,26.08
26.14,26.09,-8.68,44.52,5150.82,-11.74586168,126.055624,4594.828394,11.8026089,-12.24646903,137.4298752,3435.064108,11.13228194,-13.37791572,167.3899784,3508.474516,10.11031685,-16.54383216,224.3527738,3569.411281,11.1722079,-12.93870417,156.1060954,3432.502044,5391.2,48.56,-10.02,26.09
26.15,26.1,-8.68,44.43,5151.81,-11.73580044,125.908942,4596.402573,11.80712058,-12.24188325,137.374623,3435.684148,11.13917701,-13.36826266,167.2977367,3509.628681,10.11606482,-16.52749571,224.2576805,3570.700852,11.17867222,-12.93062771,156.0224554,3433.511165,5392.51,48.46,-10.02,26.1
26.16,26.11,-8.68,44.35,5152.51,-11.73362986,125.8356638,4597.187602,11.80937642,-12.24087174,137.3470073,3435.993887,11.14262454,-13.3661423,167.2516492,3510.205048,10.1189388,-16.52391074,224.2101808,3571.345023,11.18190439,-12.92885188,155.9806615,3434.015118,5392.79,48.36,-10.02,26.11
26.17,26.12,-8.69,44.26,5152.37,-11.72741313,125.4693406,4601.110471,11.82065563,-12.23790711,137.20894,3437.542274,11.15986221,-13.35993946,167.021248,3513.086093,10.1333087,-16.51340897,223.9727337,3574.565198,11.19806521,-12.92365704,155.7717206,3436.534206,5392.79,48.26,-10.02,26.12
26.18,26.13,-8.69,44.17,5152.65,-11.72479257,125.404251,4601.806686,11.82266082,-12.23685596,137.1844006,3437.81738,11.16292668,-13.35769094,166.9803069,3513.597867,10.13586335,-16.50961821,223.9305477,3575.137321,11.20093824,-12.92178259,155.7345905,3436.981693,5393.81,48.16,-10.02,26.13
26.19,26.14,-8.69,44.09,5152.65,-11.72360507,125.3229098,4602.676408,11.82516731,-12.23629413,137.1537292,3438.161192,11.16675728,-13.35651895,166.9291394,3514.237396,10.13905667,-16.50763589,223.8778279,3575.85231,11.20452954,-12.9207975,155.6881849,3437.540894,5393.81,48.06,-10.02,26.14
26.2,26.15,-8.7,44,5153.07,-11.71353162,125.1749793,4604.257756,11.82972852,-12.23167392,137.0979168,3438.786779,11.17368194,-13.34687884,166.83665,3515.393324,10.14484027,-16.49130719,223.7823543,3577.14713,11.21104032,-12.91270453,155.6040603,3438.554546,5394.96,47.96,-10.02,26.15
26.21,26.16,-8.7,43.91,5154.06,-11.71135947,125.1010775,4605.046329,11.83200913,-12.2306549,137.0700212,3439.099286,11.17714427,-13.34476141,166.7904387,3515.970567,10.14773207,-16.48772401,223.7346647,3577.793919,11.21429571,-12.9109252,155.5620244,3439.060756,5395.4,47.86,-10.02,26.16
26.22,26.17,-8.71,43.83,5155.05,-11.70514197,124.7316374,4608.986878,11.84341216,-12.22766847,136.9305547,3440.661505,11.19445592,-13.3385673,166.5594189,3518.855987,10.16219108,-16.47722734,223.4962686,3581.027179,11.23057267,-12.90572046,155.3518738,3441.591124,5395.98,47.76,-10.02,26.17
26.23,26.18,-8.71,43.74,5155.19,-11.70251037,124.665994,4609.686213,11.84543936,-12.226609,136.9057667,3440.939067,11.19753354,-13.3363213,166.5183678,3519.368535,10.16476157,-16.47343812,223.453914,3581.601624,11.23346636,-12.90384141,155.3145288,3442.040612,5396.12,47.66,-10.02,26.18
26.24,26.19,-8.72,43.65,5156.17,-11.70132264,124.583961,4610.559826,11.84797337,-12.22604301,136.8747845,3441.285947,11.20138058,-13.33515106,166.4670629,3520.009032,10.16797468,-16.47145706,223.4009836,3582.319515,11.23708346,-12.90285448,155.2678546,3442.602312,5396.12,47.56,-10.02,26.19
26.25,26.2,-8.72,43.57,5155.75,-11.69123811,124.4347758,4612.148201,11.85258465,-12.22138828,136.8184068,3441.917115,11.20833429,-13.32552495,166.3743341,3521.166596,10.1737939,-16.45513703,223.3051326,3583.619534,11.24364017,-12.89474627,155.1832543,3443.620358,5396.99,47.46,-10.02,26.2
26.26,26.21,-8.73,43.48,5156.46,-11.68906466,124.3602474,4612.940249,11.85489029,-12.22036174,136.7902287,3442.232406,11.21181114,-13.32341068,166.3280032,3521.744652,10.17670351,-16.45155584,223.2572546,3584.268916,11.24691853,-12.89296373,155.1409807,3444.128757,5397.13,47.35,-10.01,26.21
26.27,26.22,-8.73,43.39,5156.74,-11.68284728,123.987675,4616.898124,11.86641848,-12.21735346,136.6493499,3443.808539,11.22919542,-13.31722596,166.0963854,3524.634133,10.19125155,-16.44106484,223.0179166,3587.515133,11.2633103,-12.88774991,154.9296421,3446.670063,5398,47.25,-10.01,26.22
26.28,26.23,-8.74,43.31,5157.44,-11.68020468,123.9214752,4617.600517,11.86846794,-12.21628565,136.624311,3444.088571,11.23228595,-13.31498272,166.055228,3525.1474,10.19383787,-16.43727739,222.9753948,3588.091878,11.2662244,-12.88586656,154.892086,3447.121491,5398.58,47.15,-10.01,26.23
26.29,26.24,-8.75,43.22,5157.3,-11.67901689,123.8387469,4618.477941,11.87102976,-12.21571548,136.5930151,3444.438537,11.23614913,-13.31381436,166.0037903,3525.788795,10.19707077,-16.43529768,222.9222553,3588.812642,11.26986702,-12.88487795,154.845148,3447.685614,5399.16,47.05,-10.01,26.24
26.3,26.25,-8.75,43.13,5157.3,-11.66892243,123.688301,4620.073197,11.87569165,-12.21102617,136.5360669,3445.075318,11.24313135,-13.30420327,165.9108302,3526.947871,10.20292567,-16.41898696,222.8260282,3590.11783,11.27646911,-12.8767558,154.7600809,3448.707915,5399.01,46.95,-10.01,26.25
26.31,26.26,-8.76,43.05,5158.01,-11.66674795,123.6131431,4620.868646,11.87802259,-12.20999209,136.5076036,3445.39341,11.24662247,-13.30209238,165.8643837,3527.526679,10.20585312,-16.41540788,222.7779624,3590.76979,11.27977015,-12.87497033,154.7175741,3449.218434,5399.74,46.85,-10.01,26.26
26.32,26.27,-8.77,42.96,5159.13,-11.66053161,123.2374234,4624.843479,11.88967731,-12.20696193,136.3652996,3446.983539,11.26407803,-13.29591771,165.6321882,3530.419911,10.22049038,-16.40492294,222.5376859,3594.028892,11.29627537,-12.86974825,154.5050699,3451.77033,5400.46,46.75,-10.01,26.27
26.33,26.28,-8.77,42.87,5159.27,-11.65787805,123.1706644,4625.548863,11.89174926,-12.20588573,136.3400074,3447.266056,11.26718125,-13.29367748,165.5909281,3530.933843,10.22309256,-16.40113743,222.4949973,3594.607925,11.29920964,-12.8678609,154.4673067,3452.223636,5400.89,46.66,-10.01,26.28
26.34,26.29,-8.78,42.78,5158.99,-11.65669039,123.0872375,4626.430015,11.8943392,-12.20531139,136.308395,3447.619126,11.27106026,-13.29251111,165.5393621,3531.576067,10.22634528,-16.39915916,222.4416495,3595.331545,11.30287746,-12.86687077,154.4201099,3452.790104,5401.18,46.55,-10.01,26.29
26.35,26.3,-8.79,42.7,5160.68,-11.64658715,122.9355251,4628.032002,11.89905224,-12.20058741,136.2508709,3448.261553,11.2780704,-13.28291615,165.4461798,3532.73652,10.23223596,-16.38285828,222.3450472,3596.641879,11.30952436,-12.85873597,154.3345851,3453.816519,5401.18,46.45,-10.01,26.3
26.36,26.31,-8.8,42.61,5160.4,-11.64441193,122.8597347,4628.830774,11.90140876,-12.19954578,136.2221199,3448.582462,11.28157546,-13.28080888,165.3996223,3533.316012,10.23518131,-16.37928146,222.2967941,3597.296405,11.31284781,-12.85694786,154.2918498,3454.329087,5401.47,46.35,-10.01,26.31
26.37,26.32,-8.8,42.52,5161.39,-11.63819755,122.4808531,4632.822181,11.91319137,-12.1964937,136.0783775,3450.186667,11.2991008,-13.27464496,165.1668717,3536.212658,10.24990801,-16.36880291,222.0555812,3600.568331,11.32946505,-12.85171835,154.0782028,3456.891218,5403.21,46.25,-10.01,26.32
26.38,26.33,-8.81,42.43,5161.95,-11.63553309,122.4135323,4633.530488,11.91528606,-12.19540909,136.0528297,3450.471682,11.30221642,-13.27240801,165.125513,3536.727194,10.2525261,-16.36501948,222.0127264,3601.149639,11.33241923,-12.8498273,154.0402365,3457.346339,5403.21,46.15,-10,26.33
26.39,26.34,-8.82,42.34,5161.81,-11.63434572,122.3294036,4634.415283,11.91790441,-12.19483056,136.0208978,3450.827874,11.30611094,-13.27124376,165.0738237,3537.370172,10.2557987,-16.36304271,221.9591707,3601.876104,11.33611195,-12.84883581,153.9927861,3457.915074,5403.35,46.05,-10,26.34
26.4,26.35,-8.83,42.26,5162.37,-11.62423489,122.176419,4636.023841,11.92266916,-12.19007184,135.9627925,3451.47598,11.31314847,-13.26166587,164.980427,3538.531884,10.26172527,-16.34675219,221.8621939,3603.191562,11.34280306,-12.84068967,153.906813,3458.945458,5404.37,45.95,-10,26.35
26.41,26.36,-8.84,42.17,5162.37,-11.62205922,122.0999931,4636.825857,11.92505154,-12.18902265,135.9337512,3451.799721,11.31666723,-13.25956243,164.9337623,3539.112001,10.26468856,-16.34317771,221.8137537,3603.848645,11.34614862,-12.8388992,153.8638538,3459.460002,5403.64,45.85,-10,26.36
26.42,26.37,-8.85,42.08,5162.8,-11.61584775,121.7179354,4640.833438,11.93696342,-12.18594862,135.788557,3453.418083,11.33426106,-13.25340987,164.7004759,3542.011766,10.27950501,-16.33270587,221.5716059,3607.133344,11.3628764,-12.8336631,153.6490874,3462.032009,5405.67,45.75,-10,26.37
26.43,26.38,-8.85,41.99,5163.64,-11.61317243,121.6500503,4641.544596,11.93908108,-12.18485556,135.7627512,3453.705612,11.33738885,-13.25117642,164.659022,3542.526854,10.28213904,-16.32892466,221.528585,3607.71692,11.36585023,-12.83176865,153.6109223,3462.488881,5406.1,45.65,-10,26.38
26.44,26.39,-8.86,41.9,5164.35,-11.61198554,121.5652166,4642.432944,11.94172817,-12.18427284,135.730497,3454.064943,11.34129859,-13.2500144,164.6072137,3543.170521,10.28543159,-16.29559097,221.4749436,3608.446216,11.36956752,-12.83077597,153.5632233,3463.059803,5406.1,45.55,-10,26.39
26.45,26.4,-8.87,41.82,5164.49,-11.60186834,121.4109541,4644.047909,11.94654519,-12.17947932,135.6718051,3454.718759,11.34836294,-13.2404546,164.5136109,3544.333365,10.2913932,-16.27951604,221.3777956,3609.766564,11.37630224,-12.8226198,153.4768116,3464.094009,5405.81,45.45,-10,26.4
26.46,26.41,-8.88,41.73,5165.19,-11.5996925,121.3338901,4644.853086,11.94895369,-12.17842255,135.6424708,3455.045349,11.35189512,-13.2383552,164.4668432,3544.914043,10.294374,-16.27598865,221.3292695,3610.426086,11.3796696,-12.82082725,153.4336332,3464.610457,5405.81,45.35,-10,26.41
26.47,26.42,-8.89,41.64,5165.62,-11.59348492,120.9486422,4648.876425,11.96099624,-12.17532654,135.4958116,3456.677947,11.36955601,-13.23221464,164.2330421,3547.816611,10.30927803,-16.26565407,221.0866918,3613.722978,11.39650641,-12.81558539,153.2177714,3467.191974,5406.97,45.25,-9.99,26.42
26.48,26.43,-8.9,41.55,5166.61,-11.59079878,120.8801903,4649.590361,11.96313713,-12.17422502,135.4697455,3456.968002,11.37269573,-13.22998494,164.1914967,3548.332195,10.31192763,-16.26192383,221.0435942,3614.308718,11.39949962,-12.81368786,153.1794116,3467.650533,5407.84,45.15,-9.99,26.43
26.49,26.44,-8.91,41.46,5166.18,-11.58961255,120.7946485,4650.482169,11.96581325,-12.1736381,135.4371659,3457.330491,11.37662037,-13.22882527,164.1395741,3548.97648,10.31523964,-16.259975,220.9897352,3615.040719,11.40324113,-12.81269414,153.1314694,3468.223561,5409.15,45.05,-9.99,26.44
26.5,26.45,-8.92,41.37,5166.32,-11.5794902,120.6391028,4652.10337,11.9706831,-12.16880972,135.3778822,3457.990049,11.38371106,-13.21928444,164.0457726,3550.140343,10.32123624,-16.24391366,220.8922307,3616.365905,11.41001884,-12.80452924,153.0446287,3469.261442,5408.86,44.95,-9.99,26.45
26.51,26.46,-8.93,41.28,5167.73,-11.5773145,120.5613979,4652.911622,11.97311802,-12.16774536,135.348252,3458.319503,11.38725641,-13.21718928,163.9989057,3550.721527,10.32423453,-16.24038931,220.8435266,3617.027841,11.4134077,-12.8027349,153.001236,3469.77972,5409.72,44.85,-9.99,26.46
26.52,26.47,-8.94,41.2,5167.73,-11.57111179,120.1729463,4656.950287,11.98529264,-12.16462735,135.2001144,3459.966415,11.40498314,-13.21106128,163.7646081,3553.626617,10.33922603,-16.23006346,220.6000589,3620.336792,11.43035197,-12.79748813,152.7843029,3472.370379,5409.44,44.75,-9.99,26.47
26.53,26.48,-8.95,41.11,5168.16,-11.56841487,120.1039252,4657.666922,11.98745701,-12.16351732,135.1737856,3460.259011,11.40813456,-13.20883554,163.7229745,3554.142646,10.34189118,-16.22633627,220.5568033,3620.924672,11.43336429,-12.79558782,152.7457529,3472.830558,5410.45,44.65,-9.99,26.48
26.54,26.49,-8.96,41.02,5168.44,-11.56722949,120.0176723,4658.562094,11.99016248,-12.16292619,135.1408777,3460.624674,11.41207384,-13.20767832,163.6709417,3554.787487,10.34522262,-16.22438934,220.5027467,3621.659347,11.43712968,-12.79459321,152.6975728,3473.405611,5410.88,44.55,-9.98,26.49
26.55,26.5,-8.97,40.93,5169.29,-11.55710325,119.8608381,4660.189353,11.99508573,-12.15806289,135.0809966,3461.290005,11.41919038,-13.1981573,163.5769486,3555.952259,10.35124058,-16.20837857,220.4051091,3622.986322,11.44394974,-12.7864209,152.6103129,3474.447017,5411.03,44.45,-9.98,26.5
26.56,26.51,-8.98,40.84,5169.14,-11.55492799,119.7824897,4661.00059,11.99754735,-12.15699094,135.0510681,3461.622339,11.42274866,-13.19606657,163.529986,3556.533893,10.35424955,-16.20486527,220.3563385,3623.649149,11.44735977,-12.78462507,152.5667108,3474.967051,5412.19,44.35,-9.98,26.51
26.57,26.52,-8.99,40.75,5169.43,-11.54873115,119.3908212,4665.054133,12.00985546,-12.15385091,134.9014385,3463.283642,11.44054003,-13.18995169,163.2952099,3559.441228,10.36929443,-16.19457155,220.1125382,3626.962552,11.46440991,-12.7793742,152.3487311,3477.566479,5412.19,44.25,-9.98,26.52
26.58,26.53,-9.01,40.66,5170.7,-11.5460235,119.3212286,4665.773388,12.01204356,-12.15273234,134.8748446,3463.578793,11.44370294,-13.18773011,163.2534912,3559.957655,10.37196908,-16.19085636,220.0692234,3627.551223,11.46744105,-12.77747142,152.3099951,3478.028213,5412.33,44.15,-9.98,26.53
26.59,26.54,-9.02,40.57,5170.98,-11.54483916,119.2342616,4666.671823,12.0147787,-12.15213701,134.8416053,3463.947647,11.44765658,-13.18657544,163.2013521,3560.602991,10.37531239,-16.18891568,220.015093,3628.286884,11.47122997,-12.7764761,152.2615826,3478.605207,5412.33,44.05,-9.98,26.54
26.6,26.55,-9.03,40.48,5171.4,-11.53471031,119.0761339,4668.304955,12.01975591,-12.14723874,134.7811216,3464.618782,11.45479857,-13.17707497,163.1071736,3561.768575,10.3813235,-16.17302996,219.9177796,3629.609419,11.47809173,-12.76829767,152.1739135,3479.649989,5413.49,43.95,-9.97,26.55
26.61,26.56,-9.04,40.39,5172.25,-11.53253579,118.9971394,4669.119084,12.02224452,-12.14615918,134.7508919,3464.954011,11.45836957,-13.17498882,163.0601183,3562.35061,10.38432905,-16.16954387,219.8691707,3630.270028,11.48152261,-12.76650062,152.130107,3480.171703,5413.64,43.85,-9.97,26.56
26.62,26.57,-9.05,40.3,5171.97,-11.52634586,118.6022414,4673.187039,12.03468755,-12.14299711,134.5997568,3466.629781,11.47622457,-13.16888752,162.8248789,3565.25995,10.39935683,-16.15932966,219.6261784,3633.572349,11.498677,-12.7612465,151.9111055,3482.779526,5413.78,43.75,-9.97,26.57
26.63,26.58,-9.06,40.21,5171.97,-11.52362751,118.532075,4673.908831,12.03689965,-12.14186999,134.5728953,3466.9275,11.4793988,-13.16667027,162.7830779,3565.77673,10.40202843,-16.15564436,219.5830071,3634.15905,11.50172667,-12.75934156,151.8721879,3483.242749,5414.07,43.65,-9.97,26.58
26.64,26.59,-9.07,40.12,5172.39,-11.52244441,118.4443912,4674.810425,12.03966477,-12.14127044,134.5393217,3467.299562,11.48336657,-13.16551823,162.7308359,3566.422507,10.40536794,-16.15371852,219.5290558,3634.892251,11.50553876,-12.75834567,151.8235485,3483.821601,5414.51,43.55,-9.97,26.59
26.65,26.6,-9.08,40.03,5172.95,-11.51231424,118.284965,4676.449239,12.04469653,-12.13633715,134.4782297,3467.976532,11.49053356,-13.15603912,162.6364788,3567.588797,10.41140085,-16.13788121,219.4316018,3636.216651,11.51244155,-12.75016243,151.7354803,3484.869608,5415.38,43.45,-9.96,26.6
26.66,26.61,-9.09,39.94,5173.94,-11.51014078,118.205322,4677.266164,12.04721241,-12.13524998,134.4476961,3468.314671,11.49411706,-13.15395773,162.5893342,3568.171182,10.4144173,-16.1344058,219.3829226,3636.878189,11.51589295,-12.74836445,151.6914744,3485.392927,5415.67,43.35,-9.96,26.61
26.67,26.62,-9.1,39.84,5174.65,-11.5039588,117.8071821,4681.34805,12.05979182,-12.13206585,134.2950419,3470.004984,11.51203453,-13.14787051,162.3536485,3571.082262,10.42949958,-16.12422359,219.139579,3640.18515,11.53314994,-12.7431079,151.471476,3488.008768,5415.96,43.25,-9.96,26.62
26.68,26.63,-9.12,39.75,5174.65,-11.50122978,117.7364397,4682.072292,12.06202816,-12.13093015,134.2679105,3470.305284,11.51521985,-13.14565779,162.3117683,3571.599349,10.43218088,-16.12054869,219.0963452,3640.772675,11.53621785,-12.7412011,151.4323813,3488.473413,5415.96,43.15,-9.96,26.63
26.69,26.64,-9.13,39.66,5175.07,-11.50004813,117.6480363,4682.976937,12.06482358,-12.13032638,134.2339995,3470.680571,11.51920151,-13.14450848,162.2594271,3572.245509,10.43553249,-16.11836226,219.0423153,3641.506911,11.54005273,-12.74005128,151.3835203,3489.054044,5417.11,43.06,-9.96,26.64
26.7,26.65,-9.14,39.57,5174.93,-11.48991795,117.487307,4684.621234,12.06991048,-12.12535804,134.1722938,3471.363405,11.52639304,-13.13505148,162.1648981,3573.412401,10.43752534,-16.05782468,219.0101939,3641.943422,11.54236712,-12.73747531,151.3540349,3489.4044,5417.26,42.96,-9.95,26.65
26.71,26.66,-9.15,39.48,5176.2,-11.48774588,117.4070131,4685.440855,12.07245393,-12.12426325,134.1414536,3471.704469,11.5299888,-13.13297502,162.1176676,3573.995083,10.43852177,-16.13227947,218.9941934,3642.16161,11.54352431,-12.73687098,151.3392951,3489.579503,5418.71,42.86,-9.95,26.66
26.72,26.67,-9.16,39.39,5176.48,-11.48157292,117.0056195,4689.536171,12.08517117,-12.12105706,133.9872664,3473.409398,11.54796761,-13.12690238,161.8815523,3576.907645,10.44350389,-16.6339728,218.9138204,3643.252467,11.54931028,-12.73509508,151.2656,3490.454935,5418.42,42.76,-9.95,26.67
26.73,26.68,-9.17,39.3,5176.34,-11.47883326,116.934299,4690.262775,12.08743201,-12.11991274,133.9598626,3473.712293,11.55116385,-13.12469437,161.8395956,3577.424993,10.4443896,-16.05945246,218.8990875,3643.446359,11.5503389,-12.73447998,151.2525004,3490.610523,5418.56,42.66,-9.95,26.68
26.74,26.69,-9.18,39.2,5176.34,-11.47765325,116.8451734,4691.17036,12.09025806,-12.11930476,133.9256112,3474.09082,11.55515914,-13.12354787,161.7871591,3578.071479,10.44549674,-16.08246324,218.8819868,3643.688697,11.55162467,-12.73414418,151.2361268,3490.804988,5419.58,42.56,-9.94,26.69
26.75,26.7,-9.19,39.11,5177.19,-11.46752441,116.6831363,4692.819935,12.09540068,-12.11430132,133.8632862,3474.779549,11.56237476,-13.11411373,161.6924646,3579.238873,10.44750955,-16.07727394,218.8496158,3644.129266,11.55396449,-12.73138976,151.2063312,3491.158853,5419.43,42.46,-9.94,26.7
26.76,26.71,-9.2,39.02,5177.76,-11.46535405,116.6021893,4693.642149,12.09797199,-12.11319891,133.8321366,3475.123552,11.56598257,-13.11204235,161.6451513,3579.821802,10.44851596,-16.07612564,218.8334355,3644.349477,11.5551344,-12.73077995,151.1914366,3491.335708,5420.88,42.36,-9.94,26.71
26.77,26.72,-9.22,38.93,5178.32,-11.45919119,116.1975307,4697.750377,12.11082854,-12.10997065,133.6764027,3476.843171,11.58402161,-13.10598476,161.4086226,3582.735595,10.453548,-16.07275091,218.7525399,3645.450451,11.56098395,-12.72898809,151.1169673,3492.219892,5421.32,42.26,-9.93,26.72
26.78,26.73,-9.23,38.84,5179.31,-11.45644093,116.12563,4698.47925,12.11311415,-12.1088177,133.6487241,3477.148672,11.58722856,-13.10378164,161.3665924,3583.25316,10.45444258,-16.07158069,218.7381614,3645.646138,11.56202387,-12.72836714,151.1037301,3492.377035,5420.88,42.16,-9.93,26.73
26.79,26.74,-9.24,38.74,5179.03,-11.45526276,116.0357796,4699.389659,12.11597116,-12.10820549,133.6141292,3477.530457,11.59123723,-13.10263803,161.314064,3583.899915,10.45556081,-16.07094278,218.7201897,3645.890727,11.56332377,-12.72802826,151.0871846,3492.573443,5420.88,42.06,-9.93,26.74
26.8,26.75,-9.25,38.65,5179.17,-11.44513663,115.8724305,4701.044299,12.12117009,-12.10316693,133.5511794,3478.225108,11.59847645,-13.09322754,161.2192112,3585.067702,10.45759563,-16.01140075,218.6874883,3646.335783,11.56568931,-12.72524873,151.057076,3492.930845,5421.17,41.96,-9.93,26.75
26.81,26.76,-9.26,38.56,5179.73,-11.4429683,115.7908281,4701.868999,12.12376956,-12.10205689,133.5197176,3478.572065,11.60209605,-13.09116142,161.1718189,3585.650823,10.45861304,-16.08408397,218.6711981,3646.558236,11.56687207,-12.72463335,151.042025,3493.109466,5422.04,41.86,-9.92,26.76
26.82,26.77,-9.27,38.47,5180.44,-11.43681665,115.3828936,4705.989605,12.1367669,-12.09880656,133.3624231,3480.306445,11.62019409,-13.08511939,160.9348946,3588.565574,10.46370009,-16.57397288,218.5893777,3647.67042,11.5727859,-12.72374849,150.9667737,3494.00248,5422.33,41.76,-9.92,26.77
26.83,26.78,-9.28,38.37,5180.86,-11.43405582,115.3104109,4706.720651,12.13907753,-12.09764495,133.3344672,3480.614566,11.62341152,-13.08292135,160.8927942,3589.083307,10.46460445,-16.01281908,218.5743888,3647.868102,11.57383725,-12.7212602,150.9533966,3494.161191,5422.62,41.66,-9.92,26.78
26.84,26.79,-9.29,38.28,5180.86,-11.43287971,115.2198333,4707.633764,12.14196583,-12.09702852,133.2995257,3480.999623,11.6274333,-13.08178073,160.8401779,3589.730271,10.4657349,-16.03527331,218.5569644,3648.115176,11.57515143,-12.72143795,150.9366801,3494.359561,5424.08,41.56,-9.92,26.79
26.85,26.8,-9.3,38.19,5180.86,-11.42275765,115.055168,4709.293251,12.14722168,-12.09195482,133.2359455,3481.700225,11.63469569,-13.07239457,160.7451729,3590.898356,10.4677914,-16.03004391,218.523988,3648.564637,11.57753558,-12.71849179,150.9063504,3494.719416,5423.5,41.47,-9.91,26.8
26.86,26.81,-9.31,38.09,5181.15,-11.4205917,114.9729082,4710.120326,12.14984961,-12.09083715,133.2041688,3482.050151,11.63832689,-13.07033385,160.6977044,3591.481622,10.46881965,-16.02888671,218.5075052,3648.789291,11.57872765,-12.71780862,150.891189,3494.899263,5424.22,41.37,-9.91,26.81
26.87,26.82,-9.32,38,5181.57,-11.41445238,114.5616874,4714.252756,12.16298923,-12.08756476,133.0452997,3483.799361,11.65648287,-13.06430782,160.4603998,3594.397093,10.47396088,-16.02548588,218.4250969,3649.912478,11.58468802,-12.71561216,150.8153861,3495.798404,5424.8,41.27,-9.91,26.82
26.88,26.83,-9.33,37.91,5182.7,-11.41168101,114.4886208,4714.985877,12.16532517,-12.08639446,133.0170639,3484.110114,11.6597106,-13.06211501,160.4182317,3594.914952,10.47487488,-16.02430681,218.4104496,3650.112111,11.58574764,-12.71521065,150.8019124,3495.958204,5425.82,41.17,-9.9,26.83
26.89,26.84,-9.34,37.81,5182.7,-11.41050716,114.3973137,4715.901571,12.16824508,-12.08577381,132.9817728,3484.498459,11.66374526,-13.06097746,160.3655309,3595.562073,10.47601737,-16.02366379,218.3921419,3650.361633,11.58707217,-12.7148773,150.7850703,3496.157934,5425.82,41.07,-9.9,26.84
26.9,26.85,-9.35,37.72,5183.26,-11.40039059,114.2313283,4717.565677,12.17355846,-12.08066494,132.9175566,3485.205041,11.67103042,-13.05161627,160.2703796,3596.730361,10.47809621,-16.01838939,218.3588313,3650.815635,11.58948083,-12.71190048,150.7544446,3496.521123,5425.82,40.97,-9.9,26.85
26.91,26.86,-9.36,37.63,5183.83,-11.39822735,114.1484092,4718.395013,12.17621514,-12.07953965,132.8854621,3485.557948,11.674673,-13.0495611,160.222838,3597.313726,10.47913563,-16.01722222,218.3421815,3651.042558,11.59068515,-12.71125894,150.7391353,3496.702635,5426.54,40.87,-9.89,26.86
26.92,26.87,-9.37,37.53,5183.69,-11.3921015,113.7338921,4722.538696,12.18949857,-12.07624519,132.7250044,3487.322057,11.6928859,-13.04355147,159.9851677,3600.229686,10.48433272,-16.01379195,218.2589385,3652.177087,11.59670679,-12.70936646,150.6625927,3497.6101,5427.27,40.77,-9.89,26.87
26.93,26.88,-9.38,37.44,5185.53,-11.38931961,113.6602398,4723.27379,12.19186007,-12.07506619,132.6964863,3487.635454,11.69612375,-13.04136406,159.9429346,3600.74763,10.48525665,-16.01260295,218.2441429,3652.378736,11.5977773,-12.70863492,150.6489872,3497.77138,5426.98,40.67,-9.89,26.88
26.94,26.89,-9.39,37.34,5185.38,-11.38814825,113.5682011,4724.191937,12.19481194,-12.07444132,132.6608424,3488.027103,11.70017106,-13.04022965,159.8901526,3601.394855,10.48641156,-16.01195442,218.2256498,3652.630777,11.59911544,-12.70830859,150.6319812,3497.972958,5427.41,40.57,-9.88,26.89
26.95,26.9,-9.4,37.25,5185.53,-11.37803858,113.4008918,4725.860427,12.20018344,-12.06929728,132.5959846,3488.739691,11.70747859,-13.03089405,159.7948607,3602.563258,10.48851316,-16.00663428,218.1919992,3653.089399,11.60154935,-12.70534799,150.6010504,3498.339582,5427.85,40.47,-9.88,26.9
26.96,26.91,-9.41,37.16,5185.53,-11.3758784,113.3173115,4726.691907,12.20286919,-12.06816436,132.5635694,3489.095593,11.71113236,-13.02884457,159.7472489,3603.146676,10.48956396,-16.00545704,218.1751795,3653.31863,11.60276631,-12.7047303,150.5855885,3498.52281,5429.59,40.38,-9.88,26.91
26.97,26.92,-9.41,37.06,5185.24,-11.3697672,112.899489,4730.846252,12.21629794,-12.06484785,132.4015091,3490.874668,11.72940119,-13.02285174,159.5092271,3606.062899,10.49481794,-16.00199718,218.091087,3654.4647,11.60885108,-12.7030046,150.5082831,3499.438855,5429.44,40.28,-9.87,26.92
26.98,26.93,-9.42,36.97,5186.37,-11.3669748,112.8252493,4731.583214,12.21868527,-12.06366012,132.3727063,3491.190722,11.73264898,-13.02066988,159.4669316,3606.580887,10.49575199,-16.00079772,218.0761404,3654.668399,11.60993282,-12.70212543,150.4945418,3499.601658,5429.01,40.18,-9.87,26.93
26.99,26.94,-9.43,36.87,5186.94,-11.36580614,112.7324768,4732.503682,12.22166944,-12.06303103,132.3367064,3491.585688,11.73670872,-13.01953867,159.4140715,3607.228168,10.49691954,-16.00014363,218.0574587,3654.923003,11.611285,-12.70179546,150.4773666,3499.805141,5430.32,40.08,-9.87,26.94
27,26.95,-9.44,36.78,5186.52,-11.35570482,112.5638402,4734.176315,12.22709968,-12.05785182,132.2712012,3492.304309,11.74403818,-13.01022934,159.3186453,3608.396587,10.49904411,-15.99477756,218.0234652,3655.386283,11.61374504,-12.69886341,150.4461195,3500.175322,5430.75,39.98,-9.86,26.95
27.01,26.96,-9.45,36.68,5186.8,-11.35354805,112.4795969,4735.009817,12.22981481,-12.05671127,132.2384627,3492.663219,11.74770291,-13.00818568,159.2709663,3608.98001,10.5001064,-15.99359022,218.0064741,3655.617841,11.61497507,-12.69825181,150.4304996,3500.360327,5430.75,39.88,-9.86,26.96
27.02,26.97,-9.46,36.59,5187.93,-11.34745268,112.05846,4739.174217,12.24339042,-12.05337273,132.0747855,3494.457326,11.76602656,-13.00221008,159.0326089,3611.896253,10.50541784,-15.99010084,217.9215251,3656.775544,11.62112519,-12.69656906,150.3524038,3501.285253,5430.32,39.78,-9.86,26.97
27.03,26.98,-9.46,36.49,5188.21,-11.34464978,111.9836315,4739.912938,12.24580386,-12.05217625,132.0456954,3494.776047,11.7692841,-13.00003392,158.9902537,3612.414243,10.5063621,-15.9888907,217.9064264,3656.981311,11.62221855,-12.69567777,150.3385219,3501.449634,5431.33,39.68,-9.85,26.98
27.04,26.99,-9.47,36.4,5188.92,-11.34348405,111.8901233,4740.835591,12.24882066,-12.05154294,132.0093365,3495.174346,11.77335602,-12.998906,158.937319,3613.061525,10.50754242,-15.98823102,217.8875544,3657.238498,11.62358524,-12.69533857,150.3211712,3501.655089,5431.62,39.59,-9.85,26.99
27.05,27,-9.48,36.3,5189.06,-11.33339254,111.7201561,4742.512118,12.25431027,-12.04632855,131.9431783,3495.899026,11.78070703,-12.98962349,158.8417639,3614.229875,10.50969032,-15.98281852,217.8532132,3657.7065,11.62607223,-12.69242574,150.289598,3502.028936,5431.62,39.49,-9.85,27
27.06,27.01,-9.49,36.21,5189.34,-11.33123954,111.6352481,4743.347516,12.25705507,-12.04518039,131.9101135,3496.260957,11.78438254,-12.98758578,158.7940204,3614.81326,10.51076427,-15.98162097,217.8360484,3657.940418,11.62731572,-12.69180753,150.2738151,3502.215771,5432.49,39.39,-9.84,27.01
27.07,27.02,-9.49,36.11,5189.34,-11.3251612,111.2107887,4747.521344,12.27077909,-12.04181984,131.7448052,3498.070159,11.80276007,-12.98162778,158.5553406,3617.729312,10.51613404,-15.97810174,217.7502309,3659.109916,11.63353319,-12.69008566,150.1949042,3503.149848,5432.93,39.29,-9.84,27.02
27.08,27.03,-9.5,36.02,5189.63,-11.32234782,111.1353698,4748.261712,12.27321891,-12.04061459,131.7154253,3498.391559,11.80602719,-12.97945745,158.5129281,3618.247266,10.51708866,-15.97688082,217.7349778,3659.317778,11.63463852,-12.689255,150.1808774,3503.315855,5433.36,39.19,-9.84,27.03
27.09,27.04,-9.51,35.92,5190.19,-11.32118524,111.0411241,4749.186411,12.27626869,-12.03997707,131.6787042,3498.793204,11.81011109,-12.97833287,158.4599218,3618.894501,10.51828194,-15.97621546,217.7159129,3659.577586,11.63602018,-12.68890534,150.1633455,3503.523342,5433.65,39.09,-9.83,27.04
27.1,27.05,-9.51,35.83,5190.33,-11.31110501,110.8698232,4750.866574,12.28181828,-12.03472752,131.6118872,3499.523968,11.81748329,-12.96907772,158.3642428,3620.0627,10.52045342,-15.97075628,217.6812209,3660.050352,11.63853433,-12.6859942,150.1314437,3503.900875,5433.95,39,-9.83,27.05
27.11,27.06,-9.52,35.73,5191.46,-11.30895614,110.784249,4751.70374,12.28459308,-12.03357173,131.5784933,3499.888932,11.8211694,-12.96704608,158.3164375,3620.646006,10.52153916,-15.96954847,217.6638808,3660.28665,11.6397914,-12.68536308,150.1154965,3504.089551,5434.67,38.9,-9.83,27.06
27.12,27.07,-9.53,35.64,5191.04,-11.30289606,110.3564595,4755.886349,12.29846706,-12.03018921,131.4115398,3501.713292,11.83959991,-12.96110602,158.0774482,3623.561659,10.52696786,-15.96599913,217.5771869,3661.468047,11.64607677,-12.6835658,150.0357643,3505.032832,5434.67,38.8,-9.82,27.07
27.13,27.08,-9.53,35.54,5192.31,-11.3000722,110.2804487,4756.628249,12.30093355,-12.02897517,131.3818675,3502.037382,11.84287644,-12.95894165,158.0349807,3624.07954,10.52793297,-15.96476749,217.5617781,3661.678024,11.64719417,-12.68281472,150.0215917,3505.200474,5434.67,38.7,-9.82,27.08
27.14,27.09,-9.54,35.45,5192.6,-11.29891301,110.1854638,4757.55485,12.30401666,-12.02833343,131.344781,3502.442387,11.84697211,-12.95782048,157.9819055,3624.726684,10.52913935,-15.9640964,217.5425185,3661.940474,11.64859092,-12.68245616,150.0038772,3505.410004,5435.69,38.6,-9.81,27.09
27.15,27.1,-9.54,35.35,5192.74,-11.28884556,110.0128265,4759.238385,12.30962686,-12.02304874,131.2772996,3503.179258,11.85436516,-12.94859321,157.8861078,3625.894651,10.53133467,-15.95859024,217.5074722,3662.41805,11.65113241,-12.67952964,149.9716449,3505.791236,5435.4,38.5,-9.81,27.1
27.16,27.11,-9.55,35.25,5192.88,-11.28670119,109.9265847,4760.077186,12.31243197,-12.02188535,131.2435737,3503.547268,11.85806168,-12.94656775,157.838243,3626.477838,10.53243233,-15.95737208,217.4899551,3662.656751,11.65240315,-12.6788845,149.9555325,3505.98176,5436.27,38.41,-9.81,27.11
27.17,27.12,-9.55,35.16,5193.3,-11.2806606,109.4954579,4764.267911,12.32645749,-12.01848087,131.0749605,3505.386846,11.87654429,-12.94064595,157.5989567,3629.392891,10.53792063,-15.9537924,217.4023762,3663.850162,11.65875686,-12.67701021,149.8749745,3506.934279,5436.27,38.31,-9.8,27.12
27.18,27.13,-9.56,35.06,5193.3,-11.27782627,109.4188541,4765.011224,12.32895091,-12.01725802,131.0449933,3505.713635,11.87983009,-12.93848767,157.5564363,3629.910664,10.53889633,-15.95255,217.3868101,3664.062274,11.65988641,-12.67632353,149.8606552,3507.103562,5437.43,38.21,-9.8,27.13
27.19,27.14,-9.56,34.97,5193.44,-11.27667068,109.3231284,4765.939578,12.33206769,-12.01661208,131.0075383,3506.122014,11.88393733,-12.93736997,157.5032952,3630.557672,10.54011595,-15.95187316,217.367354,3664.327391,11.66129835,-12.67595863,149.8427571,3507.315143,5437.58,38.11,-9.79,27.14
27.2,27.15,-9.57,34.87,5194.86,-11.26661755,109.149152,4767.626214,12.33773915,-12.01129227,130.9393866,3506.865017,11.89135088,-12.92817105,157.4073835,3631.725329,10.54233538,-15.94631973,217.33195,3664.809822,11.6638675,-12.67300477,149.8101906,3507.700112,5438.16,38.01,-9.79,27.15
27.21,27.16,-9.57,34.77,5193.73,-11.26447804,109.0622414,4768.466513,12.34057488,-12.01012128,130.9053258,3507.236084,11.89505765,-12.92615187,157.3594617,3632.308358,10.5434451,-15.94509116,217.3142541,3665.05095,11.66515207,-12.67234749,149.7939112,3507.892502,5438.3,37.92,-9.79,27.16
27.22,27.17,-9.58,34.68,5193.87,-11.25845821,108.6277708,4772.664671,12.35475352,-12.00669489,130.7350387,3509.090937,11.9135915,-12.92024866,157.1198903,3635.222617,10.54899366,-15.94148095,217.2257817,3666.256487,11.67157495,-12.67041327,149.7125183,3508.854348,5438.3,37.82,-9.78,27.17
27.23,27.18,-9.58,34.58,5195.14,-11.25561339,108.5505728,4773.409275,12.35727416,-12.00546322,130.704774,3509.420437,11.91688641,-12.91809657,157.0773193,3635.740247,10.54998008,-15.94022771,217.2100568,3666.470754,11.67271679,-12.66976221,149.6980506,3509.025289,5438.3,37.72,-9.78,27.18
27.24,27.19,-9.59,34.49,5195.43,-11.25446166,108.4541048,4774.339229,12.36042497,-12.00481308,130.6669473,3509.832201,11.92100504,-12.91698239,157.0241148,3636.387075,10.55121309,-15.9395451,217.1904023,3666.738565,11.6741441,-12.66939327,149.679967,3509.23894,5439.03,37.62,-9.77,27.19
27.25,27.2,-9.59,34.39,5195.85,-11.24442435,108.2787871,4776.028686,12.36615831,-11.99945818,130.5981196,3510.581359,11.92843881,-12.90781223,156.9280929,3637.554356,10.55345689,-15.93394411,217.1546372,3667.225895,11.67674132,-12.66640623,149.6470618,3509.627692,5438.88,37.52,-9.77,27.2
27.26,27.21,-9.59,34.29,5196.7,-11.24229009,108.1912064,4776.870342,12.36902498,-11.9982796,130.5637211,3510.955494,11.9321557,-12.90579942,156.8801161,3638.137193,10.55457878,-15.93270508,217.136761,3667.469471,11.67803993,-12.6657397,149.6306131,3509.821972,5440.34,37.43,-9.76,27.21
27.27,27.22,-9.6,34.2,5196.7,-11.23629231,107.7533861,4781.07523,12.38335833,-11.99483133,130.3917455,3512.825678,11.95074012,-12.89991503,156.6402693,3641.050493,10.56018827,-15.9290642,217.0473867,3668.687246,11.68453298,-12.66376723,149.5483738,3510.793264,5439.9,37.33,-9.76,27.22
27.28,27.23,-9.6,34.1,5196.7,-11.233437,107.6755929,4781.821001,12.38590649,-11.99359083,130.3611809,3513.157898,11.95404402,-12.89776924,156.5976493,3641.56795,10.56118551,-15.92780003,217.0315015,3668.903687,11.6856873,-12.66312445,149.5337558,3510.965882,5440.19,37.23,-9.75,27.23
27.29,27.24,-9.6,34.01,5196.7,-11.23228935,107.5783813,4782.752398,12.38909167,-11.9929365,130.3229792,3513.57306,11.95817389,-12.89665862,156.5443836,3642.214562,10.56243207,-15.88118827,217.0117142,3669.174216,11.6871302,-12.66275291,149.5154842,3511.181631,5441.06,37.13,-9.75,27.24
27.3,27.25,-9.61,33.91,5197.97,-11.22226943,107.4017201,4784.444388,12.39488754,-11.98754655,130.2534698,3514.328395,11.9656275,-12.88751773,156.4482569,3643.381383,10.5647003,-15.8756388,216.975692,3669.666448,11.6897559,-12.65973171,149.4822355,3511.574215,5441.94,37.04,-9.75,27.25
27.31,27.26,-9.61,33.81,5197.41,-11.22014079,107.3134683,4785.287258,12.39778548,-11.9863604,130.2187306,3514.705609,11.96935431,-12.88551139,156.4002276,3643.963988,10.56583441,-15.87441117,216.9576872,3669.912472,11.69106876,-12.65905842,149.4656151,3511.770409,5441.5,36.94,-9.74,27.26
27.32,27.27,-9.61,33.72,5198.54,-11.21416635,106.872293,4789.498153,12.41227514,-11.98289031,130.0450522,3516.591178,11.98798834,-12.87964617,156.1601185,3646.87612,10.57150498,-15.87080383,216.8676703,3671.142491,11.69763303,-12.65706517,149.3825176,3512.751269,5442.08,36.84,-9.74,27.27
27.33,27.28,-9.62,33.62,5198.11,-11.21130053,106.7939036,4790.244961,12.41485109,-11.98164096,130.014185,3516.926128,11.99130106,-12.8775068,156.1174519,3647.393368,10.57251308,-15.86955125,216.8516709,3671.361108,11.69880001,-12.65641236,149.367747,3512.925588,5442.52,36.74,-9.73,27.28
27.34,27.29,-9.62,33.52,5198.96,-11.2101572,106.6959473,4791.177641,12.41807101,-11.98098244,129.9756052,3517.3447,11.99544195,-12.8763998,156.0641279,3648.039717,10.57377321,-15.86886915,216.8316733,3671.634355,11.70025874,-12.65603875,149.3492847,3513.143461,5442.52,36.65,-9.73,27.29
27.35,27.3,-9.62,33.43,5199.1,-11.20015623,106.5179408,4792.871869,12.42393005,-11.9755575,129.9054082,3518.106232,12.00291516,-12.86728851,155.9678999,3649.206017,10.57606634,-15.86327233,216.7952839,3672.131578,11.70291333,-12.6529851,149.3156882,3513.539921,5443.39,36.55,-9.72,27.3
27.36,27.31,-9.62,33.33,5198.96,-11.19803361,106.429017,4793.715804,12.42685957,-11.97436378,129.8703255,3518.486535,12.00665177,-12.86528873,155.9198199,3649.788358,10.5772129,-15.86203429,216.7770957,3672.380095,11.70424062,-12.65230656,149.2988939,3513.738051,5442.66,36.45,-9.72,27.31
27.37,27.32,-9.63,33.23,5199.95,-11.19208383,105.9844821,4797.931965,12.44150717,-11.97087192,129.6949298,3520.38754,12.02533479,-12.85944289,155.6794574,3652.699168,10.58294571,-15.85839641,216.6861616,3673.622578,11.71087709,-12.6503024,149.2149273,3514.72859,5444.7,36.35,-9.71,27.32
27.38,27.33,-9.63,33.14,5200.52,-11.18920747,105.9054956,4798.679678,12.44411119,-11.96961371,129.6637575,3520.725229,12.02865622,-12.85731002,155.6367457,3653.216179,10.58396488,-15.85713294,216.6699992,3673.843409,11.7120569,-12.64963147,149.2000023,3514.904627,5444.84,36.25,-9.71,27.33
27.39,27.34,-9.63,33.04,5200.24,-11.18806871,105.8067935,4799.613475,12.44736621,-11.96895102,129.6247963,3521.147222,12.032808,-12.85620668,155.5833654,3653.862232,10.58523884,-15.85644505,216.6497979,3674.119424,11.71353167,-12.64925566,149.181347,3515.124649,5443.83,36.16,-9.7,27.34
27.4,27.35,-9.63,32.95,5200.24,-11.17808828,105.6274401,4801.309639,12.45328907,-11.96349113,129.5539058,3521.914972,12.04030045,-12.84712547,155.487041,3655.027932,10.58755713,-15.85080062,216.613038,3674.621682,11.71621541,-12.64617214,149.1473997,3515.525013,5444.12,36.06,-9.7,27.35
27.41,27.36,-9.63,32.85,5200.94,-11.17597205,105.5378434,4802.154487,12.45625051,-11.96228987,129.5184768,3522.298374,12.04404667,-12.84513235,155.4389128,3655.60997,10.58871628,-15.84955209,216.5946646,3674.872715,11.71755728,-12.64548888,149.1304302,3515.725092,5445.28,35.96,-9.69,27.36
27.42,27.37,-9.63,32.75,5201.65,-11.17004827,105.0899448,4806.375154,12.47105766,-11.9587763,129.3413493,3524.214864,12.06277778,-12.83930619,155.1983091,3658.519262,10.59451202,-15.84588352,216.5028048,3676.127775,11.72426662,-12.64347669,149.0455873,3516.725375,5445.57,35.87,-9.69,27.37
27.43,27.38,-9.63,32.65,5201.65,-11.16716135,105.0103606,4807.123637,12.47369004,-11.95750922,129.3098692,3524.5553,12.06610776,-12.83717992,155.1555546,3659.036002,10.59554237,-15.84460909,216.486478,3676.350841,11.7254594,-12.64278737,149.0305065,3516.903143,5446.01,35.77,-9.68,27.38
27.44,27.39,-9.64,32.56,5202.36,-11.16602741,104.9109118,4808.058381,12.47698052,-11.95684236,129.2705235,3524.980724,12.07027023,-12.83608029,155.1021206,3659.681715,10.59683031,-15.84391537,216.4660711,3676.629649,11.72695036,-12.64240892,149.0116565,3517.125328,5447.17,35.67,-9.67,27.39
27.45,27.4,-9.64,32.46,5202.79,-11.15606909,104.7302102,4809.756171,12.48296786,-11.9513476,129.1989338,3525.754711,12.07778168,-12.82702946,155.005703,3660.846757,10.59917405,-15.83822306,216.4289371,3677.136988,11.72966356,-12.63929756,148.9773551,3517.529627,5447.17,35.58,-9.67,27.4
27.46,27.41,-9.64,32.37,5202.79,-11.15395966,104.63994,4810.601776,12.48596153,-11.95013882,129.1631554,3526.141222,12.08153741,-12.82504306,154.9575282,3661.428463,10.60034591,-15.836964,216.4103768,3677.39056,11.73102016,-12.63860941,148.9602087,3517.731671,5446.73,35.48,-9.66,27.41
27.47,27.42,-9.64,32.27,5204.06,-11.14806325,104.1886743,4814.826169,12.50092988,-11.9466036,128.9842816,3528.073242,12.10031604,-12.81923678,154.7166914,3664.336095,10.60620525,-15.83326456,216.3175827,3678.65831,11.73780316,-12.6365875,148.874481,3518.741778,5448.33,35.38,-9.66,27.42
27.48,27.43,-9.64,32.17,5203.78,-11.14516571,104.1084916,4815.575282,12.50359092,-11.94532763,128.9524912,3528.416434,12.10365447,-12.81711719,154.6738954,3664.852538,10.60724691,-15.83197911,216.3010898,3678.883631,11.73900903,-12.6358835,148.8592429,3518.921291,5448.04,35.29,-9.65,27.43
27.49,27.44,-9.64,32.08,5204.06,-11.14403683,104.0082953,4816.5108,12.50691721,-11.94465663,128.9127577,3528.8453,12.1078275,-12.81602131,154.6204096,3665.497878,10.60854898,-15.83127953,216.2804754,3679.165257,11.74051636,-12.63550198,148.8401965,3519.145657,5448.62,35.19,-9.65,27.44
27.5,27.45,-9.64,31.98,5203.78,-11.13410226,103.8262444,4818.209898,12.51296969,-11.93912707,128.840463,3529.625541,12.11535762,-12.80700127,154.5239034,3666.662189,10.61091844,-15.82553907,216.242964,3679.677723,11.74325936,-12.6323638,148.8055373,3519.553926,5448.92,35.09,-9.64,27.45
27.51,27.46,-9.64,31.88,5203.78,-11.13200002,103.7353001,4819.056101,12.51599592,-11.93791078,128.8043324,3530.015169,12.11912268,-12.80502169,154.4756842,3667.243527,10.61210316,-15.82426942,216.2242151,3679.933856,11.74463086,-12.63167028,148.788212,3519.757953,5448.92,35,-9.64,27.46
27.52,27.47,-9.64,31.79,5205.05,-11.12613234,103.2806645,4823.283421,12.5311271,-11.93435399,128.6236978,3531.962764,12.13794799,-12.79923555,154.2346258,3670.149312,10.61802679,-15.82053895,216.130478,3681.21441,11.75148836,-12.62963515,148.7015903,3520.777972,5449.06,34.9,-9.63,27.47
27.53,27.48,-9.64,31.69,5204.91,-11.12322415,103.1998829,4824.033023,12.53381709,-11.93306913,128.5915945,3532.308719,12.14129471,-12.79712275,154.1917903,3670.665425,10.61907988,-15.81924241,216.1138176,3681.442007,11.75270747,-12.62892103,148.6861934,3520.959246,5449.64,34.8,-9.63,27.48
27.54,27.49,-9.64,31.59,5205.19,-11.12210058,103.0989385,4824.969136,12.53717957,-11.93239399,128.55147,3532.741036,12.14547811,-12.79603066,154.1382552,3671.310353,10.62039624,-15.81853696,216.0929937,3681.726476,11.75423136,-12.62853608,148.6669483,3521.185812,5450.08,34.71,-9.62,27.49
27.55,27.5,-9.64,31.5,5205.76,-11.11219136,102.9155375,4826.669216,12.54329784,-11.92682972,128.4784644,3533.527548,12.15302664,-12.78704175,154.0416641,3672.473869,10.62279169,-15.81274809,216.0551013,3682.244115,11.75700451,-12.62537125,148.6319275,3521.598088,5450.52,34.61,-9.61,27.5
27.56,27.51,-9.64,31.4,5205.62,-11.11009672,102.8239186,4827.515853,12.54635697,-11.92560594,128.4419787,3533.920301,12.1568009,-12.78506905,153.9934024,3673.054807,10.62398941,-15.81146779,216.036162,3682.502833,11.75839108,-12.62467186,148.6144215,3521.804117,5450.52,34.52,-9.61,27.51
27.57,27.52,-9.64,31.3,5206.47,-11.10425916,102.3659109,4831.745284,12.56165263,-11.92202766,128.2595686,3535.883512,12.17567221,-12.77930327,153.7521314,3675.95859,10.62997802,-15.80770613,215.9414732,3683.796307,11.76532396,-12.62262025,148.5268963,3522.834138,5450.66,34.42,-9.6,27.52
27.58,27.53,-9.64,31.21,5207.18,-11.10134026,102.28453,4832.495228,12.56437186,-11.92073391,128.2271499,3536.232237,12.17902711,-12.77719733,153.7092581,3676.474346,10.63104267,-15.80639843,215.9246437,3684.026198,11.76655647,-12.62189943,148.5113388,3523.01719,5451.53,34.32,-9.6,27.53
27.59,27.54,-9.64,31.11,5206.89,-11.10022226,102.182837,4833.431755,12.56777089,-11.92005464,128.1866311,3536.668014,12.18322074,-12.77610906,153.6556757,3677.118826,10.63237347,-15.80568706,215.9036085,3684.313537,11.76809711,-12.62151091,148.491893,3523.245976,5451.53,34.23,-9.59,27.54
27.6,27.55,-9.64,31.01,5207.6,-11.09034003,101.9980852,4835.132483,12.57395562,-11.91445575,128.1129089,3537.460813,12.19078741,-12.76715159,153.5590031,3678.281488,10.63479519,-15.79984953,215.8653315,3684.836396,11.77090075,-12.61831902,148.4565068,3523.662295,5451.97,34.13,-9.59,27.55
27.61,27.56,-9.64,30.92,5208.74,-11.08825339,101.9057916,4835.979388,12.57704798,-11.91322451,128.0760651,3537.856699,12.19457075,-12.76518584,153.5107007,3678.861997,10.63600605,-15.79855853,215.8462001,3685.09772,11.77230258,-12.61761344,148.4388181,3523.870343,5451.83,34.04,-9.58,27.56
27.62,27.57,-9.64,30.82,5208.74,-11.08244737,101.4444101,4840.210093,12.59250978,-11.90962482,127.8918651,3539.835563,12.21348743,-12.75944062,153.2692257,3681.763628,10.64206035,-15.79476552,215.7505509,3686.404229,11.77931169,-12.61554322,148.3503798,3524.910458,5452.55,33.94,-9.58,27.57
27.63,27.58,-9.64,30.72,5207.74,-11.07951769,101.3624297,4840.96023,12.59525855,-11.90832217,127.8591284,3540.187065,12.2168504,-12.75734161,153.2263161,3682.278999,10.64313667,-15.7934466,215.7335506,3686.636437,11.78055776,-12.61481745,148.33466,3525.095303,5453.13,33.85,-9.57,27.58
27.64,27.59,-9.64,30.63,5208.31,-11.07840552,101.2599877,4841.896984,12.5986945,-11.90763879,127.8182121,3540.62631,12.2210541,-12.7562572,153.1726885,3682.922998,10.64448207,-15.79272927,215.7123021,3686.92667,11.78211534,-12.61442533,148.3150114,3525.326331,5453.28,33.75,-9.56,27.59
27.65,27.6,-9.63,30.53,5208.45,-11.06855191,101.0738848,4843.598021,12.60494635,-11.90200538,127.7437674,3541.42541,12.22863868,-12.74733145,153.0759377,3684.084748,10.64693035,-15.74442222,215.6736371,3687.454795,11.78494982,-12.61120582,148.279256,3525.746727,5453.43,33.66,-9.56,27.6
27.66,27.61,-9.63,30.43,5209.44,-11.06647368,100.9809162,4844.445022,12.60807227,-11.90076672,127.7065626,3541.824436,12.23243096,-12.74537272,153.0275961,3684.664797,10.64815449,-15.80080861,215.6543637,3687.71875,11.78636706,-12.61049388,148.2613829,3525.956811,5453.72,33.56,-9.55,27.61
27.67,27.62,-9.63,30.34,5209.16,-11.06070064,100.5161601,4848.676146,12.62370189,-11.89714572,127.5205583,3543.818988,12.2513924,-12.73964824,152.7859255,3687.564131,10.6542752,-16.18236962,215.5576517,3689.038412,11.79345327,-12.6084042,148.1720223,3527.007106,5453.72,33.46,-9.55,27.62
27.68,27.63,-9.63,30.24,5209.73,-11.0577601,100.4335799,4849.426325,12.62648048,-11.89583416,127.4875009,3544.173272,12.25476332,-12.73755624,152.7429812,3688.079093,10.65536332,-15.74356842,215.5400433,3689.272961,11.79471304,-12.60767377,148.1561387,3527.193759,5454.01,33.37,-9.54,27.63
27.69,27.64,-9.63,30.15,5209.59,-11.056654,100.3303887,4850.363115,12.62995373,-11.89514669,127.4461839,3544.615993,12.25897698,-12.73630049,152.6893095,3688.722585,10.65672348,-15.76088691,215.5192664,3689.566109,11.79628775,-12.60727809,148.1362852,3527.427046,5455.32,33.27,-9.54,27.64
27.7,27.65,-9.63,30.05,5209.59,-11.04683068,100.1429347,4852.064112,12.63627337,-11.88947888,127.3710109,3545.421407,12.26151106,-12.73351045,152.6570347,3689.109506,10.65919859,-15.75499442,215.4802563,3690.099545,11.79915341,-12.60403045,148.1001571,3527.851554,5455.75,33.18,-9.53,27.65
27.71,27.66,-9.63,29.95,5210.58,-11.04476127,100.0492909,4852.911035,12.63943319,-11.88823282,127.3334423,3545.823579,12.2627781,-12.73285416,152.6409009,3689.302877,10.66043615,-15.75369136,215.4607586,3690.366155,11.80058624,-12.60331211,148.0820977,3528.063691,5456.34,33.08,-9.53,27.66
27.72,27.67,-9.63,29.86,5211,-11.03902264,99.58115989,4857.141704,12.65523229,-11.8845906,127.1456189,3547.83385,12.2691133,-12.7309259,152.5602357,3690.269633,10.66662395,-15.7498631,215.3632779,3691.699081,11.80775038,-12.601203,147.9918058,3529.124248,5456.05,32.99,-9.52,27.67
27.73,27.68,-9.63,29.76,5211,-11.03607117,99.49797984,4857.891769,12.65804101,-11.88327014,127.1122384,3548.190922,12.27023955,-12.73025673,152.5458974,3690.441447,10.667724,-15.74853138,215.3459522,3691.935982,11.809024,-12.60046738,147.9757566,3529.312724,5456.77,32.89,-9.52,27.68
27.74,27.69,-9.63,29.66,5210.86,-11.03497141,99.39403944,4858.828401,12.66155192,-11.8825786,127.0705175,3548.637126,12.27164738,-12.72989212,152.5279755,3690.656192,10.66909907,-15.74780736,215.324297,3692.232082,11.81061603,-12.6000682,147.9556963,3529.54829,5456.63,32.8,-9.51,27.69
27.75,27.7,-9.62,29.57,5211.57,-11.02518003,99.20523438,4860.529003,12.66794003,-11.87687651,126.9946104,3549.448865,12.27420928,-12.72690036,152.4953627,3691.046954,10.67160132,-15.74186574,215.284892,3692.770878,11.81351321,-12.59679204,147.9191917,3529.976943,5456.77,32.7,-9.51,27.7
27.76,27.71,-9.62,29.47,5212.28,-11.02311986,99.11091561,4861.37567,12.67113408,-11.87562308,126.956675,3549.85419,12.27549023,-12.72623829,152.4790601,3691.242241,10.67285245,-15.74055188,215.2651969,3693.040165,11.81496179,-12.59606735,147.9009442,3530.191151,5457.36,32.61,-9.5,27.71
27.77,27.72,-9.62,29.38,5212.28,-11.01741711,98.63940988,4865.604992,12.68710434,-11.87195975,126.7670182,3551.880207,12.281895,-12.72429349,152.3975516,3692.218572,10.67910809,-15.73669199,215.1667298,3694.386478,11.82220473,-12.5939392,147.8097117,3531.262057,5457.5,32.51,-9.49,27.72
27.78,27.73,-9.62,29.28,5212.28,-11.0144546,98.55563001,4866.354784,12.68994349,-11.87063039,126.7333119,3552.240073,12.28303362,-12.72361769,152.3830634,3692.392088,10.6802202,-15.73534893,215.1492288,3694.625758,11.82349236,-12.59319763,147.7934953,3531.452372,5457.5,32.42,-9.49,27.73
27.79,27.74,-9.62,29.18,5212.99,-11.01336143,98.45094042,4867.291059,12.69349244,-11.86993479,126.6911839,3552.689765,12.2844569,-12.72292465,152.3649546,3692.608958,10.68161034,-15.73461891,215.1273545,3694.92483,11.8251019,-12.59279499,147.7732261,3531.690235,5458.38,32.32,-9.48,27.74
27.8,27.75,-9.62,29.09,5213.13,-11.00360367,98.26078472,4868.990904,12.69994968,-11.86419857,126.6145369,3553.50784,12.28699575,-12.71982411,152.3326531,3692.99579,10.68414002,-15.72862792,215.0875509,3695.469033,11.82803094,-12.58949007,147.7363413,3532.123069,5458.81,32.22,-9.48,27.75
27.81,27.76,-9.62,28.99,5213.55,-11.00155316,98.16579111,4869.837133,12.7031783,-11.8629378,126.5762319,3553.916321,12.28826517,-12.71907546,152.3165062,3693.189113,10.68540486,-15.72730321,215.0676567,3695.741022,11.82949546,-12.58875904,147.7179037,3532.339364,5459.69,32.13,-9.48,27.76
27.82,27.77,-9.62,28.89,5213.41,-10.99588776,97.69091156,4874.064199,12.7193214,-11.85925348,126.3847273,3555.958109,12.29461229,-12.71655694,152.2357767,3694.155628,10.69172906,-15.72341153,214.9681941,3697.100839,11.83681807,-12.58661226,147.6257212,3533.420706,5458.81,32.04,-9.47,27.77
27.83,27.78,-9.62,28.8,5214.12,-10.99291411,97.606532,4874.813555,12.72219129,-11.85791521,126.3506926,3556.320772,12.29574067,-12.71633902,152.2214276,3694.327399,10.69285336,-15.72205707,214.9505163,3697.342518,11.83811986,-12.58586413,147.609336,3533.612875,5460.12,31.94,-9.47,27.78
27.84,27.79,-9.61,28.7,5214.12,-10.9918278,97.5010934,4875.749271,12.72577865,-11.85721558,126.3081542,3556.773958,12.29715114,-12.71598564,152.2034908,3694.542091,10.69425874,-15.72132101,214.9284209,3697.644589,11.83974711,-12.58545802,147.5888557,3533.853054,5460.12,31.85,-9.46,27.79
27.85,27.8,-9.61,28.61,5214.69,-10.98210532,97.30958769,4877.447989,12.7323057,-11.85144537,126.2307616,3557.598378,12.29971528,-12.71282726,152.1708852,3694.932362,10.69681614,-15.7152804,214.8882151,3698.194247,11.84270836,-12.5821242,147.5515869,3534.290103,5460.41,31.75,-9.46,27.8
27.86,27.81,-9.61,28.51,5214.83,-10.98006489,97.21391953,4878.293594,12.73556923,-11.85017731,126.192084,3558.01002,12.30099735,-12.71213701,152.1545864,3695.127403,10.69809484,-15.71394479,214.86812,3698.46896,11.84418899,-12.58138685,147.5329575,3534.508503,5459.69,31.66,-9.45,27.81
27.87,27.82,-9.61,28.41,5214.4,-10.97443835,96.7356676,4882.517477,12.75188686,-11.84647212,125.9987172,3560.0676,12.30740771,-12.71004847,152.0730971,3696.102507,10.70448835,-15.71002117,214.7676528,3699.8424,11.85159214,-12.57922166,147.4398157,3535.600366,5461.73,31.56,-9.45,27.82
27.88,27.83,-9.61,28.32,5216.11,-10.97145343,96.6506886,4883.266233,12.75478778,-11.84512495,125.9643516,3560.433063,12.30854733,-12.70934831,152.0586125,3696.275804,10.70562497,-15.70865525,214.7497965,3700.0865,11.85290825,-12.57846662,147.42326,3535.794403,5461.29,31.47,-9.44,27.83
27.89,27.84,-9.61,28.22,5215.68,-10.97037424,96.5445013,4884.201182,12.75841392,-11.84442131,125.9213997,3560.889747,12.30997185,-12.70900855,152.0405077,3696.492402,10.70704575,-15.70791312,214.727478,3700.391595,11.8545534,-12.57805703,147.4025666,3536.036918,5461.29,31.38,-9.44,27.84
27.9,27.85,-9.61,28.13,5215.68,-10.96068872,96.35164642,4885.898396,12.76501146,-11.83861727,125.8432556,3561.720519,12.31256212,-12.70586395,152.0075879,3696.886228,10.70963117,-15.70182265,214.6868664,3700.946756,11.85754722,-12.57469419,147.3649101,3536.478216,5461.43,31.28,-9.43,27.85
27.91,27.86,-9.61,28.03,5216.39,-10.9586588,96.25530412,4886.743189,12.76831023,-11.83734195,125.8042027,3562.135325,12.31385726,-12.70520953,151.9911321,3697.083045,10.71092388,-15.70047608,214.6665685,3701.224218,11.85904414,-12.57395051,147.3460869,3536.698738,5462.31,31.19,-9.43,27.86
27.92,27.87,-9.61,27.93,5215.54,-10.95307263,95.77368182,4890.962944,12.78480409,-11.83361603,125.6089593,3564.208713,12.32033293,-12.70337444,151.9088572,3698.067025,10.71738743,-15.69652037,214.5650877,3702.611398,11.8665287,-12.57176692,147.2519763,3537.801207,5463.18,31.09,-9.43,27.87
27.93,27.88,-9.61,27.84,5216.25,-10.9500763,95.68810372,4891.710931,12.78773634,-11.83225996,125.5742602,3564.57698,12.32148417,-12.70243888,151.8942327,3698.241899,10.7185365,-15.69514292,214.5470512,3702.85794,11.86785929,-12.57100488,147.2352485,3537.997128,5463.04,31,-9.42,27.88
27.94,27.89,-9.61,27.74,5216.25,-10.9490045,95.58116816,4892.644903,12.79140164,-11.83155234,125.5308917,3565.037165,12.32292321,-12.70209593,151.8759537,3698.460467,10.71997285,-15.6943947,214.5245077,3703.166086,11.86952253,-12.57059177,147.2143399,3538.241997,5462.74,30.91,-9.42,27.89
27.95,27.9,-9.6,27.65,5216.25,-10.93935763,95.38696519,4894.34023,12.79807035,-11.82571463,125.4519905,3565.874294,12.32554082,-12.69898784,151.8427045,3698.85802,10.72258658,-15.68825413,214.4834866,3703.726797,11.87254928,-12.5671998,147.1762919,3538.687579,5463.62,30.81,-9.41,27.9
27.96,27.91,-9.6,27.55,5217.24,-10.93733864,95.28994926,4895.184018,12.80140471,-11.8244321,125.4125593,3566.292267,12.32684963,-12.69834467,151.826084,3699.056699,10.72389345,-15.68689654,214.4629841,3704.007032,11.87406265,-12.56644975,147.157273,3538.91024,5464.2,30.72,-9.41,27.91
27.97,27.92,-9.6,27.45,5217.52,-10.93179436,94.80495913,4899.398682,12.81807649,-11.82068559,125.215425,3568.381475,12.33339367,-12.69658913,151.7429855,3700.049983,10.7304278,-15.68290859,214.3604805,3705.408073,11.88162953,-12.56424764,147.0621842,3540.023401,5464.06,30.62,-9.41,27.92
27.98,27.93,-9.6,27.36,5217.95,-10.92878648,94.71878237,4900.145729,12.82104036,-11.81932064,125.18039,3568.752548,12.33455705,-12.69561408,151.7282145,3700.22651,10.73158946,-15.68151956,214.3422623,3705.657077,11.88297476,-12.56347861,147.0452825,3540.221222,5464.93,30.53,-9.4,27.93
27.99,27.94,-9.6,27.26,5218.23,-10.92772233,94.6110991,4901.07851,12.8247452,-11.81860905,125.1366016,3569.216237,12.33601128,-12.69525923,151.7097526,3700.447144,10.73304154,-15.68076522,214.3194916,3705.968301,11.88465628,-12.56306196,147.0241566,3540.468464,5464.93,30.44,-9.4,27.94
28,27.95,-9.6,27.17,5218.66,-10.91811579,94.41554932,4902.77156,12.83148575,-11.81273787,125.0569376,3570.059727,12.33865739,-12.69217859,151.6761595,3700.848584,10.7356839,-15.6745743,214.2780573,3706.53461,11.88771632,-12.55964071,146.9857132,3540.918364,5464.93,30.34,-9.4,27.95
28.01,27.96,-9.6,27.07,5217.81,-10.91610817,94.31786038,4903.614148,12.83485603,-11.81144817,125.0171254,3570.480868,12.33998045,-12.69152882,151.6593671,3701.049205,10.73700508,-15.67320565,214.2573484,3706.817641,11.88924634,-12.55888424,146.9664967,3541.143182,5464.49,30.25,-9.39,27.96
28.02,27.97,-9.6,26.97,5219.09,-10.91060731,93.82950551,4907.822742,12.85170743,-11.80768121,124.818086,3572.585905,12.34659572,-12.68973442,151.5754092,3702.052195,10.74361097,-15.66918532,214.1538128,3708.232662,11.89689644,-12.55666343,146.87042,3542.267122,5465.66,30.15,-9.39,27.97
28.03,27.98,-9.6,26.88,5219.79,-10.90758772,93.74273062,4908.568675,12.85470323,-11.80630738,124.7827125,3572.959784,12.34777177,-12.68882891,151.5604854,3702.230446,10.74478536,-15.66778463,214.1354112,3708.48415,11.89825646,-12.55588749,146.8533427,3542.466857,5465.95,30.06,-9.39,27.98
28.04,27.99,-9.6,26.78,5220.08,-10.90653149,93.63430032,4909.500046,12.85844798,-11.80559186,124.7385011,3573.426979,12.34924183,-12.68846045,151.5418324,3702.453235,10.74625333,-15.66702415,214.1124113,3708.798478,11.89995648,-12.55546726,146.8319975,3542.716492,5465.51,29.97,-9.38,27.99
28.05,28,-9.6,26.69,5220.22,-10.89696697,93.43740521,4911.190422,12.86526106,-11.79968741,124.6580686,3574.276832,12.3519168,-12.68538567,151.5078912,3702.858605,10.74892462,-15.66078265,214.0705602,3709.370434,11.90305017,-12.55201658,146.7931547,3543.170746,5466.82,29.87,-9.38,28
28.06,28.01,-9.6,26.59,5220.22,-10.89497114,93.33904399,4912.031611,12.8686676,-11.79839059,124.6178725,3574.701142,12.35325428,-12.68472063,151.4909247,3703.061188,10.75026026,-15.65940289,214.049643,3709.656286,11.90459702,-12.55125365,146.7737387,3543.397737,5467.41,29.78,-9.38,28.01
28.07,28.02,-9.6,26.5,5219.79,-10.88951527,92.84732795,4916.233141,12.88570031,-11.79460334,124.4169141,3576.822011,12.3599417,-12.68283494,151.4060966,3704.073988,10.75693848,-15.65535002,213.9450661,3711.085407,11.91233125,-12.54901395,146.6766644,3544.532544,5467.55,29.69,-9.38,28.02
28.08,28.03,-9.6,26.4,5221.21,-10.88648378,92.75995554,4916.977782,12.88872834,-11.79322065,124.3811996,3577.198698,12.36113058,-12.68202963,151.3910183,3704.253983,10.75812572,-15.65393763,213.9264795,3711.3394,11.91370623,-12.54823113,146.6594098,3544.734209,5467.99,29.59,-9.37,28.03
28.09,28.04,-9.6,26.3,5220.65,-10.88543574,92.650779,4917.907522,12.89251339,-11.79250122,124.336562,3577.669399,12.36261667,-12.68165012,151.3721718,3704.47895,10.75960977,-15.65317097,213.9032483,3711.656859,11.91542494,-12.54780731,146.6378429,3544.986256,5467.99,29.5,-9.37,28.04
28.1,28.05,-9.6,26.21,5222.06,-10.87591493,92.45254023,4919.59482,12.89939967,-11.78656371,124.2553555,3578.525615,12.36532061,-12.67856007,151.3378815,3704.88825,10.76231029,-15.64687866,213.8609766,3712.234509,11.91855266,-12.54432703,146.5985969,3545.444898,5467.99,29.41,-9.37,28.05
28.11,28.06,-9.6,26.11,5221.64,-10.87393132,92.35350754,4920.434408,12.90284281,-11.78525982,124.2147727,3578.953094,12.36667258,-12.67787856,151.3207405,3705.092796,10.76366055,-15.64548774,213.8398492,3712.523206,11.92011652,-12.54355759,146.5789794,3545.674081,5467.99,29.31,-9.37,28.06
28.12,28.07,-9.6,26.02,5221.5,-10.86852202,91.8584344,4924.627862,12.92005851,-11.78145245,124.0118812,3581.089794,12.37343241,-12.67589963,151.2350401,3706.11541,10.77041185,-15.6414022,213.7342218,3713.966547,11.92793581,-12.54129886,146.4808976,3546.819841,5467.99,29.22,-9.36,28.07
28.13,28.08,-9.61,25.92,5221.92,-10.86547844,91.77046517,4925.37103,12.92311908,-11.7800609,123.9758232,3581.469288,12.37463416,-12.67517526,151.2198068,3706.297148,10.77161208,-15.63997803,213.7154485,3714.223067,11.92932591,-12.54050916,146.463464,3547.023452,5468.57,29.13,-9.36,28.08
28.14,28.09,-9.61,25.82,5221.64,-10.86443884,91.66054329,4926.298915,12.92694479,-11.77933761,123.9307564,3581.943494,12.37613635,-12.67478863,151.2007664,3706.524293,10.77311237,-15.63920517,213.6919841,3714.543684,11.93106353,-12.54008172,146.4416734,3547.277931,5468.87,29.03,-9.36,28.09
28.15,28.1,-9.61,25.73,5222.35,-10.85496342,91.46096272,4927.982726,12.93390495,-11.77336725,123.8487703,3582.806072,12.3788696,-12.67166892,151.166123,3706.937564,10.77584244,-15.63286182,213.649288,3715.127077,11.93422564,-12.53657166,146.4020202,3547.740996,5470.03,28.94,-9.36,28.1
28.16,28.11,-9.61,25.63,5222.49,-10.85299248,91.36125946,4928.820507,12.93738503,-11.77205635,123.8077981,3583.236719,12.38023623,-12.67097382,151.1488055,3707.144092,10.77720747,-15.63145968,213.6279486,3715.418643,11.9358067,-12.53579567,146.3821992,3547.972388,5469.89,28.84,-9.36,28.11
28.17,28.12,-9.61,25.54,5222.49,-10.84763131,90.86283371,4933.004858,12.95478543,-11.76822903,123.6029596,3585.389243,12.38706937,-12.66892573,151.062223,3708.176617,10.78403264,-15.62734133,213.5212613,3716.876325,11.94371199,-12.5335178,146.2831001,3549.12919,5470.32,28.75,-9.35,28.12
28.18,28.13,-9.61,25.44,5222.63,-10.84457543,90.77426846,4933.746372,12.95787884,-11.76682866,123.5665557,3585.771543,12.38828415,-12.6682439,151.046833,3708.360116,10.785246,-15.62590534,213.5022996,3717.135393,11.94511737,-12.53272118,146.2654857,3549.334761,5470.03,28.66,-9.35,28.13
28.19,28.14,-9.61,25.34,5224.76,-10.84354456,90.66360221,4934.672171,12.96174559,-11.76610153,123.5210566,3586.249253,12.38980263,-12.66785341,151.0275966,3708.589462,10.78676271,-15.62512625,213.4785998,3717.459194,11.94687411,-12.53229011,146.2434691,3549.591691,5470.91,28.56,-9.35,28.14
28.2,28.15,-9.61,25.25,5223.91,-10.83411621,90.46268186,4936.35208,12.96878031,-11.76009857,123.4382854,3587.118188,12.39256569,-12.66469772,150.9925946,3709.00676,10.78952263,-15.61873163,213.4354756,3718.048379,11.950071,-12.5287501,146.2034048,3550.059215,5470.47,28.47,-9.35,28.15
28.21,28.16,-9.61,25.15,5223.48,-10.83215836,90.36230903,4937.187846,12.97229766,-11.75878071,123.396921,3587.552001,12.39394721,-12.66399299,150.975098,3709.2153,10.79090259,-15.61731824,213.4139223,3718.342838,11.95166944,-12.52796753,146.1833782,3550.292833,5470.91,28.38,-9.35,28.16
28.22,28.17,-9.62,25.06,5224.34,-10.82684694,89.86053559,4941.362051,12.98988444,-11.75493364,123.1901218,3589.720338,12.40085486,-12.66190481,150.8876196,3710.25788,10.79780241,-15.61316693,213.3061657,3719.814983,11.95966167,-12.52567042,146.0832519,3551.460764,5470.91,28.28,-9.35,28.17
28.23,28.18,-9.62,24.96,5224.9,-10.82377852,89.77137516,4942.101725,12.99301098,-11.75352445,123.1533696,3590.105442,12.40208288,-12.66123026,150.8720705,3710.443165,10.79902904,-15.61171905,213.2870141,3720.07662,11.96108251,-12.52486683,146.0654549,3551.668313,5471.78,28.19,-9.35,28.18
28.24,28.19,-9.62,24.86,5223.91,-10.82275663,89.65996564,4943.025208,12.99691916,-11.75279351,123.1074351,3590.586653,12.40361792,-12.66083769,150.852635,3710.674743,10.80056234,-15.6109337,213.2630768,3720.403633,11.96285856,-12.5244321,146.0432101,3551.927712,5471.93,28.1,-9.35,28.19
28.25,28.2,-9.62,24.77,5224.9,-10.81337703,89.45770768,4944.700792,13.0040291,-11.74675821,123.0238734,3591.46194,12.40641127,-12.65764571,150.8172688,3711.096128,10.80335244,-15.6044876,213.2195207,3720.998658,11.96609061,-12.52086198,146.0027305,3552.399731,5471.93,28,-9.34,28.2
28.26,28.21,-9.62,24.67,5225.33,-10.81143272,89.35666635,4945.534332,13.00758407,-11.74543346,122.9821141,3591.898914,12.40780795,-12.65693447,150.7995901,3711.30671,10.80474749,-15.6030629,213.1977517,3721.296034,11.96770663,-12.5200728,145.9824965,3552.635593,5471.93,27.91,-9.34,28.21
28.27,28.22,-9.63,24.58,5225.19,-10.80617264,88.85155052,4949.697336,13.02535891,-11.74156682,122.7733408,3594.083049,12.41479135,-12.65482795,150.7112017,3712.359495,10.81172274,-15.68542297,213.0889163,3722.782764,11.97578676,-12.51775636,145.8813328,3553.814741,5472.95,27.82,-9.34,28.22
28.28,28.23,-9.63,24.48,5225.19,-10.80309144,88.76179584,4950.434982,13.02851889,-11.74014883,122.7362377,3594.470953,12.41603284,-12.65413876,150.6954908,3712.546592,10.81296279,-15.52700947,213.0694657,3723.046992,11.97722322,-12.51694574,145.8633515,3554.024282,5472.95,27.72,-9.34,28.23
28.29,28.24,-9.63,24.38,5226.18,-10.80207882,88.64964421,4951.355912,13.03246885,-11.73941413,122.6898649,3594.955662,12.41758471,-12.65374455,150.6758533,3712.780436,10.81451284,-15.57020904,213.0455658,3723.377243,11.9790188,-12.51650734,145.8408763,3554.286171,5473.39,27.63,-9.34,28.24
28.3,28.25,-9.63,24.29,5226.18,-10.79274963,88.44605097,4953.026745,13.03965469,-11.73334675,122.6055074,3595.837291,12.42040876,-12.65051897,150.6401184,3713.205953,10.81733341,-15.56377864,213.001649,3723.978151,11.9822864,-12.51290693,145.7999775,3554.76272,5474.12,27.54,-9.34,28.25
28.31,28.26,-9.64,24.19,5226.61,-10.79081929,88.34434226,4953.857844,13.04324761,-11.73201517,122.5633504,3596.277424,12.42182079,-12.64980284,150.6222555,3713.418598,10.81874369,-15.56235745,212.9796997,3724.278466,11.98392019,-12.51211111,145.7795339,3555.000844,5474.26,27.44,-9.34,28.26
28.32,28.27,-9.64,24.1,5226.75,-10.78561219,87.83588968,4958.008575,13.0612122,-11.72812918,122.3525896,3598.477332,12.42888094,-12.64768864,150.5329461,3714.481697,10.8257951,-15.55818343,212.8699632,3725.779886,11.99208917,-12.50977527,145.6773227,3556.191296,5474.41,27.35,-9.34,28.27
28.33,28.28,-9.64,24,5227.17,-10.78251793,87.74554173,4958.744002,13.0644059,-11.72670243,122.3151334,3598.868033,12.43013607,-12.64697701,150.5170715,3714.670627,10.82704868,-15.55672701,212.8504597,3726.046725,11.99354144,-12.50895755,145.6591552,3556.402845,5474.41,27.26,-9.34,28.28
28.34,28.29,-9.65,23.9,5227.88,-10.78151483,87.63264924,4959.662142,13.06839803,-11.72596399,122.2683192,3599.356234,12.43170499,-12.64658073,150.4972294,3714.90676,10.82861566,-15.55593732,212.8260827,3726.380237,11.99535677,-12.50851546,145.6364474,3556.667244,5473.82,27.17,-9.34,28.29
28.35,28.3,-9.65,23.81,5227.6,-10.77223773,87.42772315,4961.32779,13.07566043,-11.71986482,122.1831605,3600.244195,12.43456003,-12.64332477,150.4611229,3715.336436,10.83146704,-15.54945545,212.7817268,3726.987085,11.99866029,-12.50488462,145.5951252,3557.148357,5474.99,27.07,-9.35,28.3
28.36,28.31,-9.65,23.71,5227.88,-10.77032179,87.32534826,4962.156233,13.07929164,-11.71852648,122.1406033,3600.68748,12.43598755,-12.64260408,150.4430743,3715.551158,10.83289273,-15.54802296,212.7595581,3727.290367,12.00031206,-12.50408212,145.5744701,3557.388761,5474.84,26.98,-9.35,28.31
28.37,28.32,-9.66,23.61,5227.88,-10.7651693,86.81356489,4966.293606,13.09744764,-11.71462135,121.9278418,3602.903135,12.44312515,-12.64048365,150.3528365,3716.624638,10.84002118,-15.54381587,212.6487248,3728.806617,12.00857087,-12.50172677,145.4712012,3558.590607,5476.01,26.89,-9.35,28.32
28.38,28.33,-9.66,23.52,5227.74,-10.76206171,86.72262471,4967.02662,13.10067537,-11.71318586,121.8900301,3603.296627,12.44439406,-12.63975142,150.3367969,3716.815412,10.84128846,-15.5423475,212.6290265,3729.076091,12.0100391,-12.50090192,145.4528457,3558.80418,5475.87,26.79,-9.35,28.33
28.39,28.34,-9.67,23.42,5227.74,-10.7610684,86.60899267,4967.941728,13.10471004,-11.71244374,121.8427716,3603.788313,12.44598019,-12.63935236,150.3167486,3717.05385,10.84287255,-15.54155153,212.6044059,3729.412896,12.0118744,-12.50045612,145.429903,3559.071107,5476.89,26.7,-9.35,28.34
28.4,28.35,-9.68,23.33,5229.16,-10.75184503,86.40273627,4969.601754,13.11204967,-11.70631308,121.7568066,3604.682594,12.44886655,-12.63606817,150.2802668,3717.487718,10.84575507,-15.50394008,212.5596071,3730.025732,12.01521425,-12.49679469,145.3881533,3559.556821,5476.16,26.61,-9.35,28.35
28.41,28.36,-9.69,23.23,5229.02,-10.74994394,86.29969646,4970.42732,13.11571948,-11.70496805,121.7138466,3605.129025,12.45030973,-12.63534245,150.2620307,3717.704534,10.84719633,-15.54476753,212.5372619,3730.332005,12.01688418,-12.49598547,145.3672845,3559.799522,5476.74,26.51,-9.35,28.36
28.42,28.37,-9.7,23.13,5228.88,-10.7448477,85.7845885,4974.550238,13.13406855,-11.70104401,121.4990714,3607.360391,12.45752564,-12.63321215,150.1708552,3718.788482,10.85440263,-15.82292294,212.4252417,3731.86321,12.02523381,-12.49361052,145.2629476,3561.01285,5476.3,26.42,-9.35,28.37
28.43,28.38,-9.71,23.03,5229.73,-10.74172646,85.69305717,4975.280645,13.13733061,-11.69959981,121.4609019,3607.756669,12.45880847,-12.63246517,150.154649,3718.981115,10.85568375,-15.50088796,212.4049707,3732.135344,12.02671819,-12.4927785,145.2444023,3561.228462,5476.89,26.33,-9.36,28.38
28.44,28.39,-9.73,22.94,5229.59,-10.74074321,85.57868695,4976.192476,13.14140818,-11.69885404,121.4131963,3608.251833,12.460412,-12.63206273,150.1343924,3719.221877,10.85728514,-15.51330356,212.380697,3732.475464,12.02857367,-12.49232897,145.2212223,3561.497937,5476.89,26.23,-9.36,28.39
28.45,28.4,-9.75,22.84,5230.72,-10.73157523,85.37110287,4977.846437,13.14882569,-11.69269221,121.3264199,3609.152417,12.46333006,-12.62875112,150.0975314,3719.659977,10.86019912,-15.50675418,212.3354916,3733.094336,12.03195025,-12.48863678,145.179041,3561.988288,5476.89,26.14,-9.36,28.4
28.46,28.41,-9.77,22.74,5230.16,-10.72968941,85.26739943,4978.668904,13.15253445,-11.69134056,121.2830545,3609.601985,12.46478909,-12.62801966,150.0791056,3719.878907,10.86165611,-15.5053069,212.3128984,3733.403624,12.03363854,-12.48782082,145.1579565,3562.233304,5477.32,26.05,-9.36,28.41
28.47,28.42,-9.79,22.65,5231.15,-10.72465108,84.74897332,4982.776256,13.17107824,-11.68739786,121.0662528,3611.849023,12.47208423,-12.62587462,149.9869824,3720.973419,10.86894105,-15.50105661,212.1999431,3734.949901,12.04207999,-12.48542618,145.0525412,3563.458203,5477.62,25.95,-9.37,28.42
28.48,28.43,-9.82,22.55,5230.58,-10.72151586,84.65685196,4983.503857,13.17437491,-11.68594498,121.0277233,3612.248078,12.47338115,-12.62511859,149.9706077,3721.167929,10.87023616,-15.49957242,212.1798677,3735.224708,12.04358069,-12.48458693,145.0338043,3563.67587,5478.35,25.86,-9.37,28.43
28.49,28.44,-9.85,22.45,5230.16,-10.72054294,84.54174498,4984.412164,13.17849575,-11.68519562,120.9795677,3612.746711,12.47500229,-12.62471243,149.9501407,3721.411036,10.87185503,-15.49876823,212.1547759,3735.56818,12.04545657,-12.48413365,145.0103848,3563.947913,5478.35,25.77,-9.37,28.44
28.5,28.45,-9.88,22.36,5230.16,-10.71143196,84.33283593,4986.059612,13.18599181,-11.67900294,120.8919748,3613.65358,12.47795242,-12.6213732,149.9128961,3721.853409,10.8748008,-15.492167,212.10912,3736.19314,12.04887028,-12.48041056,144.9677676,3564.442937,5479.22,25.67,-9.38,28.45
28.51,28.46,-9.92,22.26,5230.3,-10.70956187,84.22847018,4986.878756,13.18973983,-11.67764476,120.8482016,3614.106276,12.47942749,-12.62063546,149.8942787,3722.074472,10.87627369,-15.49070834,212.0863018,3736.505468,12.05057714,-12.47958782,144.9464653,3564.690285,5479.08,25.58,-9.38,28.46
28.52,28.47,-9.96,22.16,5231.44,-10.70458312,83.70673252,4990.969419,13.20847997,-11.67368365,120.629361,3616.368939,12.48680282,-12.61847197,149.8011973,3723.179649,10.88363812,-15.48642477,211.9722216,3738.066943,12.05911141,-12.47717338,144.8399611,3565.926843,5479.22,25.49,-9.38,28.47
28.53,28.48,-10,22.07,5231.58,-10.70143355,83.61402228,4991.694015,13.21181155,-11.67222213,120.5904692,3616.770763,12.48811399,-12.6177104,149.7846524,3723.376053,10.88494735,-15.48492853,211.9519463,3738.344451,12.06062862,-12.47632687,144.8210306,3566.146581,5479.66,25.39,-9.39,28.48
28.54,28.49,-10.05,21.97,5232.57,-10.70047123,83.49818,4992.598548,13.21597602,-11.67146921,120.5418609,3617.272853,12.48975295,-12.61730044,149.7639725,3723.621527,10.88658389,-15.48411802,211.9266046,3738.691298,12.06252512,-12.47586984,144.7973692,3566.421212,5480.1,25.3,-9.39,28.49
28.55,28.5,-10.11,21.87,5231.86,-10.69141915,83.28795494,4994.238982,13.22355126,-11.66524605,120.4534467,3618.185987,12.49273554,-12.61393294,149.7263403,3724.068211,10.88956179,-15.47746474,211.8804945,3739.322393,12.06597637,-12.47211567,144.7543119,3566.920944,5480.1,25.21,-9.39,28.5
28.56,28.51,-10.17,21.78,5232.71,-10.68956526,83.18293134,4995.054552,13.22733888,-11.66388142,120.4092632,3618.6418,12.49422683,-12.61318861,149.7075293,3724.291426,10.89105074,-15.47599467,211.8574494,3739.637787,12.06770199,-12.47128612,144.7327898,3567.170642,5478.93,25.11,-9.4,28.51
28.57,28.52,-10.23,21.68,5232.71,-10.68464788,82.65790435,4999.127271,13.24627698,-11.65990216,120.1883714,3620.920033,12.50168328,-12.61100485,149.6134796,3725.407363,10.89849548,-15.47167769,211.7422345,3741.214583,12.07633011,-12.4688518,144.625186,3568.41895,5480.97,25.02,-9.4,28.52
28.58,28.53,-10.3,21.58,5233.14,-10.68148373,82.56460916,4999.848639,13.24964375,-11.65843203,120.1491152,3621.324617,12.50300888,-12.61023893,149.5967625,3725.605679,10.89981899,-15.47016934,211.7217576,3741.494812,12.077864,-12.46799799,144.6060602,3568.640775,5480.39,24.93,-9.41,28.53
28.59,28.54,-10.38,21.49,5233.14,-10.68053228,82.4480365,5000.74912,13.25385222,-11.65767561,120.1000515,3621.830152,12.50466587,-12.60982521,149.5758675,3725.853542,10.90147338,-15.46935248,211.696164,3741.84506,12.07978136,-12.46753717,144.5821546,3568.918013,5481.12,24.83,-9.42,28.54
28.6,28.55,-10.46,21.39,5233.14,-10.67154043,82.23649194,5002.382132,13.26150729,-11.65142234,120.0108112,3622.749526,12.50768125,-12.60642879,149.537844,3726.30457,10.90448374,-15.46264697,211.6495957,3742.482341,12.08327055,-12.46375179,144.5386529,3569.422488,5481.27,24.74,-9.42,28.55
28.61,28.56,-10.55,21.29,5233.14,-10.66970313,82.1308087,5003.193924,13.26533482,-11.65005134,119.966215,3623.208445,12.50918894,-12.6056778,149.5188374,3726.529956,10.90598891,-15.46116544,211.6263217,3742.800824,12.08501515,-12.46291539,144.5169087,3569.674555,5481.56,24.64,-9.43,28.56
28.62,28.57,-10.65,21.19,5233.99,-10.66484869,81.60248351,5007.247678,13.28447249,-11.64605421,119.7432602,3625.502186,12.5167274,-12.6034735,149.42381,3727.656739,10.91351481,-15.45681495,211.5099626,3744.393063,12.09373814,-12.46046109,144.4081948,3570.934701,5482.43,24.55,-9.44,28.57
28.63,28.58,-10.75,21.1,5233.99,-10.66166941,81.50860177,5007.965636,13.28787474,-11.64457552,119.7036374,3625.909519,12.51806757,-12.60270284,149.4069192,3727.856982,10.91485274,-15.45529444,211.4892824,3744.676037,12.0952889,-12.45959994,144.3888717,3571.158628,5482.14,24.46,-9.45,28.58
28.64,28.59,-10.86,21,5234.42,-10.66072908,81.39129675,5008.861836,13.29212755,-11.64381566,119.6541156,3626.418486,12.51974278,-12.60228547,149.3858071,3728.107252,10.91652516,-15.45447121,211.4634347,3745.029713,12.09722734,-12.45913532,144.3647195,3571.438493,5481.85,24.36,-9.46,28.59
28.65,28.6,-10.98,20.9,5234.28,-10.65179931,81.17844176,5010.486917,13.29986308,-11.63753266,119.5640445,3627.344073,12.52279133,-12.59885963,149.3473884,3728.562661,10.91956831,-15.44771329,211.4164044,3745.673229,12.1007549,-12.45531856,144.3207692,3571.947749,5483.31,24.27,-9.48,28.6
28.66,28.61,-11.11,20.8,5235.13,-10.64997908,81.07210341,5011.294676,13.30373084,-11.63615539,119.5190333,3627.806083,12.5243156,-12.59810202,149.3281843,3728.790234,10.92108989,-15.44622026,211.3928996,3745.994825,12.10251868,-12.45447529,144.2988007,3572.202202,5483.31,24.17,-9.49,28.61
28.67,28.62,-11.24,20.71,5234.56,-10.64518937,80.54050251,5015.328191,13.32306965,-11.63214067,119.2940039,3630.115264,12.53193697,-12.59587768,149.2321696,3729.927953,10.92869777,-15.44183615,211.2753866,3747.60263,12.11133758,-12.45200092,144.1889659,3573.474275,5483.02,24.08,-9.52,28.62
28.68,28.63,-11.38,20.61,5235.27,-10.64199469,80.44603819,5016.042512,13.32650766,-11.63065347,119.2540125,3630.525333,12.53329188,-12.59510129,149.2151033,3730.130138,10.93005028,-15.44030342,211.2545013,3747.888369,12.11290539,-12.45113238,144.1694436,3573.70032,5483.46,23.98,-9.54,28.63
28.69,28.64,-11.53,20.51,5235.7,-10.64106576,80.32800581,5016.934148,13.33080517,-11.62989021,119.20403,3631.037717,12.53498551,-12.59468033,149.1937719,3730.382835,10.93174092,-15.43947381,211.2283974,3748.245501,12.11486514,-12.45066394,144.1450425,3573.982833,5483.6,23.89,-9.57,28.64
28.7,28.65,-11.69,20.41,5235.27,-10.63219936,80.11383678,5018.550882,13.33862178,-11.62357789,119.1131238,3631.969487,12.53806759,-12.59122478,149.1549541,3730.842662,10.9348172,-15.4326633,211.1809012,3748.8953,12.11843149,-12.44681567,144.1006391,3574.496904,5484.33,23.8,-9.6,28.65
28.71,28.66,-11.85,20.31,5235.27,-10.63039658,80.0068415,5019.3544,13.34253008,-11.62219445,119.0676953,3632.434573,12.53960863,-12.59046062,149.1355505,3731.072441,10.93635535,-15.43115873,211.1571635,3749.220035,12.12021466,-12.44596549,144.0784443,3574.753761,5484.92,23.7,-9.64,28.66
28.72,28.67,-12.02,20.22,5235.27,-10.6256732,79.47195577,5023.366631,13.36207159,-11.61816245,118.84058,3634.759119,12.54731382,-12.58821688,149.0385385,3732.221186,10.94404606,-15.4267409,211.038487,3750.843527,12.12913053,-12.44347096,143.9674777,3576.037851,5484.92,23.61,-9.69,28.67
28.73,28.68,-12.2,20.12,5235.84,-10.6224625,79.37690723,5024.077129,13.36554564,-11.61666678,118.800218,3635.17191,12.54868364,-12.58743384,149.021295,3732.425329,10.9454133,-15.42519591,211.017395,3751.132053,12.13071557,-12.442595,143.9477543,3576.26603,5484.48,23.51,-9.74,28.68
28.74,28.69,-12.39,20.02,5236.98,-10.62154522,79.25814545,5024.963969,13.3698882,-11.61590019,118.7497724,3635.687692,12.5503959,-12.58700932,148.999742,3732.680474,10.94712234,-15.42435988,210.9910326,3751.492669,12.13269688,-12.44212272,143.9231017,3576.551209,5485.5,23.42,-9.79,28.69
28.75,28.7,-12.58,19.92,5237.26,-10.61274374,79.04266512,5026.571887,13.3777865,-11.60955898,118.6580265,3636.625613,12.55351188,-12.58352391,148.9605212,3733.144754,10.9502321,-15.41749661,210.9430666,3752.148799,12.13630243,-12.43824278,143.878241,3577.070132,5485.65,23.32,-9.86,28.7
28.76,28.71,-12.79,19.82,5237.26,-10.61095885,78.93501424,5027.370928,13.38173565,-11.60816946,118.6121786,3637.093759,12.55506987,-12.58275323,148.9409162,3733.376756,10.95178698,-15.41598048,210.9190943,3752.476697,12.13810521,-12.43738565,143.8558176,3577.329412,5485.21,23.23,-9.93,28.71
28.77,28.72,-13,19.72,5236.55,-10.6063035,78.39685033,5031.3607,13.40148139,-11.60412051,118.3829667,3639.433583,12.56285981,-12.5804905,148.8428974,3734.536615,10.95956137,-15.41152881,210.7992444,3754.115999,12.1471191,-12.43487088,143.7437083,3578.625608,5485.21,23.13,-10.01,28.72
28.78,28.73,-13.22,19.62,5237.55,-10.60307632,78.30121873,5032.067166,13.40499175,-11.60261642,118.3422321,3639.849081,12.56424468,-12.57970029,148.8254749,3734.742733,10.96094348,-15.40997151,210.7779439,3754.407334,12.14872157,-12.43398745,143.7237818,3578.855937,5485.35,23.04,-10.09,28.73
28.79,28.74,-13.44,19.52,5236.98,-10.60217093,78.18172902,5032.948948,13.40937969,-11.60184654,118.2913209,3640.368244,12.56597578,-12.57927219,148.8036982,3735.000345,10.96267113,-15.40912906,210.751321,3754.771459,12.15072466,-12.43351132,143.6988755,3579.143803,5485.94,22.94,-10.17,28.74
28.8,28.75,-13.68,19.41,5237.55,-10.59343591,77.96494005,5034.547577,13.41736029,-11.5954769,118.1987313,3641.312279,12.56912602,-12.57575682,148.7640705,3735.469113,10.9658147,-15.40221286,210.7028813,3755.433971,12.15436986,-12.42959956,143.6535529,3579.667614,5485.79,22.85,-10.27,28.75
28.81,28.76,-13.92,19.3,5237.97,-10.59166933,77.85663487,5035.341904,13.42135059,-11.59408141,118.1524619,3641.783465,12.57070115,-12.57497962,148.7442621,3735.703356,10.96738648,-15.40068512,210.6786724,3755.765055,12.15619246,-12.42873547,143.6308987,3579.929333,5486.52,22.75,-10.37,28.76
28.82,28.77,-14.17,19.2,5237.4,-10.58708373,77.31519927,5039.308033,13.44130207,-11.59001582,117.9211427,3644.138476,12.57857675,-12.57269799,148.6452266,3736.874417,10.97524541,-15.39619952,210.5576395,3757.420289,12.16530545,-12.42620036,143.5176357,3581.237725,5487.4,22.66,-10.48,28.77
28.83,28.78,-14.42,19.09,5237.4,-10.58383955,77.21898573,5040.010255,13.444849,-11.58850338,117.8800337,3644.556665,12.57997686,-12.57190045,148.6276234,3737.082525,10.97664256,-15.39462987,210.5361288,3757.714454,12.16692554,-12.42530942,143.4975042,3581.47022,5486.52,22.56,-10.59,28.78
28.84,28.79,-14.69,18.98,5237.69,-10.58294632,77.09876952,5040.886716,13.44928267,-11.58773029,117.8286546,3645.079186,12.58172699,-12.57146873,148.6056209,3737.342623,10.97838899,-15.39378097,210.5092432,3758.082116,12.16895065,-12.42482942,143.4723416,3581.760792,5486.67,22.47,-10.72,28.79
28.85,28.8,-14.95,18.88,5238.26,-10.57427926,76.88067448,5042.475579,13.45734615,-11.58133267,117.7352172,3646.029296,12.58491188,-12.56792332,148.5655823,3737.815915,10.98156672,-15.38681169,210.4603259,3758.751057,12.17263592,-12.4208857,143.4265528,3582.289527,5486.52,22.37,-10.85,28.8
28.86,28.81,-15.23,18.77,5238.82,-10.57253142,76.77171626,5043.264955,13.46137789,-11.57993132,117.6885243,3646.503503,12.58650432,-12.56713956,148.5455686,3738.052417,10.98315558,-15.38527231,210.4358783,3759.085353,12.17447856,-12.4200146,143.4036656,3582.553704,5487.4,22.27,-10.98,28.81
28.87,28.82,-15.51,18.66,5239.25,-10.5680173,76.22701523,5047.206247,13.48153659,-11.57584945,117.4550879,3648.873599,12.59446653,-12.56483892,148.4455064,3739.23477,10.99109991,-15.38075269,210.3136527,3760.756639,12.18369174,-12.41745908,143.2892378,3583.874381,5487.98,22.18,-11.13,28.82
28.88,28.83,-15.8,18.55,5238.4,-10.56475559,76.13022084,5047.904013,13.48512036,-11.5743287,117.4136027,3649.294461,12.59588203,-12.56403408,148.4277208,3739.444883,10.99251223,-15.37917064,210.2919301,3761.053656,12.18532963,-12.41656059,143.2688992,3584.109058,5487.98,22.08,-11.28,28.83
28.89,28.84,-16.09,18.44,5238.82,-10.56387477,76.00927952,5048.774886,13.48960007,-11.57355247,117.3617535,3649.820318,12.59765141,-12.56359872,148.4054903,3739.707488,10.99427764,-15.37831527,210.2647797,3761.424882,12.18737701,-12.4160767,143.2434779,3584.402356,5488.86,21.99,-11.44,28.84
28.9,28.85,-16.39,18.09,5238.68,-10.55527741,75.78988734,5050.353459,13.49774702,-11.56712737,117.2674644,3650.776458,12.60087132,-12.56002313,148.3650367,3740.18534,10.99748987,-15.37129276,210.2153809,3762.100301,12.19110279,-12.41210088,143.1972183,3584.93605,5487.69,21.89,-11.6,28.85
28.91,28.86,-16.69,17.92,5239.82,-10.55354877,75.68028053,5051.137619,13.50182049,-11.56572027,117.220346,3651.253664,12.60248127,-12.55923276,148.3448156,3740.424119,10.99909599,-15.36974171,210.1906928,3762.437833,12.19296568,-12.41122275,143.1740959,3585.202704,5488.71,21.79,-11.77,28.86
28.92,28.87,-16.99,17.75,5239.82,-10.54910795,75.13233621,5055.052758,13.52218785,-11.56162247,116.9847828,3653.638736,12.61053104,-12.55691289,148.2437168,3741.617853,11.00712658,-15.36518799,210.0672648,3764.125292,12.20228015,-12.40864673,143.058492,3586.535755,5488.71,21.7,-11.95,28.87
28.93,28.88,-17.3,17.58,5240.39,-10.5458283,75.03496488,5055.745835,13.52580872,-11.56009349,116.9429197,3654.06225,12.61196211,-12.55610087,148.225747,3741.829988,11.00855424,-15.36359349,210.0453285,3764.425182,12.20393605,-12.40774064,143.0379445,3586.77263,5489.3,21.6,-12.14,28.88
28.94,28.89,-17.62,17.4,5240.39,-10.54496015,74.91330336,5056.610828,13.5303348,-11.55931417,116.8905983,3654.591419,12.61375094,-12.55566182,148.2032862,3742.095119,11.01033881,-15.36273164,210.0179111,3764.799998,12.20600593,-12.40725285,143.012262,3587.068674,5489.74,21.51,-12.33,28.89
28.95,28.9,-17.94,17.22,5240.67,-10.53643394,74.69261631,5058.178629,13.53856577,-11.55286211,116.7954539,3655.553542,12.61700626,-12.5520559,148.1624136,3742.577567,11.0135859,-15.35565574,209.968027,3765.481945,12.20977267,-12.40324479,142.9655271,3587.607364,5490.17,21.41,-12.52,28.9
28.96,28.91,-18.26,17.04,5240.82,-10.53472493,74.58236201,5058.957333,13.54268126,-11.55144938,116.7479083,3656.033722,12.61863391,-12.55125887,148.1419831,3742.818641,11.01520945,-15.354093,209.9430964,3765.822736,12.21165605,-12.4023596,142.9421672,3587.876512,5489.44,21.31,-12.72,28.91
28.97,28.92,-18.59,16.85,5241.24,-10.53035913,74.03117991,5062.845115,13.56325869,-11.54733602,116.5102091,3658.43365,12.6267722,-12.54891957,148.0398374,3744.023848,11.02332716,-15.34950508,209.8184562,3767.526489,12.2210729,-12.399763,142.8253759,3589.222028,5489.59,21.22,-12.93,28.92
28.98,28.93,-18.91,16.66,5241.24,-10.52706093,73.93323259,5063.533288,13.5669169,-11.54579888,116.4679666,3658.859796,12.628219,-12.54810045,148.0216815,3744.23802,11.02477031,-15.34789811,209.7963046,3767.829273,12.22274701,-12.39884927,142.8046174,3589.461116,5490.76,21.12,-13.14,28.93
28.99,28.94,-19.24,16.46,5241.1,-10.52620571,73.81085208,5064.392133,13.57148966,-11.54501655,116.4151709,3659.39225,12.63002751,-12.54765769,147.9989882,3744.505697,11.02657425,-15.34702975,209.768618,3768.207706,12.22483964,-12.39835756,142.7786712,3589.759926,5490.76,21.02,-13.35,28.94
29,28.95,-19.58,16.29,5241.24,-10.51775181,73.58886569,5065.948725,13.5798052,-11.53853806,116.3191677,3660.360305,12.63331862,-12.54402127,147.9576925,3744.992778,11.02985654,-15.33990034,209.7182446,3768.896227,12.22864779,-12.39431712,142.7314564,3590.303648,5490.17,20.93,-13.57,28.95
29.01,28.96,-19.91,16.09,5241.24,-10.5160628,73.47796163,5066.721754,13.58396298,-11.53711983,116.2711931,3660.843435,12.63496418,-12.54321754,147.9370506,3745.236166,11.03149768,-15.33832587,209.6930696,3769.240302,12.23055186,-12.39342484,142.7078567,3590.575307,5491.2,20.83,-13.79,28.96
29.02,28.97,-20.25,15.89,5241.95,-10.51177367,72.92353042,5070.581082,13.60475184,-11.5329913,116.0313495,3663.25809,12.64319196,-12.54085864,147.8338478,3746.452935,11.0397034,-15.33370369,209.5672076,3770.960468,12.24007223,-12.39080757,142.5898668,3591.933377,5491.05,20.73,-14.01,28.97
29.03,28.98,-20.58,15.68,5241.81,-10.50845614,72.82500507,5071.264155,13.60844764,-11.53144606,115.9887259,3663.686844,12.64465467,-12.54003242,147.8155041,3746.66916,11.0411622,-15.33208419,209.5448389,3771.266168,12.24176474,-12.38988618,142.5688952,3592.174694,5491.34,20.63,-14.23,28.98
29.04,28.99,-20.92,15.47,5242.52,-10.50761409,72.70190306,5072.116608,13.61306739,-11.5306608,115.935454,3664.222554,12.64648307,-12.53958594,147.792576,3746.939404,11.04298569,-15.33120932,209.516881,3771.648245,12.24388038,-12.38939053,142.5426828,3592.47629,5491.64,20.53,-14.46,28.99
29.05,29,-21.26,15.26,5242.52,-10.49923415,72.47862587,5073.661457,13.62146804,-11.52415643,115.8385889,3665.196487,12.64981037,-12.53591884,147.750853,3747.431155,11.04630353,-15.32402626,209.4660145,3772.343389,12.24773038,-12.38531757,142.4949835,3593.02508,5491.49,20.44,-14.68,29
29.06,29.01,-21.6,15.03,5242.38,-10.49756559,72.36707631,5074.428544,13.62566837,-11.52273282,115.7901837,3665.682539,12.65147402,-12.53510837,147.7299976,3747.676874,11.04796245,-15.32244004,209.4405932,3772.69077,12.24965539,-12.38441817,142.4711418,3593.299268,5492.07,20.33,-14.91,29.01
29.07,29.02,-21.94,14.81,5242.81,-10.49335495,71.80941714,5078.258082,13.64667,-11.51858953,115.5481875,3668.111782,12.65979227,-12.53272977,147.6257274,3748.905296,11.05625705,-15.31778352,209.3134997,3774.427469,12.2592804,-12.38178017,142.3519416,3594.669982,5492.66,20.19,-15.13,29.02
29.08,29.03,-22.28,14.58,5242.66,-10.49001761,71.7103175,5078.935819,13.65040363,-11.51703628,115.5051814,3668.54312,12.66127107,-12.5318964,147.607194,3749.123591,11.05773164,-15.31615145,209.2909122,3774.736106,12.26099151,-12.38085106,142.3307549,3594.913544,5492.37,20.05,-15.36,29.03
29.09,29.04,-22.63,14.35,5242.95,-10.48918896,71.58649867,5079.781582,13.65507066,-11.51624815,115.4514316,3669.082054,12.66311958,-12.53144618,147.5840288,3749.396422,11.05957488,-15.31527006,209.2626809,3775.121853,12.26313041,-12.38035146,142.3042737,3595.217945,5492.22,19.91,-15.58,29.04
29.1,29.05,-22.97,14.17,5242.66,-10.48088411,71.3619257,5081.314245,13.66355693,-11.50971849,115.3537015,3670.061807,12.66648346,-12.52774824,147.5418744,3749.892878,11.06292863,-15.30803324,209.2113174,3775.823666,12.26702273,-12.37624584,142.2560854,3595.771839,5492.22,19.76,-15.8,29.05
29.11,29.06,-23.31,13.93,5243.8,-10.47923636,71.24972811,5082.075168,13.66780007,-11.50828965,115.3048642,3670.55075,12.66816541,-12.526931,147.5208034,3750.140946,11.0646055,-15.30643524,209.1856478,3776.174379,12.26896889,-12.3753393,142.2319992,3596.048575,5492.66,19.62,-16.02,29.06
29.12,29.07,-23.65,13.7,5243.23,-10.47510586,70.6888284,5085.873804,13.68901575,-11.50413201,115.060708,3672.994433,12.67657513,-12.52453262,147.4154554,3751.381113,11.07298985,-15.30174431,209.0573132,3777.927728,12.27869969,-12.37268048,142.1115772,3597.432021,5492.81,19.47,-16.24,29.07
29.13,29.08,-23.99,13.46,5243.38,-10.47174787,70.5891522,5086.546005,13.69278743,-11.50257082,115.0173181,3673.428328,12.67807019,-12.52369204,147.3967305,3751.601494,11.07448041,-15.30009965,209.0345052,3778.239323,12.28042961,-12.37174361,142.0901735,3597.677845,5493.39,19.31,-16.45,29.08
29.14,29.09,-24.33,13.21,5243.52,-10.47093287,70.46461375,5087.384832,13.69750203,-11.50177991,114.9630887,3673.970454,12.67993902,-12.52323806,147.3733259,3751.876931,11.0763436,-15.29921171,209.0059982,3778.628766,12.28259201,-12.37124005,142.0634209,3597.985071,5493.68,19.16,-16.66,29.09
29.15,29.1,-24.67,12.96,5244.23,-10.46270444,70.23874645,5088.904816,13.70607442,-11.49522556,114.8644909,3674.955962,12.6833399,-12.51950912,147.3307359,3752.37813,11.07973359,-15.29192102,208.9541339,3779.337296,12.28652711,-12.36710165,142.0147388,3598.544105,5492.95,19,-16.86,29.1
29.16,29.11,-25,12.71,5244.23,-10.46107792,70.12590155,5089.659327,13.71036061,-11.49379162,114.8152201,3675.447766,12.68504034,-12.51868508,147.3094472,3752.628566,11.08142859,-15.29031122,208.9282142,3779.691363,12.28849466,-12.36618794,141.9904059,3598.823406,5494.56,18.84,-17.06,29.11
29.17,29.12,-25.34,12.45,5243.8,-10.45702929,69.56176475,5093.425825,13.73179159,-11.48962007,114.568897,3677.90573,12.69354253,-12.51626683,147.2030109,3753.880567,11.08990359,-15.28558583,208.7986288,3781.46148,12.29833241,-12.36350822,141.8687505,3600.219674,5494.41,18.33,-17.25,29.12
29.18,29.13,-25.68,12.19,5244.37,-10.45364995,69.46151258,5094.092271,13.73560154,-11.48805103,114.5251221,3678.342153,12.69505404,-12.51541898,147.1840926,3754.103051,11.09141026,-15.28392852,208.7755986,3781.776053,12.30008135,-12.36256356,141.8471275,3600.467775,5494.41,18.08,-17.44,29.13
29.19,29.14,-26.01,11.92,5244.8,-10.45284882,69.33625529,5094.923886,13.74036398,-11.48725743,114.4704115,3678.887435,12.69694341,-12.51496123,147.1604463,3754.381114,11.09329359,-15.28303403,208.7468139,3782.169219,12.30226751,-12.36205602,141.8201009,3600.777846,5494.85,17.82,-17.63,29.14
29.2,29.15,-26.34,11.72,5244.94,-10.44469813,69.10909484,5096.430695,13.74902296,-11.48067902,114.3709436,3679.878632,12.70038168,-12.51120113,147.1174164,3754.887092,11.0967202,-15.27568937,208.694445,3782.884512,12.30624586,-12.3578847,141.7709204,3601.342055,5494.71,17.56,-17.8,29.15
29.21,29.16,-26.68,11.45,5245.22,-10.44309323,68.99560317,5097.178547,13.75335245,-11.47924012,114.3212381,3680.373262,12.70210082,-12.51037025,147.095908,3755.139915,11.0984335,-15.27406775,208.6682731,3783.241957,12.30823503,-12.3569638,141.7463384,3601.62394,5494.71,17.29,-17.97,29.16
29.22,29.17,-27.01,11.18,5245.65,-10.43912823,68.42823205,5100.911666,13.7749999,-11.47505511,114.0727418,3682.845338,12.7106965,-12.50793206,146.9883728,3756.403842,11.10700002,-15.26930784,208.5374275,3785.028958,12.3181809,-12.35426311,141.6234377,3603.033119,5495.14,17.01,-18.14,29.17
29.23,29.18,-27.34,10.91,5245.08,-10.43572678,68.32740437,5101.572136,13.77884834,-11.47347831,114.0285808,3683.284259,12.71222462,-12.50707689,146.9692592,3756.628444,11.10852296,-15.26763787,208.5141733,3785.34653,12.31994905,-12.35331062,141.6015935,3603.283512,5495,16.72,-18.3,29.18
29.24,29.19,-27.66,10.63,5245.37,-10.43493976,68.20142885,5102.396262,13.78365888,-11.47268209,113.9733877,3683.832659,12.71413477,-12.50661534,146.9453688,3756.909154,11.11042663,-15.26673681,208.4851088,3785.743444,12.32215924,-12.35279908,141.5742904,3603.596448,5495.44,16.42,-18.45,29.19
29.25,29.2,-27.99,10.35,5245.51,-10.42686809,67.97297609,5103.8894,13.79240491,-11.46608028,113.8730473,3684.829473,12.71761085,-12.50282392,146.9018949,3757.419947,11.1138902,-15.25933809,208.4322314,3786.465547,12.32618131,-12.34859473,141.5246066,3604.165869,5495.73,16.12,-18.59,29.2
29.26,29.21,-28.31,10.06,5245.37,-10.42528521,67.85883807,5104.630343,13.79677792,-11.46463657,113.822906,3685.326893,12.71934889,-12.50198618,146.8801645,3757.675174,11.11562198,-15.25770463,208.4058054,3786.826393,12.32819234,-12.3476666,141.4997732,3604.450354,5495.58,15.8,-18.73,29.21
29.27,29.22,-28.64,9.77,5245.37,-10.42140556,67.28823459,5108.328836,13.81864298,-11.46043858,113.5722309,3687.8129,12.72803908,-12.49952797,146.7715198,3758.951119,11.12428091,-15.25291015,208.2736901,3788.630392,12.3382475,-12.34494487,141.3756154,3605.872533,5495.73,16.1,-18.86,29.22
29.28,29.23,-28.96,9.48,5245.94,-10.41798125,67.18683172,5108.983109,13.82253011,-11.45885411,113.5276828,3688.254287,12.729584,-12.49866542,146.752209,3759.177855,11.12582028,-15.25122748,208.2502102,3788.950984,12.34003508,-12.3439845,141.3535478,3606.125235,5496.61,15.91,-18.98,29.23
29.29,29.24,-29.28,9.17,5246.08,-10.41720857,67.0601384,5109.799469,13.82738901,-11.45805537,113.4720059,3688.805765,12.73151516,-12.49820006,146.7280722,3759.461232,11.12774449,-15.25031985,208.2208638,3789.351671,12.34226956,-12.34346896,141.3259655,3606.441055,5495.73,15.72,-19.1,29.24
29.3,29.25,-29.6,8.93,5246.65,-10.40921739,66.83040064,5111.278391,13.83622251,-11.45143082,113.3707912,3689.80812,12.73502945,-12.49437718,146.6841498,3759.976878,11.13124538,-15.24286698,208.1674741,3790.08063,12.34633582,-12.33923144,141.2757737,3607.015723,5496.61,15.52,-19.21,29.25
29.31,29.26,-29.91,8.63,5246.5,-10.40765697,66.71561988,5112.012153,13.84063926,-11.44998247,113.3202131,3690.308292,12.7367866,-12.49353254,146.6621954,3760.234527,11.13299582,-15.24122168,208.1407923,3790.444899,12.34836895,-12.33829606,141.2506865,3607.302828,5497.34,15.32,-19.31,29.26
29.32,29.27,-30.22,8.33,5246.79,-10.40386448,66.14180211,5115.674661,13.86272302,-11.44577197,113.0673545,3692.808038,12.74557234,-12.4910542,146.5524305,3761.522581,11.14174805,-15.23639259,208.0073976,3792.266011,12.3585346,-12.33555323,141.1252597,3608.738095,5497.34,15.12,-19.4,29.27
29.33,29.28,-30.54,8.02,5247.22,-10.40041667,66.03982723,5116.322494,13.86664902,-11.44417994,113.0224184,3693.251856,12.74713425,-12.49018423,146.5329206,3761.751468,11.143304,-15.23469719,207.9836906,3792.589643,12.36034183,-12.33458495,141.1029665,3608.993121,5496.9,14.92,-19.49,29.28
29.34,29.29,-30.85,7.71,5246.65,-10.39965856,65.91242012,5117.130786,13.87155652,-11.44337876,112.9662567,3693.80637,12.74908663,-12.48971504,146.508535,3762.037532,11.14524894,-15.23378297,207.9540601,3792.994129,12.36260086,-12.33406538,141.0751024,3609.311845,5497.34,14.72,-19.57,29.29
29.35,29.3,-31.15,7.39,5247.79,-10.39174908,65.68139743,5118.594994,13.8804779,-11.43673219,112.8641659,3694.814185,12.75263957,-12.48586055,146.4641599,3762.558067,11.14878751,-15.2262759,207.9001543,3793.729988,12.3667118,-12.32979459,141.0243978,3609.891796,5496.75,14.51,-19.65,29.3
29.36,29.31,-31.46,7.07,5247.36,-10.39021148,65.56597394,5119.321324,13.8849386,-11.43527934,112.8131501,3695.317068,12.75441603,-12.48500898,146.4419791,3762.818157,11.15055679,-15.22461872,207.8732147,3794.097703,12.36876727,-12.32885193,140.9990543,3610.181537,5496.9,14.3,-19.72,29.31
29.37,29.32,-31.76,6.75,5247.64,-10.38650787,64.98894188,5122.946596,13.90724206,-11.43105684,112.5581038,3697.83035,12.76329836,-12.48251042,146.3310831,3764.118411,11.15940321,-15.219755,207.7385314,3795.93604,12.37904461,-12.32608793,140.8723464,3611.629982,5497.48,14.17,-19.79,29.32
29.38,29.33,-32.06,6.42,5247.64,-10.38303573,64.88639497,5123.587766,13.91120712,-11.42945735,112.512779,3698.276564,12.76487745,-12.48163301,146.3113722,3764.349465,11.1609759,-15.21804684,207.7145954,3796.262732,12.3808717,-12.3251117,140.8498256,3611.887348,5497.92,13.98,-19.84,29.33
29.39,29.34,-32.36,6.08,5247.36,-10.38229242,64.75827406,5124.387711,13.91616344,-11.42865384,112.4561315,3698.834067,12.7668513,-12.48115997,146.2867354,3764.638236,11.16294177,-15.21712603,207.6846788,3796.671041,12.38315555,-12.32458809,140.8216769,3612.208995,5498.95,13.78,-19.9,29.34
29.4,29.35,-32.66,5.81,5248.07,-10.37446578,64.5259661,5125.836704,13.92517309,-11.42198596,112.3531633,3699.847257,12.77044329,-12.47727371,146.2419032,3765.163698,11.16651837,-15.20956469,207.6302533,3797.413845,12.38731165,-12.3202839,140.7704547,3612.794264,5498.8,13.59,-19.95,29.35
29.41,29.36,-32.95,5.47,5248.07,-10.37295138,64.40989968,5126.555352,13.92967792,-11.4205288,112.3017093,3700.352809,12.77223929,-12.47641518,146.219494,3765.426247,11.16830667,-15.20789564,207.603054,3797.785028,12.38938971,-12.31933395,140.7448525,3613.08666,5498.51,13.39,-19.99,29.36
29.42,29.37,-33.24,5.14,5248.21,-10.36933836,63.8296523,5130.142132,13.95220205,-11.4162948,112.0444718,3702.879412,12.78121927,-12.47389631,146.107456,3766.738793,11.17724816,-15.20299724,207.4670728,3799.640702,12.39977996,-12.3165487,140.6168515,3614.54837,5498.21,13.19,-20.03,29.37
29.43,29.38,-33.53,4.8,5247.93,-10.36584106,63.72653314,5130.776416,13.95620634,-11.41468797,111.9987577,3703.327984,12.78281571,-12.4730114,146.0875422,3766.972029,11.17883776,-15.20127631,207.4429061,3799.970473,12.40162712,-12.31556449,140.5941009,3614.808091,5498.21,12.99,-20.06,29.38
29.44,29.39,-33.82,4.46,5247.93,-10.36511274,63.59769821,5131.567734,13.9612117,-11.41388222,111.9416237,3703.888428,12.78481126,-12.4725345,146.0626517,3767.263529,11.18082475,-15.20034891,207.4127013,3800.38263,12.40393606,-12.31503683,140.565665,3615.132681,5499.24,12.79,-20.09,29.39
29.45,29.4,-34.1,4.11,5248.21,-10.35737007,63.3641042,5133.001008,13.9703097,-11.40719399,111.8377802,3704.906873,12.78844275,-12.46861632,146.0173579,3767.793953,11.18443974,-15.19273325,207.3577523,3801.132423,12.40813782,-12.31069912,140.5139201,3615.723305,5499.68,12.59,-20.12,29.4
29.46,29.41,-34.38,3.76,5248.07,-10.35587924,63.24739443,5133.711722,13.9748587,-11.40573272,111.7858888,3705.415033,12.79025849,-12.4677508,145.9947181,3768.05898,11.18624723,-15.19105232,207.3302916,3801.507096,12.4102387,-12.30974185,140.4880568,3616.018372,5499.53,12.39,-20.14,29.41
29.47,29.42,-34.65,3.4,5248.5,-10.35235849,62.66392962,5137.258748,13.99760371,-11.4014879,111.5264653,3707.954656,12.79933719,-12.46521154,145.881527,3769.38391,11.19528468,-15.18611924,207.1930032,3803.380214,12.4207431,-12.3069353,140.3587504,3617.493435,5499.68,12.19,-20.16,29.42
29.48,29.43,-34.93,3.04,5248.64,-10.34883516,62.56023781,5137.885922,14.00164727,-11.39987388,111.4803628,3708.405531,12.80095119,-12.4643191,145.8614083,3769.619345,11.19689134,-15.1843855,207.1686043,3803.713084,12.42261055,-12.30594306,140.3357678,3617.755527,5499.38,11.99,-20.18,29.43
29.49,29.44,-35.19,2.67,5248.64,-10.34812206,62.43068838,5138.668333,14.00670171,-11.39906601,111.4227434,3708.96885,12.80296868,-12.46383831,145.8362617,3769.913593,11.19889966,-15.1834515,207.1381092,3804.129114,12.42494486,-12.30541134,140.307042,3618.08308,5500.12,11.79,-20.19,29.44
29.5,29.45,-35.46,2.36,5249.49,-10.34046443,62.19580706,5140.085383,14.01588866,-11.39235802,111.3180207,3709.992485,12.80664008,-12.45988807,145.7905019,3770.449017,11.20255339,-15.17578149,207.0826331,3804.885939,12.42919278,-12.30104001,140.2547696,3618.679093,5499.68,11.59,-20.2,29.45
29.51,29.46,-35.71,2,5249.35,-10.33899752,62.0784533,5140.78791,14.02048214,-11.39089278,111.2656902,3710.50322,12.80847578,-12.45901553,145.7676293,3770.71654,11.20438025,-15.17408867,207.054909,3805.264123,12.43131674,-12.30007539,140.2286428,3618.976849,5500.7,11.38,-20.21,29.46
29.52,29.47,-35.97,1.63,5249.35,-10.33557071,61.49176775,5144.293916,14.04344952,-11.38663755,111.0040712,3713.0557,12.81765429,-12.45645578,145.6532741,3772.053945,11.21351455,-15.16912089,206.9163043,3807.154793,12.44193652,-12.29724748,140.0980186,3620.465354,5500.41,11.18,-20.21,29.47
29.53,29.48,-36.22,1.26,5249.21,-10.33202047,61.38750267,5144.913754,14.04753261,-11.38501642,110.9575786,3713.508849,12.81928603,-12.45555576,145.6329485,3772.291596,11.21513843,-15.16737434,206.8916715,3807.490781,12.44382448,-12.29624718,140.0748019,3620.729832,5501.43,10.97,-20.21,29.48
29.54,29.49,-36.46,0.89,5249.64,-10.33132278,61.25723802,5145.686976,14.05263647,-11.38420652,110.8994717,3714.075006,12.8213257,-12.45507108,145.6075433,3772.588613,11.21716827,-15.16643374,206.8608842,3807.910706,12.44618444,-12.29571138,140.0457834,3621.060367,5501.43,10.77,-20.21,29.49
29.55,29.5,-36.7,0.51,5249.07,-10.32375123,61.02106762,5147.087295,14.0619124,-11.37747976,110.7938726,3715.103701,12.82503746,-12.45108864,145.561313,3773.129073,11.22086109,-15.15870936,206.8048773,3808.674606,12.45047901,-12.29130632,139.9929786,3621.661804,5500.56,10.56,-20.21,29.5
29.56,29.51,-36.93,0.13,5249.92,-10.3223086,60.90306896,5147.781381,14.06655036,-11.37601077,110.7411043,3715.616947,12.82689334,-12.45020904,145.5382053,3773.399111,11.2227075,-15.15700465,206.7768881,3809.056323,12.45262629,-12.29033433,139.9665856,3621.962267,5500.85,10.36,-20.2,29.51
29.57,29.52,-37.16,-0.26,5250.35,-10.31897738,60.31315812,5151.245097,14.08974018,-11.37174583,110.4772967,3718.181956,12.83617274,-12.44762872,145.4226748,3774.749083,11.23193954,-15.15200218,206.636958,3810.96465,12.46336272,-12.287485,139.8346313,3623.4643,5501.58,10.15,-20.19,29.52
29.58,29.53,-37.39,-0.65,5249.35,-10.31539934,60.20831893,5151.857372,14.09386281,-11.37011776,110.4304151,3718.637322,12.83782242,-12.44672109,145.4021403,3774.988966,11.23358079,-15.15024279,206.6120897,3811.303774,12.46527142,-12.2864766,139.8111782,3623.731181,5500.85,9.94,-20.18,29.53
29.59,29.54,-37.6,-1.04,5249.78,-10.31471725,60.07733804,5152.621122,14.09901611,-11.36930596,110.3718223,3719.206244,12.83988451,-12.44623249,145.3764741,3775.288771,11.23563236,-15.14929558,206.5810081,3811.727619,12.46765729,-12.28593672,139.7818643,3624.064716,5502.16,9.73,-20.17,29.54
29.6,29.55,-37.81,-1.38,5249.78,-10.30723254,59.83986925,5154.004242,14.10838127,-11.36256126,110.2653469,3720.239894,12.84363707,-12.4422177,145.3297688,3775.834305,11.23936462,-15.14151683,206.524467,3812.498634,12.47199903,-12.28149782,139.728522,3624.671612,5501.58,9.52,-20.15,29.55
29.61,29.56,-38.02,-1.77,5249.35,-10.3058145,59.72122102,5154.689652,14.11306386,-11.36108873,110.2121407,3720.755598,12.84551335,-12.44133102,145.3064237,3776.106875,11.24123076,-15.13980023,206.4962109,3812.883904,12.4741699,-12.28051845,139.7018605,3624.9748,5502.02,9.31,-20.14,29.56
29.62,29.57,-38.22,-2.16,5250.49,-10.30258046,59.12806145,5158.109901,14.13647677,-11.35681465,109.9461445,3723.332874,12.85489475,-12.43873005,145.1897065,3777.469506,11.25056142,-15.13476307,206.3549465,3814.809992,12.48502424,-12.27764763,139.5685636,3626.490448,5501.14,9.11,-20.12,29.57
29.63,29.58,-38.41,-2.56,5250.35,-10.29897352,59.02264395,5158.714404,14.14063907,-11.35517978,109.8988741,3723.790409,12.85656256,-12.43781476,145.1689612,3777.711638,11.2522202,-15.13299083,206.3298412,3815.152271,12.4869539,-12.27663111,139.5448719,3626.759746,5502.75,8.9,-20.09,29.58
29.64,29.59,-38.59,-2.96,5251.49,-10.29830722,58.89094164,5159.468421,14.14584194,-11.35436618,109.8397952,3724.362037,12.85864731,-12.43732223,145.1430314,3778.014252,11.25429369,-15.13203703,206.2984633,3815.580058,12.48936597,-12.27608713,139.5152598,3627.096302,5503.04,8.69,-20.07,29.59
29.65,29.6,-38.77,-3.36,5250.63,-10.29091032,58.65217168,5160.833828,14.15529658,-11.3476044,109.7324438,3725.400534,12.86244112,-12.43327495,145.0958466,3778.564897,11.25806575,-15.12420391,206.2413843,3816.358229,12.49375539,-12.27161428,139.461375,3627.708692,5503.04,8.48,-20.04,29.6
29.66,29.61,-38.95,-3.77,5250.35,-10.28951719,58.53287245,5161.510304,14.16002391,-11.34612851,109.6788,3725.91864,12.86433803,-12.43238115,145.0722618,3778.840018,11.25995178,-15.12247542,206.2128596,3816.747072,12.49595009,-12.2706275,139.4344424,3628.014621,5502.16,8.28,-20.01,29.61
29.67,29.62,-39.11,-4.18,5251.34,-10.28638193,57.93645705,5164.885799,14.18366051,-11.34184589,109.410616,3728.507907,12.87382255,-12.42975945,144.9543467,3780.2154,11.26938195,-15.11740358,206.0702522,3818.691021,12.50692362,-12.26773516,139.2997903,3629.54397,5502.75,8.06,-19.98,29.62
29.68,29.63,-39.27,-4.59,5251.06,-10.28274519,57.83045995,5165.482301,14.18786258,-11.34020436,109.3629568,3728.967563,12.87550868,-12.42883646,144.9333884,3780.459795,11.27105842,-15.11561849,206.0449082,3819.036472,12.50887447,-12.26671047,139.2758578,3629.815701,5502.6,7.85,-19.94,29.63
29.69,29.64,-39.42,-5.01,5251.34,-10.28209485,57.69803463,5166.226296,14.19311516,-11.33938909,109.3033923,3729.541836,12.87761636,-12.42833998,144.9071926,3780.765239,11.27315401,-15.11465809,206.0132322,3819.468224,12.51131304,-12.26616238,139.2459447,3630.155296,5503.19,7.65,-19.9,29.64
29.7,29.65,-39.56,-5.37,5251.2,-10.27478667,57.45796011,5167.573475,14.20265936,-11.33261118,109.1951668,3730.58505,12.88145186,-12.42426008,144.8595236,3781.321031,11.27696623,-15.10677062,205.9556118,3820.25359,12.51575064,-12.2616555,139.1915123,3630.773215,5503.63,7.44,-19.86,29.65
29.71,29.66,-39.7,-5.77,5251.2,-10.27341877,57.33800817,5168.240759,14.20743146,-11.33113215,109.1410864,3731.105495,12.88336961,-12.42335914,144.8356969,3781.598722,11.27887233,-15.10503026,205.9268167,3820.646027,12.51796945,-12.26066129,139.1643061,3631.081903,5504.21,7.23,-19.82,29.66
29.72,29.67,-39.82,-6.19,5250.63,-10.27038387,56.73832832,5171.570206,14.23129198,-11.32684167,108.8707198,3733.706435,12.89295838,-12.42071664,144.7165723,3782.986946,11.28840287,-15.09992378,205.7828577,3822.607935,12.52906347,-12.25774737,139.0282861,3632.62504,5503.77,7.03,-19.77,29.67
29.73,29.68,-39.94,-6.6,5250.92,-10.26671642,56.63175007,5172.158476,14.23553385,-11.32519363,108.8226728,3734.168154,12.89466305,-12.4197859,144.6953991,3783.233622,11.29009719,-15.09812582,205.7572736,3822.956575,12.53103574,-12.25671447,139.0041105,3632.899218,5503.92,6.82,-19.72,29.68
29.74,29.69,-40.05,-7.02,5251.91,-10.26608221,56.49859983,5172.892162,14.24083619,-11.32437681,108.7626236,3734.745001,12.89679388,-12.41928546,144.6689346,3783.541916,11.29221509,-15.09715883,205.7252974,3823.392313,12.53350107,-12.25616227,138.9738937,3633.241872,5504.21,6.61,-19.66,29.69
29.75,29.7,-40.16,-7.44,5251.91,-10.25886361,56.25721674,5174.220595,14.25047012,-11.31758369,108.6535252,3735.792813,12.90067154,-12.41517279,144.6207768,3784.102893,11.2960678,-15.08921705,205.6671324,3824.184914,12.5379874,-12.25162125,138.9189086,3633.865354,5503.92,6.41,-19.6,29.7
29.76,29.71,-40.25,-7.86,5252.2,-10.25752125,56.13661006,5174.878427,14.25528709,-11.31610171,108.5990088,3736.315537,12.90261037,-12.41426469,144.5967059,3784.383171,11.29799416,-15.04545091,205.6380652,3824.580962,12.54023056,-12.2506196,138.8914262,3634.176817,5503.92,6.2,-19.53,29.71
29.77,29.72,-40.34,-8.28,5251.63,-10.25458824,55.53365558,5178.160527,14.27937194,-11.31180401,108.3264622,3738.927848,12.91230452,-12.41160129,144.4763602,3785.784329,11.30762594,-14.6849419,205.4931506,3826.560924,12.55144637,-12.24768405,138.7540255,3635.733827,5504.07,6,-19.45,29.72
29.78,29.73,-40.41,-8.71,5252.34,-10.25088915,55.42649432,5178.740333,14.28365369,-11.31014961,108.2780279,3739.391576,12.91402792,-12.41066278,144.45497,3786.033303,11.30933826,-15.11353492,205.4680054,3826.912769,12.5534403,-12.24664291,138.7296046,3636.010468,5503.92,5.79,-19.37,29.73
29.79,29.74,-40.48,-9.14,5251.77,-10.25027123,55.29261691,5179.463421,14.28900588,-11.30933136,108.2174946,3739.97093,12.91618218,-12.41015836,144.4282343,3786.344466,11.31147865,-15.07366503,205.4347453,3827.352517,12.5559327,-12.24608658,138.6990811,3636.356199,5504.51,5.59,-19.29,29.74
29.8,29.75,-40.54,-9.51,5251.91,-10.24314303,55.04992057,5180.772588,14.2987298,-11.30252386,108.1075236,3741.023229,12.92010245,-12.40601279,144.3795831,3786.910664,11.3153722,-15.06569016,205.3760553,3828.152387,12.56046827,-12.24151134,138.6435381,3636.985279,5504.65,5.39,-19.19,29.75
29.81,29.76,-40.59,-9.93,5252.2,-10.24182652,54.92865679,5181.420707,14.30359176,-11.30103915,108.0525711,3741.548175,12.92206259,-12.40509749,144.3552657,3787.193548,11.31731898,-15.06393073,205.3467258,3828.552065,12.56273605,-12.24050223,138.615777,3637.299535,5504.8,5.19,-19.1,29.76
29.82,29.77,-40.63,-10.35,5252.2,-10.23899686,54.32241581,5184.654153,14.32790157,-11.2967348,107.777845,3744.171576,12.93186327,-12.40241313,144.2336873,3788.607733,11.32705285,-15.0587687,205.2000954,3830.55017,12.57407498,-12.237545,138.4769829,3638.870503,5504.94,4.99,-19,29.77
29.83,29.78,-40.67,-10.78,5251.91,-10.23526524,54.21466941,5185.225265,14.33222332,-11.29507419,107.7290234,3744.637265,12.93360561,-12.4014668,144.212078,3788.859019,11.32878331,-15.05694989,205.1740367,3830.905241,12.57609079,-12.2364956,138.4523143,3639.149622,5504.8,4.79,-18.89,29.78
29.84,29.79,-40.69,-11.2,5252.34,-10.23466377,54.0800622,5185.937463,14.3376255,-11.29425461,107.6680062,3745.219063,12.93578354,-12.40095838,144.1850685,3789.173073,11.3309464,-15.05597232,205.1414674,3831.349012,12.57861055,-12.23593513,138.4214814,3639.498448,5504.21,4.59,-18.78,29.79
29.85,29.8,-40.7,-11.63,5252.63,-10.22762673,53.83604723,5187.22684,14.34743939,-11.28743378,107.5571656,3746.275705,12.93974689,-12.39677979,144.1359192,3789.744529,11.33488113,-15.04794337,205.0822261,3832.15619,12.5831959,-12.23132558,138.3653753,3640.133159,5506.26,4.4,-18.66,29.8
29.86,29.81,-40.71,-12.06,5252.48,-10.22633632,53.71412363,5187.864984,14.35234634,-11.28594655,107.5017787,3746.802803,12.94172857,-12.39585727,144.1113528,3790.030038,11.3368485,-15.04617213,205.0526213,3832.559516,12.58548857,-12.23030899,138.3373329,3640.450225,5506.12,4.2,-18.54,29.81
29.87,29.82,-40.7,-12.49,5252.91,-10.22361144,53.10458256,5191.048466,14.37688107,-11.28163629,107.2248811,3749.436936,12.95163695,-12.39315186,143.9885299,3791.457339,11.34668534,-15.04097567,204.9046145,3834.575859,12.59695195,-12.22733005,138.1971323,3642.035234,5506.12,4.01,-18.41,29.82
29.88,29.83,-40.69,-12.92,5253.05,-10.21984641,52.99624858,5191.610648,14.3812428,-11.27996963,107.1756736,3749.90452,12.95339844,-12.39219767,143.9666995,3791.710955,11.34843411,-15.03914402,204.8783113,3834.934168,12.59898988,-12.22627233,138.1722138,3642.316846,5504.94,3.81,-18.27,29.83
29.89,29.84,-40.67,-13.35,5253.05,-10.21926152,52.86090855,5192.311664,14.38669496,-11.27914887,107.1141742,3750.488683,12.9556003,-12.39168524,143.9394137,3792.027919,11.35062008,-15.03815989,204.8454364,3835.381987,12.6015373,-12.22570772,138.1410685,3642.668788,5506.12,3.62,-18.13,29.84
29.9,29.85,-40.63,-13.73,5252.34,-10.21231635,52.61556883,5193.580727,14.39659889,-11.27231568,107.0024664,3751.549534,12.9596072,-12.38747351,143.8897614,3792.60467,11.35459634,-15.03007696,204.7856407,3836.196506,12.60617296,-12.22106378,138.0843942,3643.309163,5505.68,3.43,-17.99,29.85
29.91,29.86,-40.59,-14.16,5253.19,-10.21105232,52.49298233,5194.208632,14.40155085,-11.27082616,106.9466463,3752.078715,12.96161065,-12.38654373,143.8649437,3792.892822,11.35658447,-15.02829393,204.7557589,3836.603499,12.6084908,-12.2200397,138.0560678,3643.629056,5506.55,3.25,-17.84,29.86
29.92,29.87,-40.54,-14.58,5252.77,-10.20843355,51.88012574,5197.340829,14.42631067,-11.26651067,106.6675827,3754.723242,12.9716279,-12.38381721,143.7408646,3794.333332,11.36652513,-15.0230631,204.6063678,3838.638163,12.62007996,-12.217039,137.9144477,3645.22819,5506.26,3.06,-17.68,29.87
29.93,29.88,-40.47,-15.01,5252.77,-10.20463428,51.77120139,5197.893847,14.43071241,-11.26483812,106.6179904,3755.192662,12.97340875,-12.38285512,143.7188109,3794.589293,11.36829236,-15.02121862,204.5798186,3838.999727,12.62214026,-12.21597295,137.889277,3645.51231,5506.55,2.88,-17.52,29.88
29.94,29.89,-40.4,-15.43,5253.05,-10.20406609,51.63512512,5198.583388,14.43621459,-11.26401631,106.5560101,3755.779115,12.9756348,-12.38233867,143.6912461,3794.909188,11.37050139,-15.02022795,204.5466363,3839.451613,12.62471563,-12.21540418,137.8578165,3645.867384,5506.41,2.69,-17.36,29.89
29.95,29.9,-40.32,-15.86,5253.76,-10.19721344,51.38845376,5199.831607,14.44620849,-11.25717181,106.4434387,3756.844024,12.97968573,-12.37809365,143.6410861,3795.49127,11.37451952,-15.01209114,204.4862832,3840.273507,12.62940215,-12.21072577,137.8005686,3646.513458,5506.41,2.51,-17.19,29.9
29.96,29.91,-40.22,-16.29,5253.62,-10.19597603,51.26520091,5200.449008,14.45120544,-11.25568025,106.3871872,3757.375213,12.98171119,-12.3771566,143.6160148,3795.782083,11.37652858,-15.01029634,204.4561229,3840.684181,12.63174542,-12.20969418,137.7719557,3646.836194,5506.7,2.33,-17.01,29.91
29.97,29.92,-40.12,-16.71,5253.48,-10.19346463,50.64901142,5203.528595,14.47619018,-11.25136025,106.1059669,3760.029759,12.99183851,-12.3744089,143.4906674,3797.235893,11.38657389,-15.00503123,204.3053398,3842.73725,12.64346174,-12.20667169,137.628903,3648.449536,5506.7,2.14,-16.83,29.92
29.98,29.93,-40.01,-17.14,5253.34,-10.18963032,50.53949361,5204.072211,14.48063191,-11.24968201,106.0559914,3760.500948,12.99363892,-12.37343887,143.4683884,3797.494216,11.38835973,-15.00317393,204.2785433,3843.102083,12.64554464,-12.20559727,137.6034777,3648.736178,5506.7,1.96,-16.64,29.93
29.99,29.94,-39.88,-17.57,5253.48,-10.18907893,50.40267725,5204.749981,14.48618407,-11.24885928,105.9935322,3761.089606,12.99588943,-12.37291838,143.4405418,3797.817061,11.39059202,-15.00217674,204.245052,3843.558053,12.64814826,-12.20502433,137.571699,3649.094403,5507.14,1.79,-16.45,29.94
30,29.95,-39.75,-17.94,5253.62,-10.1823194,50.15466655,5205.976824,14.49626802,-11.24200444,105.8800993,3762.15844,12.99998486,-12.36863996,143.3898694,3798.404512,11.39465234,-14.99398617,204.1841384,3844.387353,12.6528862,-12.20031138,137.5138724,3649.746209,5507.43,1.62,-16.25,29.95
30.01,29.96,-39.61,-18.35,5254.05,-10.18110883,50.03074347,5206.583454,14.50131,-11.24051105,105.8234173,3762.69157,13.00203258,-12.36769561,143.364542,3798.698004,11.3966825,-14.99217964,204.1536982,3844.801725,12.65525517,-12.19927227,137.4849702,3650.071804,5507.14,1.44,-16.05,29.96
30.02,29.97,-39.45,-18.76,5253.76,-10.17870595,49.41120173,5209.609095,14.52651988,-11.23618722,105.5400454,3765.355796,13.01227116,-12.36492666,143.2379144,3800.165205,11.4068333,-14.98688033,204.0015156,3846.873276,12.66710001,-12.19622795,137.3404718,3651.699437,5508.17,1.27,-15.85,29.97
30.03,29.98,-39.29,-19.18,5254.05,-10.17483587,49.30108697,5210.143073,14.53100163,-11.23450343,105.4896876,3765.828694,13.01409135,-12.36394865,143.2154078,3800.425905,11.40863788,-14.98501023,203.9744704,3847.241391,12.66920576,-12.19514513,137.3147896,3651.988615,5507.43,1.11,-15.63,29.98
30.04,29.99,-39.11,-19.59,5254.05,-10.17430138,49.16352622,5210.808774,14.53660383,-11.23367991,105.4267506,3766.419483,13.01636659,-12.36342411,143.187277,3800.751722,11.41089362,-14.98400654,203.9406684,3847.701463,12.67183795,-12.19456803,137.2826898,3652.35001,5506.85,0.94,-15.42,29.99
30.05,30,-38.92,-20,5254.48,-10.1676355,48.91416765,5212.013707,14.5467777,-11.22681584,105.3124606,3767.492081,13.02050701,-12.35911217,143.1360872,3801.344577,11.41499646,-14.97576237,203.8791914,3848.5382,12.67662785,-12.18982047,137.224279,3653.00758,5507.43,0.78,-15.2,30
30.06,30.01,-38.73,-20.41,5253.62,-10.16645196,48.78957005,5212.609298,14.55186463,-11.22532087,105.2553505,3768.027072,13.02257722,-12.3581605,143.1105012,3801.640766,11.41704788,-14.97394414,203.8484698,3848.956284,12.6790228,-12.18877382,137.195085,3653.336051,5508.6,0.62,-14.97,30.01
30.07,30.02,-38.52,-20.82,5254.19,-10.16415864,48.16665458,5215.579648,14.5772993,-11.22099396,104.9698382,3770.700579,13.03292827,-12.35537023,142.9825813,3803.121449,11.42730498,-14.96861075,203.6948806,3851.046391,12.69099755,-12.18570765,137.0491275,3654.978054,5507.43,0.46,-14.74,30.02
30.08,30.03,-38.31,-21.23,5254.48,-10.16025215,48.05593903,5216.103748,14.58182102,-11.21930483,104.9191,3771.175114,13.03476845,-12.3543842,142.9598451,3803.384543,11.42912846,-14.96672787,203.6675855,3851.417802,12.6931264,-12.1846164,137.023186,3655.269784,5508.17,0.31,-14.51,30.03
30.09,30.04,-38.08,-21.64,5254.05,-10.15973462,47.91762914,5216.75708,14.58747317,-11.21848067,104.8556877,3771.767944,13.03706869,-12.3538556,142.9314272,3803.71335,11.43140782,-14.96571769,203.6334712,3851.881992,12.69578745,-12.18403512,136.9907621,3655.634366,5508.17,0.16,-14.27,30.04
30.1,30.05,-37.84,-22,5254.76,-10.15316286,47.66691328,5217.939563,14.59773697,-11.21160836,104.7405435,3772.844162,13.04125459,-12.34951002,142.8797152,3804.311647,11.4355535,-14.95742008,203.571428,3852.726192,12.70062988,-12.17925289,136.9317619,3656.297733,5508.17,0.01,-14.03,30.05
30.11,30.06,-37.59,-22.4,5254.48,-10.15200652,47.54163643,5218.523844,14.60286887,-11.21011203,104.6830066,3773.380942,13.04334754,-12.348551,142.8538683,3804.610552,11.43762634,-14.95559019,203.5404237,3853.148002,12.70305109,-12.17819869,136.9022733,3656.629095,5507.58,-0.14,-13.78,30.06
30.12,30.07,-37.34,-22.79,5253.91,-10.14982368,46.91532356,5221.43755,14.62852837,-11.20578275,104.3953608,3776.063368,13.05381228,-12.34573934,142.7246438,3806.104806,11.44799055,-14.95022284,203.3854209,3855.256734,12.71515715,-12.17511064,136.7548433,3658.28555,5508.02,-0.28,-13.53,30.07
30.13,30.08,-37.07,-23.19,5254.33,-10.1458802,46.80400299,5221.951531,14.63309006,-11.20408843,104.3442435,3776.539477,13.05567268,-12.34474527,142.7016758,3806.37031,11.44983307,-14.94832721,203.3578747,3855.631453,12.71730933,-12.17401092,136.7286402,3658.579845,5508.31,-0.43,-13.27,30.08
30.14,30.09,-36.79,-23.58,5254.76,-10.14537969,46.66493869,5222.592192,14.63879217,-11.20326375,104.2803575,3777.134268,13.05799818,-12.34421259,142.6729682,3806.702128,11.45213623,-14.94731057,203.3234465,3856.099777,12.71999957,-12.17342547,136.6958894,3658.947632,5507.87,-0.56,-13.01,30.09
30.15,30.1,-36.5,-23.97,5254.76,-10.13890247,46.4128552,5223.751682,14.64914569,-11.19638436,104.1643643,3778.213936,13.06223006,-12.33983326,142.620729,3807.305902,11.45632507,-14.93895971,203.2608346,3856.951466,12.72489508,-12.1686085,136.6362942,3659.616828,5508.9,-0.7,-12.75,30.1
30.16,30.11,-36.2,-24.36,5254.19,-10.13777346,46.28689393,5224.32438,14.65432245,-11.19488693,104.1064033,3778.752419,13.064346,-12.33886686,142.5946187,3807.607541,11.45841949,-14.93711821,203.2295462,3857.377016,12.72734284,-12.16754674,136.6065084,3659.951098,5508.31,-0.83,-12.48,30.11
30.17,30.12,-35.89,-24.74,5254.33,-10.13570185,45.65715769,5227.180077,14.68020624,-11.19055606,103.8166372,3781.44334,13.07492568,-12.33603376,142.4640774,3809.115457,11.46889159,-14.94434213,203.0731232,3859.504437,12.73958161,-12.16443679,136.4575925,3661.622084,5508.17,-0.97,-12.21,30.12
30.18,30.13,-35.57,-25.13,5255.19,-10.13172096,45.54522746,5227.683695,14.6848078,-11.18885677,103.7651431,3781.920947,13.07680652,-12.3350316,142.4408753,3809.383387,11.4707533,-14.91953558,203.0453012,3859.882475,12.7417574,-12.16332858,136.4311254,3661.918958,5509.34,-1.1,-11.93,30.13
30.19,30.14,-35.24,-25.51,5254.19,-10.13123748,45.40540299,5228.311382,14.69055976,-11.18803172,103.7007863,3782.517605,13.07915756,-12.33449483,142.4118753,3809.718236,11.47308043,-14.92493468,203.0106183,3860.354947,12.74447713,-12.16273894,136.3980445,3662.289967,5508.9,-1.22,-11.65,30.14
30.2,30.15,-34.9,-25.84,5254.48,-10.12485513,45.15194058,5229.44733,14.70100283,-11.18114634,103.5839489,3783.60056,13.08343591,-12.33008164,142.359104,3810.327524,11.47731272,-14.91654659,202.9474516,3861.214147,12.74942629,-12.15788718,136.3378491,3662.965024,5508.9,-1.35,-11.37,30.15
30.21,30.16,-34.55,-26.2,5254.9,-10.12375357,45.02528921,5230.008171,14.70622437,-11.17964807,103.5255661,3784.140665,13.08557508,-12.32910785,142.3327278,3810.631914,11.47942887,-14.914697,202.915886,3861.643447,12.75190088,-12.15681786,136.3077634,3663.302218,5508.75,-1.47,-11.08,30.16
30.22,30.17,-34.19,-26.57,5254.62,-10.12179376,44.39210126,5232.804482,14.73233207,-11.17531637,103.2336912,3786.839672,13.09627095,-12.32625325,142.2008572,3812.153581,11.49000961,-14.90927232,202.7580775,3863.789613,12.7642738,-12.15368598,136.157348,3664.987813,5508.75,-1.58,-10.79,30.17
30.23,30.18,-33.82,-26.93,5254.9,-10.11777517,44.2795563,5233.297491,14.73697343,-11.17361229,103.1818225,3787.318703,13.09817244,-12.32524295,142.177419,3812.423953,11.49189063,-14.90735493,202.7300328,3864.17098,12.76647343,-12.15256926,136.1306144,3665.28728,5508.9,-1.69,-10.5,30.18
30.24,30.19,-33.44,-27.29,5254.9,-10.11730872,44.13896537,5233.911896,14.74277514,-11.17278702,103.1169974,3787.917137,13.1005493,-12.32470208,142.1481237,3812.761853,11.49424191,-14.90632738,202.6949817,3864.647611,12.76922297,-12.15197542,136.0972006,3665.661529,5508.9,-1.8,-10.2,30.19
30.25,30.2,-33.05,-27.64,5255.05,-10.11102151,43.88411173,5235.023751,14.75330759,-11.16589677,102.9993207,3789.003211,13.10487463,-12.32025493,142.0948153,3813.376691,11.49851797,-14.89788657,202.6312413,3865.514347,12.77422637,-12.14708882,136.0363994,3666.342478,5510.07,-1.91,-9.9,30.2
30.26,30.21,-32.65,-27.99,5255.05,-10.10994746,43.7567641,5235.572456,14.75857381,-11.1643979,102.9405186,3789.544854,13.10703729,-12.31927372,142.0681707,3813.68385,11.500656,-14.89602548,202.5993891,3865.947409,12.77672807,-12.14601193,136.006011,3666.68261,5509.48,-2.01,-9.6,30.21
30.27,30.22,-32.24,-28.34,5255.05,-10.10809983,43.12009358,5238.307992,14.78490493,-11.16006614,102.6465475,3792.251525,13.11785062,-12.31639755,141.9349584,3815.219359,11.51134616,-14.89056732,202.4401482,3868.112378,12.78923657,-12.14285811,135.8540826,3668.382891,5510.07,-2.12,-9.3,30.22
30.28,30.23,-31.82,-28.69,5255.33,-10.10404342,43.0069284,5238.790146,14.78958601,-11.15835748,102.5943063,3792.731907,13.11977298,-12.3153791,141.9112818,3815.492188,11.51324663,-14.88863731,202.4118491,3868.497085,12.7914603,-12.14173284,135.8270801,3668.684966,5510.36,-2.22,-8.99,30.23
30.29,30.24,-31.39,-29.03,5255.76,-10.10359397,42.86556415,5239.390959,14.79543737,-11.15753212,102.5290158,3793.332022,13.12217595,-12.31483411,141.8816885,3815.833159,11.51562223,-14.88760339,202.3764799,3868.977889,12.79423997,-12.14113481,135.7933303,3669.062471,5509.92,-2.31,-8.68,30.24
30.3,30.25,-30.96,-29.33,5254.76,-10.09740209,42.60930595,5240.478162,14.80605887,-11.15063819,102.410506,3794.421034,13.12654876,-12.31035289,141.827838,3816.453582,11.51994235,-14.87911012,202.3121636,3869.85218,12.79929818,-12.13621333,135.7319179,3669.749343,5510.22,-2.4,-8.37,30.25
30.31,30.26,-30.52,-29.65,5255.62,-10.09635559,42.48125537,5241.014451,14.81136963,-11.14913899,102.3512878,3794.964124,13.12873517,-12.30936424,141.8009225,3816.763528,11.52210241,-14.87723759,202.2800238,3870.289014,12.80182729,-12.13512886,135.7012241,3670.092429,5510.22,-2.49,-8.05,30.26
30.32,30.27,-30.07,-29.98,5255.05,-10.09462028,41.84106884,5243.687808,14.83792338,-11.14480799,102.0552363,3797.678007,13.13966722,-12.30646646,141.666356,3818.312967,11.53290273,-14.87174615,202.1193449,3872.472835,12.81447282,-12.13195309,135.5477689,3671.807473,5510.51,-2.57,-7.73,30.27
30.33,30.28,-29.63,-30.29,5255.47,-10.09052615,41.72727746,5244.158856,14.84264405,-11.14309495,102.0026254,3798.159658,13.14161069,-12.3054398,141.6424386,3818.58827,11.53482279,-14.86980355,202.0907903,3872.860889,12.81672091,-12.13081924,135.5204952,3672.112168,5509.78,-2.65,-7.42,30.28
30.34,30.29,-29.19,-30.61,5254.76,-10.09009361,41.58513246,5244.745764,14.84854488,-11.14226967,101.9368729,3798.761355,13.14404004,-12.3048907,141.6125446,3818.93233,11.53722286,-14.86876331,202.0551019,3873.345876,12.81953103,-12.13021701,135.4864063,3672.492947,5510.36,-2.72,-7.09,30.29
30.35,30.3,-28.74,-30.92,5255.9,-10.0839972,41.32745526,5245.80775,14.8592551,-11.13537325,101.8175367,3799.853121,13.14846086,-12.3003753,141.5581468,3819.558374,11.54158733,-14.86021785,201.9902076,3874.227741,12.82464464,-12.12526061,135.4243771,3673.185771,5509.78,-2.8,-6.77,30.3
30.36,30.31,-28.3,-31.22,5255.19,-10.08297822,41.19869451,5246.331341,14.86461021,-11.13387399,101.7579056,3800.397566,13.15067127,-12.2993792,141.5309579,3819.871126,11.54376957,-14.85833396,201.9577791,3874.668354,12.82720144,-12.12416855,135.3933752,3673.531826,5510.51,-2.86,-6.44,30.31
30.37,30.32,-27.84,-31.53,5255.19,-10.08135511,40.55495579,5248.941101,14.89138575,-11.12954457,101.45979,3803.118202,13.16172333,-12.29645975,141.3950245,3821.434584,11.55468075,-14.85280943,201.7956571,3876.871069,12.83998546,-12.12097082,135.2383795,3675.261708,5510.07,-2.94,-6.12,30.32
30.38,30.33,-27.39,-31.82,5254.62,-10.07722358,40.44053178,5249.400789,14.89614585,-11.12782737,101.4068123,3803.601041,13.16368814,-12.29542486,141.3708643,3821.712375,11.55662052,-14.8508543,201.7668461,3877.262479,12.84225818,-12.11982838,135.210832,3675.569036,5510.51,-3.01,-5.79,30.33
30.39,30.34,-26.93,-32.12,5255.47,-10.07680785,40.29759799,5249.973476,14.90209597,-11.12700231,101.3406015,3804.204216,13.16614416,-12.29487162,141.3406666,3822.059546,11.55904522,-14.84980776,201.7308373,3877.751658,12.84509907,-12.11922195,135.176401,3675.953105,5510.22,-3.07,-5.46,30.34
30.4,30.35,-26.05,-32.36,5256.33,-10.07080696,40.03848624,5251.009675,14.91289461,-11.12010456,101.2204451,3805.298557,13.17061351,-12.29032195,141.2857165,3822.691246,11.56345432,-14.84121044,201.665363,3878.641109,12.85026867,-12.11423059,135.1137495,3676.651913,5511.09,-3.12,-5.13,30.35
30.41,30.36,-25.5,-32.64,5255.19,-10.06981543,39.90900751,5251.520279,14.91829392,-11.11860551,101.1604041,3805.844267,13.17284818,-12.28931838,141.2582517,3823.006821,11.56565887,-14.83931525,201.6326448,3879.08551,12.85285346,-12.11313095,135.0824367,3677.000952,5510.51,-3.18,-4.8,30.36
30.42,30.37,-24.95,-32.91,5255.05,-10.06830409,39.26167762,5254.065007,14.94529051,-11.11427846,100.8602397,3808.571204,13.18402155,-12.28637721,141.1209385,3824.584385,11.57668161,-14.83375785,201.4690749,3881.307154,12.86577745,-12.10991125,134.9258867,3678.745745,5510.51,-3.23,-4.47,30.37
30.43,30.38,-24.39,-33.17,5255.19,-10.06413577,39.14661402,5254.513079,14.9500899,-11.1125573,100.8068979,3809.055151,13.18600793,-12.28533405,141.0965332,3824.864681,11.57864121,-14.83179025,201.4400067,3881.701925,12.86807505,-12.10876018,134.898063,3679.055719,5511.24,-3.27,-4.13,30.38
30.44,30.39,-23.84,-33.43,5255.76,-10.06373671,39.00288278,5255.071225,14.95608915,-11.11173262,100.7402321,3809.659706,13.1884909,-12.28477667,141.0660291,3825.21498,11.58109071,-14.83073746,201.4036764,3882.195306,12.87094705,-12.10814956,134.8632868,3679.443095,5510.22,-3.31,-3.8,30.39
30.45,30.4,-23.28,-33.68,5255.9,-10.05783129,38.74231971,5256.081059,14.9669758,-11.10483475,100.6192625,3810.75643,13.1930093,-12.28019264,141.0105216,3825.852373,11.5855447,-14.82208863,201.3376205,3883.092355,12.87617323,-12.10312322,134.8000075,3680.147914,5510.22,-3.35,-3.47,30.4
30.46,30.41,-22.71,-33.93,5255.62,-10.05686709,38.61211462,5256.578387,14.97241912,-11.10333617,100.5588153,3811.30331,13.1952685,-12.27918157,140.9827782,3826.170787,11.58777169,-14.82018222,201.3046118,3883.540549,12.87878632,-12.10201598,134.7683809,3680.499952,5511.24,-3.38,-3.13,30.41
30.47,30.42,-22.15,-34.18,5255.9,-10.05546675,37.96115161,5259.056628,14.99963575,-11.09901232,100.2566199,3814.036073,13.2065645,-12.27621864,140.8440725,3827.762546,11.59890666,-14.81459217,201.1395896,3885.78115,12.89185176,-12.09877432,134.6102627,3682.259728,5511.68,-3.43,-2.8,30.42
30.48,30.43,-21.58,-34.42,5255.9,-10.0512626,37.84544096,5259.492826,15.00447426,-11.09728743,100.2029172,3814.521043,13.20857268,-12.27516717,140.8194197,3828.045362,11.6008862,-14.81261217,201.1102633,3886.179289,12.89417451,-12.0976146,134.5821604,3682.572362,5511.24,-3.45,-2.46,30.43
30.49,30.44,-21,-34.65,5255.62,-10.05088,37.70090293,5260.036106,15.0105224,-11.09646328,100.1358004,3815.12687,13.2110829,-12.27460564,140.7886064,3828.39881,11.60336064,-14.81155318,201.0736106,3886.676876,12.89707794,-12.09699977,134.5470359,3682.963059,5510.65,-3.48,-2.13,30.44
30.5,30.45,-20.14,-34.84,5256.33,-10.04506994,37.43887056,5261.01899,15.02149677,-11.08956643,100.0140237,3816.225798,13.21565088,-12.26998716,140.7325362,3829.04193,11.60785977,-14.8028532,201.0069715,3887.581532,12.9023613,-12.09193843,134.4831231,3683.67392,5511.39,-3.5,-1.79,30.45
30.51,30.46,-19.5,-35.06,5256.47,-10.04413287,37.30793011,5261.502747,15.02698396,-11.08806858,99.95317324,3816.773758,13.21793487,-12.26896858,140.7045117,3829.363201,11.61010934,-14.80093565,200.9736715,3888.033523,12.90500298,-12.0908236,134.4511801,3684.02897,5511.53,-3.52,-1.46,30.46
30.52,30.47,-18.85,-35.27,5255.62,-10.04284238,36.65328893,5263.913029,15.05441988,-11.08374871,99.64896181,3819.511896,13.22935483,-12.26598384,140.5644006,3830.969241,11.62135717,-14.79531321,200.8071931,3890.293105,12.91821138,-12.08755999,134.2914796,3685.803801,5511.09,-3.53,-1.13,30.47
30.53,30.48,-18.2,-35.47,5255.9,-10.03860372,36.53692323,5264.33709,15.05929738,-11.08202029,99.59490084,3819.997809,13.23138504,-12.26492404,140.5394981,3831.254592,11.62335678,-14.79332089,200.7776082,3890.694614,12.92055954,-12.08639159,134.2630961,3686.119106,5511.09,-3.54,-0.8,30.48
30.54,30.49,-17.55,-35.67,5255.9,-10.03823731,36.39156839,5264.865174,15.06539425,-11.08119681,99.52733636,3820.60481,13.23392281,-12.26435834,140.5083726,3831.611208,11.6258563,-14.79225574,200.7406322,3891.196413,12.92349473,-12.08577256,134.2276203,3686.513142,5510.65,-3.55,-0.47,30.49
30.55,30.5,-16.9,-35.86,5255.76,-10.03252242,36.12804742,5265.820515,15.07645588,-11.07430221,99.40476034,3821.705744,13.23854091,-12.25970533,140.4517346,3832.260089,11.63040082,-14.78350501,200.6734085,3892.108682,12.92883588,-12.08067621,134.1630684,3687.230071,5511.24,-3.55,-0.14,30.5
30.56,30.51,-16.24,-36.05,5256.19,-10.03161223,35.99636196,5266.290403,15.08198669,-11.07280536,99.34351046,3822.254685,13.24084996,-12.25867923,140.4234264,3832.584236,11.63267308,-14.78157642,200.6398166,3892.564473,12.93150645,-12.07955378,134.1308061,3687.588148,5511.39,-3.55,0.19,30.51
30.57,30.52,-15.58,-36.23,5256.75,-10.03042997,35.33799435,5268.63123,15.10964075,-11.06849033,99.03730245,3824.997706,13.2523952,-12.25567264,140.2818969,3834.204642,11.64403438,-14.77592187,200.4718787,3894.843049,12.94485932,-12.07626822,133.9695094,3689.378102,5510.51,-3.55,0.52,30.52
30.58,30.53,-14.91,-36.4,5256.19,-10.02615858,35.22096502,5269.042887,15.11455703,-11.06675859,98.98288668,3825.484474,13.25444769,-12.25460447,140.2567423,3834.492544,11.64605416,-14.77391729,200.4420345,3895.247931,12.94723316,-12.07509113,133.9408422,3689.696092,5511.39,-3.54,0.86,30.53
30.59,30.54,-14.24,-36.57,5256.19,-10.02580806,35.07478262,5269.555442,15.12070237,-11.06593594,98.91487883,3826.092538,13.2570133,-12.2540346,140.2253018,3834.852347,11.6485789,-14.77284604,200.4047344,3895.753944,12.95020047,-12.07446789,133.9050119,3690.09348,5510.8,-3.53,1.19,30.54
30.6,30.55,-13.43,-36.7,5255.62,-10.02018803,34.80975242,5270.482637,15.13185076,-11.05904482,98.79151152,3827.195279,13.26168206,-12.24934697,140.1680907,3835.507025,11.65316903,-14.764045,200.336925,3896.67383,12.95560001,-12.06933652,133.8398153,3690.816506,5512.12,-3.52,1.53,30.55
30.61,30.56,-12.72,-36.85,5255.76,-10.01930437,34.67731161,5270.938352,15.13742495,-11.05754926,98.72986628,3827.745103,13.26401644,-12.24831333,140.1394961,3835.834063,11.6554641,-14.76210547,200.3030405,3897.133422,12.95829978,-12.06820649,133.8072309,3691.177623,5510.95,-3.5,1.87,30.56
30.62,30.57,-12.01,-36.99,5256.19,-10.01822826,34.01516594,5273.208208,15.16529591,-11.05323989,98.42168174,3830.492508,13.27568833,-12.24528485,139.9965351,3837.468922,11.66693945,-14.75641908,200.1336402,3899.430998,12.97179864,-12.064899,133.6443238,3692.982769,5511.83,-3.47,2.21,30.57
30.63,30.58,-11.29,-37.13,5256.04,-10.01392641,33.8974638,5273.607189,15.17025075,-11.05150507,98.36691473,3830.980043,13.27776333,-12.24420828,139.9711261,3837.75939,11.66897951,-14.75440234,200.1035362,3899.839254,12.97419844,-12.06371319,133.6153705,3693.303455,5511.97,-3.45,2.55,30.58
30.64,30.59,-10.57,-37.26,5255.9,-10.01359138,33.75044233,5274.103876,15.1764443,-11.0506834,98.29846796,3831.58906,13.28035708,-12.24363423,139.9393678,3838.122398,11.67152959,-14.75332505,200.0659115,3900.349483,12.97719818,-12.06308576,133.5791826,3693.704211,5511.97,-3.42,2.9,30.59
30.65,30.6,-9.84,-37.39,5255.9,-10.00806585,33.48388085,5275.002312,15.18767899,-11.04379696,98.17431693,3832.693413,13.28507704,-12.23891191,139.8815783,3838.782906,11.67616557,-14.74447417,199.9975154,3901.276984,12.98265674,-12.05791936,133.5133356,3694.43336,5511.97,-3.38,3.24,30.6
30.66,30.61,-9.11,-37.5,5256.04,-10.00720829,33.35067365,5275.443547,15.19329633,-11.04230295,98.11228011,3833.24402,13.28743702,-12.23787071,139.8526947,3839.112854,11.67848356,-14.74252379,199.9633379,3901.740378,12.98538602,-12.05678175,133.4804262,3694.79753,5511.24,-3.35,3.58,30.61
30.67,30.62,-8.38,-37.62,5256.19,-10.00623566,32.68469472,5277.640887,15.22138306,-11.03800007,97.80213793,3835.995321,13.29923693,-12.23482032,139.708289,3840.76225,11.6900735,-14.73680589,199.7924729,3904.056952,12.9990324,-12.05345234,133.3158947,3696.617934,5512.12,-3.31,3.77,30.62
30.68,30.63,-7.64,-37.72,5256.19,-10.00190621,32.56630998,5278.026918,15.22637626,-11.03626238,97.74702303,3836.483537,13.30133469,-12.23373531,139.6826233,3841.055298,11.69213393,-14.73477708,199.7621087,3904.468581,13.00145843,-12.05225779,133.2866527,3696.941327,5511.24,-3.27,4.09,30.63
30.69,30.64,-6.91,-37.82,5255.9,-10.00158622,32.41843715,5278.507392,15.23261776,-11.03544184,97.67814152,3837.093398,13.30395689,-12.23315707,139.6505441,3841.421531,11.69470947,-14.7336938,199.7241588,3904.983026,13.00449096,-12.05162616,133.250104,3697.345465,5512.41,-3.22,4.41,30.64
30.7,30.65,-6.16,-37.87,5255.9,-9.996154691,32.15032081,5279.376446,15.24393821,-11.02856132,97.55321528,3838.199159,13.3087286,-12.2284,139.592171,3842.087904,11.69939149,-14.72479357,199.6551754,3905.918138,13.01000914,-12.04642474,133.1836009,3698.080764,5510.8,-3.17,4.72,30.65
30.71,30.66,-5.41,-37.95,5256.04,-9.995322717,32.01633544,5279.802886,15.24959844,-11.02706913,97.4907911,3838.750449,13.31111446,-12.22735123,139.5629958,3842.420777,11.7017325,-14.72283246,199.6207045,3906.385331,13.01276823,-12.04527955,133.1503637,3698.448001,5511.68,-3.12,5.04,30.66
30.72,30.67,-4.66,-38.02,5256.47,-9.994450285,31.34646435,5281.926141,15.27789958,-11.02277358,97.17871244,3841.505137,13.32304375,-12.22427889,139.4171321,3844.084794,11.71343755,-14.71708338,199.4483731,3908.720893,13.0265637,-12.04192824,132.9841936,3700.283726,5512.12,-3.06,5.36,30.67
30.73,30.68,-3.9,-38.08,5255.33,-9.990096727,31.22738656,5282.298941,15.2829309,-11.02103324,97.12325341,3841.993942,13.32516451,-12.22318541,139.3912074,3844.380438,11.71551845,-14.7150426,199.4177484,3909.135894,13.02901622,-12.04072494,132.9546604,3700.609838,5511.97,-3,5.69,30.68
30.74,30.69,-3.13,-38.14,5254.76,-9.989791224,31.07864923,5282.762851,15.28922004,-11.020214,97.05394186,3842.604535,13.32781546,-12.22260298,139.3588044,3844.749914,11.71811957,-14.7139534,199.379473,3909.654551,13.03208188,-12.04008912,132.9177478,3701.017373,5511.24,-2.94,6.01,30.69
30.75,30.7,-2.37,-38.19,5253.62,-9.984453136,30.8089529,5283.601887,15.30062576,-11.01334058,96.92824842,3843.711504,13.33263949,-12.21781108,139.2998422,3845.422184,11.72284782,-14.70500436,199.3099017,3910.597267,13.03766032,-12.0348527,132.8505829,3701.758847,5511.24,-2.87,6.33,30.7
30.76,30.71,-1.59,-38.23,5254.05,-9.983646111,30.67417679,5284.013214,15.30632862,-11.01185049,96.86544089,3844.263377,13.33505151,-12.21675473,139.2703727,3845.757999,11.72521194,-14.70303264,199.2751373,3911.068255,13.04044954,-12.03369992,132.8170151,3702.129162,5512.27,-2.8,6.65,30.71
30.77,30.72,-0.82,-38.26,5254.76,-9.982869893,30.00035073,5286.060783,15.33484291,-11.0075631,96.55144575,3847.020953,13.34711157,-12.2136604,139.1230378,3847.436722,11.73703256,-14.69725273,199.1013383,3913.422785,13.05439564,-12.03032675,132.6491919,3703.980271,5511.24,-2.74,6.77,30.72
30.78,30.73,-0.04,-38.29,5253.76,-9.978496464,29.88056874,5286.420066,15.33991212,-11.00582032,96.49564612,3847.510259,13.34925558,-12.21255843,139.0968516,3847.734976,11.73913401,-14.6952001,199.0704528,3913.841154,13.05687494,-12.02911467,132.6193651,3704.309114,5511.97,-2.67,7.06,30.73
30.79,30.74,0.73,-38.31,5249.21,-9.978204816,29.73095289,5286.867055,15.34624863,-11.00500252,96.42590898,3848.121472,13.3519356,-12.2119718,139.0641218,3848.107712,11.74176081,-14.69410505,199.0318516,3914.36402,13.05997407,-12.02847467,132.5820854,3704.720059,5511.09,-2.59,7.34,30.74
30.8,30.75,4.83,-38.23,5245.37,-9.972959483,29.45964978,5287.675427,15.35773902,-10.99813744,96.29945718,3849.229443,13.3568125,-12.20714501,139.0045653,3848.785914,11.74653547,-14.68510777,198.9616923,3915.314328,13.0656134,-12.02320325,132.514253,3705.467732,5511.83,-2.51,7.63,30.75
30.8,30.75,4.83,-38.23,5245.37,-9.972176658,29.32406954,5288.071314,15.36348422,-10.99664972,96.23627072,3849.781795,13.35925095,-12.20608107,138.9747987,3849.124688,11.74892279,-14.68312556,198.9266342,3915.789106,13.06843306,-12.02204291,132.4803516,3705.841138,5512.12,-2.43,7.92,30.76
30.9,30.85,12.09,-37.61,5172.67,-9.971491889,28.64622153,5290.041564,15.3922102,-10.99237132,95.92038115,3852.541742,13.3714432,-12.20296474,138.8259792,3850.818197,11.76085942,-14.6773152,198.7513671,3918.162575,13.08253136,-12.01864791,132.3108612,3707.707692,5512.12,-2.34,8.2,30.77
31,30.95,18.67,-36.23,5165.76,-9.967103652,28.52572349,5290.38704,15.39731704,-10.99062634,95.86424486,3853.031457,13.37361071,-12.20185424,138.7995291,3851.119076,11.76298149,-14.67525082,198.7202208,3918.584307,13.08503773,-12.01742704,132.2807381,3708.039275,,,,
31.1,31.05,24.37,-34.25,5166.18,-9.966825118,28.37521416,5290.816742,15.40370059,-10.98981014,95.794087,3853.643176,13.3763201,-12.2012634,138.7664697,3851.495092,11.76563408,-14.67415,198.6812937,3919.111375,13.08817068,-12.01678285,132.2430882,3708.453644,,,,
31.2,31.15,29.21,-31.71,5170.13,-9.961671753,28.10227573,5291.593788,15.41527511,-10.98295458,95.66688521,3854.751947,13.38125044,-12.19640167,138.7063133,3852.179257,11.77045529,-14.66510507,198.6105464,3920.06926,13.09387152,-12.01147648,132.1745825,3709.20754,,,,
31.3,31.25,33.33,-28.64,5171.68,-9.960912247,27.96587707,5291.973903,15.42106238,-10.98146949,95.60332398,3855.304676,13.38371561,-12.19533013,138.6762471,3852.521007,11.7728659,-14.66311252,198.5751946,3920.547819,13.09672194,-12.01030857,132.1403447,3709.584049,,,,
31.4,31.35,36.28,-25.13,5173.38,-9.960313297,27.28393579,5293.865168,15.44999868,-10.97720091,95.28556084,3858.066489,13.39604145,-12.19219177,138.5259293,3854.229383,11.78491893,-14.6572721,198.3984596,3922.940189,13.11097403,-12.00689179,131.9691727,3711.466106,,,,
31.5,31.45,38.12,-21.29,5173.94,-9.955916233,27.16270907,5294.196537,15.45514291,-10.97545393,95.22909157,3858.556522,13.39823272,-12.19107271,138.499213,3854.532901,11.7870617,-14.65519611,198.3670526,3923.365277,13.11350773,-12.00566211,131.9387508,3711.80044,,,,
31.6,31.55,38.81,-17.28,5173.8,-9.955649962,27.01129033,5294.60858,15.4615732,-10.97463948,95.15851763,3859.168634,13.40097179,-12.19047767,138.4658209,3854.912214,11.78974015,-14.65408959,198.3277995,3923.896539,13.11667486,-12.00501374,131.9007275,3712.218244,,,,
31.7,31.65,38.39,-13.22,5175.78,-9.950587662,26.73668615,5295.353626,15.47323123,-10.96779466,95.03057495,3860.277995,13.40595614,-12.18558094,138.4050593,3855.602376,11.79460806,-14.64499766,198.2564647,3924.861981,13.12243785,-11.99967245,131.8315427,3712.978387,,,,
31.8,31.75,36.96,-9.24,5178.04,-9.949850451,26.59945387,5295.717628,15.47906025,-10.96631248,94.9666435,3860.830998,13.40844832,-12.18450179,138.3746907,3855.947116,11.79704202,-14.6429949,198.2208194,3925.344312,13.12531934,-11.99849699,131.7969658,3713.358009,,,,
31.9,31.85,34.62,-5.38,5178.89,-9.949330734,25.91334334,5297.528202,15.50820532,-10.96205455,94.64702949,3863.594154,13.42090919,-12.18134139,138.2228611,3857.67044,11.8092118,-14.63712485,198.0426173,3927.755533,13.13972681,-11.99505846,131.6240978,3715.255625,,,,
32,31.95,31.49,-1.79,5182.28,-9.944931845,25.7913745,5297.845162,15.51338667,-10.9603058,94.59023128,3864.084414,13.42312446,-12.18021375,138.1958762,3857.976612,11.81137532,-14.63503738,198.0109496,3928.18397,13.14228814,-11.99381996,131.5933745,3715.59272,,,,
32.1,32.05,27.72,1.47,5181.43,-9.94467686,25.63902935,5298.239164,15.51986336,-10.95949324,94.51924629,3864.696803,13.42589354,-12.1796145,138.1621483,3858.35924,11.81407972,-14.63392525,197.9713709,3928.719413,13.1454898,-11.99316742,131.5549746,3716.013973,,,,
32.2,32.15,23.07,4.32,5182.7,-9.939704598,25.36272702,5298.951518,15.53160426,-10.95266037,94.3905719,3865.806545,13.43093248,-12.17468272,138.100776,3859.05543,11.81899445,-14.624787,197.899449,3929.69239,13.15131558,-11.98779125,131.485105,3716.780384,,,,
32.3,32.25,16.69,6.71,5182.84,-9.938988503,25.22464492,5299.299058,15.53747472,-10.95118138,94.32627481,3866.359716,13.43345195,-12.17359596,138.0701022,3859.403177,11.82145182,-14.62277418,197.8635105,3930.178481,13.15422847,-11.98660826,131.4501859,3717.163131,,,,
32.4,32.35,8.05,8.62,5185.38,-9.938540382,24.53428421,5301.027197,15.56682698,-10.94693491,94.00483281,3869.123692,13.44604929,-12.1704135,137.9167473,3861.141528,11.83373866,-14.62128304,197.6838429,3932.608495,13.16879292,-11.98314803,131.2756076,3719.07636,,,,
32.5,32.45,-2.69,10.03,5186.37,-9.934147795,24.41155895,5301.329435,15.57204516,-10.94518461,93.94770972,3869.614085,13.44828882,-12.16927725,137.8894913,3861.450367,11.83592298,-14.61118812,197.6519052,3933.040268,13.17138215,-11.98190069,131.2445804,3719.416225,,,,
32.6,32.55,-14.29,10.95,5186.23,-9.933902983,24.25826927,5301.705006,15.57856789,-10.9443741,93.87631876,3870.226636,13.45108823,-12.16867377,137.8554246,3861.836327,11.83865339,-14.61231515,197.612026,3933.579881,13.1746187,-11.981244,131.2058006,3719.840939,,,,
32.7,32.65,-24.9,9.48,5190.33,-9.9290196,23.98023426,5302.383959,15.59039103,-10.93755437,93.74692188,3871.336549,13.45618233,-12.16370692,137.7934361,3862.538577,11.84361504,-14.60313951,197.5395248,3934.560363,13.18050791,-11.975833,131.1352405,3720.613638,,,,
32.8,32.75,-33.03,4.74,5191.89,-9.928323268,23.84128509,5302.71468,15.5963026,-10.93607883,93.68226376,3871.889784,13.45872939,-12.16261253,137.7624545,3862.889347,11.84609587,-14.6011186,197.5032969,3935.0502,13.18345252,-11.97464249,131.0999763,3720.99952,,,,
32.9,32.85,-38.19,1.32,5190.9,-9.927937957,23.14658797,5304.358596,15.62586045,-10.93184466,93.35901675,3874.654057,13.47146465,-12.15940801,137.6075604,3864.642803,11.8585,-14.59519592,197.3221827,3937.498934,13.19817556,-11.97116062,130.9236732,3722.928413,,,,
33,32.95,-40.82,-2.55,5198.4,-9.923561028,23.02309106,5304.645791,15.63111518,-10.93009301,93.30157287,3875.144491,13.4737287,-12.15826312,137.580031,3864.954323,11.86070518,-14.59308785,197.2899977,3937.934031,13.20079299,-11.96990444,130.8923395,3723.271057,,,,
33.1,33.05,-41.66,-6.77,5189.48,-9.92332513,22.86883755,5305.002531,15.6376836,-10.9292847,93.22978103,3875.757086,13.47655876,-12.15765542,137.5456225,3865.343632,11.86346165,-14.59196576,197.2497725,3938.477798,13.20406478,-11.96924359,130.8531767,3723.699243,,,,
33.2,33.15,-41.2,-11.14,5189.2,-9.918529319,22.58903304,5305.647356,15.64958837,-10.92247927,93.09967037,3876.866965,13.48170862,-12.15265345,137.4830123,3866.051973,11.86847031,-14.58274527,197.1766863,3939.465754,13.21001808,-11.96379783,130.7819202,3724.478251,,,,
33.3,33.25,-39.5,-15.56,5195.99,-9.91785121,22.44919839,5305.960892,15.65554076,-10.92100743,93.03465554,3877.420162,13.48428355,-12.15155143,137.45172,3866.40578,11.87097464,-14.58071464,197.1401663,3939.959321,13.21299473,-11.96259982,130.7463082,3724.867278,,,,
33.4,33.35,-36.3,-19.87,5205.19,-9.917518673,21.75007296,5307.518747,15.68530269,-10.91678636,92.70962522,3880.184221,13.4971582,-12.14832484,137.295273,3868.174417,11.88349628,-14.57476374,196.9575918,3942.426697,13.22787798,-11.95909638,130.5682658,3726.811884,,,,
33.5,33.45,-31.7,-23.64,5208.88,-9.913168092,21.62578817,5307.790572,15.6905937,-10.91503357,92.65186438,3880.674604,13.49944703,-12.14717128,137.2674676,3868.488631,11.88572235,-14.57264465,196.9251473,3942.865105,13.2305239,-11.95783133,130.536623,3727.157316,,,,
33.6,33.55,-25.73,-26.95,5208.88,-9.912939686,21.47055023,5308.128069,15.69720747,-10.9142276,92.57967649,3881.28713,13.50230806,-12.14655937,137.2327142,3868.881307,11.88850494,-14.57151723,196.8845979,3943.413007,13.23383129,-11.95716635,130.497074,3727.588984,,,,
33.7,33.65,-18.39,-29.63,5204.06,-9.908229976,21.18893693,5308.738019,15.70919322,-10.90743764,92.44886129,3882.396767,13.50751427,-12.14152225,137.1694767,3869.595769,11.89356066,-14.5622527,196.8109283,3944.408401,13.23984932,-11.95168589,130.4251153,3728.37432,,,,
33.8,33.75,-9.79,-31.87,5202.93,-9.907568348,21.04819718,5309.033993,15.71518609,-10.90596977,92.38349439,3882.949822,13.51011738,-12.1404126,137.1378711,3869.95263,11.89608853,-14.56021251,196.774117,3944.905679,13.24285834,-11.95048039,130.3891525,3728.766501,,,,
33.9,33.85,-0.23,-33.23,5207.46,-9.907277198,20.3445454,5310.503899,15.74515046,-10.90176259,92.05670384,3885.713143,13.5231329,-12.13716394,136.9798573,3871.736523,11.90872784,-14.55423391,196.590086,3947.391605,13.25790344,-11.94695544,130.2093564,3730.726867,,,,
34,33.95,9.77,-33.16,5203.64,-9.902965089,20.21945542,5310.760016,15.75047746,-10.90000887,91.99863015,3886.203383,13.52544677,-12.13600169,136.9517735,3872.053445,11.91097482,-14.55210399,196.5573828,3947.833306,13.26057812,-11.94568153,130.1774021,3731.075094,,,,
34.1,34.05,19.57,-32.06,5202.79,-9.90274258,20.06321107,5311.077848,15.75713621,-10.89920539,91.92605132,3886.815724,13.5283391,-12.13538556,136.9166722,3872.449503,11.91378356,-14.55097133,196.51651,3948.385324,13.26392148,-11.94501242,130.1374636,3731.510254,,,,
34.2,34.15,28.57,-30,5201.51,-9.898117316,19.77974702,5311.652154,15.76920228,-10.89243204,91.79454082,3887.92491,13.53360226,-12.13031326,136.8528018,3873.170116,11.91888639,-14.54166358,196.4422589,3949.388114,13.27000491,-11.93949735,130.064797,3732.301936,,,,
34.3,34.25,36.29,-27,5196.27,-9.897470205,19.63808119,5311.930178,15.77523531,-10.8909684,91.72882643,3888.477718,13.53623383,-12.12919599,136.82088,3873.530045,11.9214378,-14.53961403,196.405157,3949.889083,13.27304662,-11.93828439,130.0284804,3732.69728,,,,
34.4,34.35,42.42,-23.07,5194.72,-9.897207607,18.92979836,5313.310191,15.80540047,-10.88677592,91.40029866,3891.239781,13.54939171,-12.12592525,136.6612855,3875.329268,11.93419488,-14.53360827,196.2196741,3952.393455,13.28825519,-11.93473801,129.8469161,3734.673448,,,,
34.5,34.45,46.79,-18.45,5191.32,-9.892947617,18.80388475,5313.550252,15.81076316,-10.88502147,91.3419162,3891.729785,13.55173089,-12.12475429,136.6329208,3875.648911,11.9364628,-14.53146768,196.186713,3952.838431,13.29095894,-11.93345522,129.8146476,3735.024479,,,,
34.6,34.55,49.25,-13.5,5189.77,-9.892729225,18.64661048,5313.847984,15.81746653,-10.88422061,91.26895152,3892.341826,13.55465486,-12.12413394,136.5974685,3876.048368,11.9392977,-14.5303299,196.1455179,3953.394541,13.29433862,-11.932782,129.7743165,3735.463141,,,,
34.7,34.65,49.74,-8.25,4926.58,-9.888186535,18.3612508,5314.385852,15.82961224,-10.87746501,91.13675488,3893.450353,13.55997556,-12.11902646,136.5329596,3876.775162,11.94444766,-14.52097981,196.0706874,3954.404681,13.3004881,-11.9272324,129.7009361,3736.261185,,,,
34.8,34.75,48.07,-3.01,4657.05,-9.887551742,18.21863648,5314.645527,15.8356851,-10.87600586,91.07069758,3894.00281,13.5626359,-12.11790155,136.5007188,3877.138173,11.94702263,-14.51892108,196.0332962,3954.909317,13.30356284,-11.926012,129.664263,3736.6597,,,,
34.9,34.85,44.23,2.11,5175.5,-9.887303323,17.50561064,5315.933642,15.86604939,-10.87182886,90.74045541,3896.763097,13.57593764,-12.11460875,136.3395297,3878.952798,11.95989751,-14.51288873,195.8463668,3957.43202,13.31893654,-11.92244427,129.4809161,3738.651711,,,,
35,34.95,38.35,7.03,5189.63,-9.883110698,17.37885367,5316.157289,15.87144748,-10.87007387,90.68176824,3897.252773,13.5783024,-12.11342906,136.3108816,3879.275175,11.96218638,-14.51073768,195.8131488,3957.880251,13.32166964,-11.9211526,129.4483308,3739.005553,,,,
35.1,35.05,30.81,11.3,5190.19,-9.882894444,17.22052434,5316.434471,15.8781951,-10.86927579,90.60842279,3897.864398,13.58125834,-12.11280448,136.2750751,3879.678047,11.96504747,-14.50959488,195.7716325,3958.440426,13.32508602,-11.92047528,129.4076039,3739.447725,,,,
35.2,35.15,22.07,14.55,5198.26,-9.878432208,16.93322096,5316.935085,15.89041986,-10.86253903,90.47554857,3898.972064,13.58663718,-12.1076618,136.2099222,3880.41105,11.97024454,-14.50020335,195.6962252,3959.457865,13.33130221,-11.91489126,129.333504,3740.252147,,,,
35.3,35.25,12.57,16.4,5196.98,-9.877807282,16.78963412,5317.175995,15.89653223,-10.86108461,90.40915264,3899.524069,13.58932661,-12.10652926,136.1773596,3880.777157,11.97284307,-14.49813565,195.6585459,3959.966143,13.33441031,-11.91366345,129.2964714,3740.65384,,,,
35.4,35.35,2.62,18.01,5193.87,-9.877557048,16.07174537,5318.370143,15.92709412,-10.85692385,90.07721743,3902.282075,13.60277372,-12.10321441,136.0145617,3882.607255,11.98583574,-14.4920773,195.4701763,3962.507048,13.34995078,-11.91007446,129.1113274,3742.661731,,,,
,,,,,-9.87344869,15.94412394,5318.577006,15.93252734,-10.85516851,90.01822933,3902.771333,13.60516432,-12.10202596,135.9856278,3882.932378,11.98814555,-14.48991598,195.4367024,3962.958511,13.35271353,-11.90877389,129.0784228,3743.01839,,,,
,,,,,-9.873232386,15.78471261,5318.833173,15.93931887,-10.85437333,89.94450784,3903.382431,13.60815257,-12.10139716,135.9494641,3883.338681,11.99103281,-14.48876829,195.3948665,3963.522724,13.35616697,-11.9080925,129.0372968,3743.46408,,,,
,,,,,-9.868848188,15.49541391,5319.295686,15.95162201,-10.8476565,89.81096502,3904.489031,13.61359017,-12.09621928,135.8836615,3884.077921,11.99627697,-14.47933627,195.3188851,3964.547405,13.36245054,-11.90247416,128.9624715,3744.274894,,,,
,,,,,-9.868230409,15.35082879,5319.517406,15.95777357,-10.84620706,89.74423493,3905.040482,13.61630898,-12.09507911,135.8507742,3884.447138,11.99889905,-14.47725981,195.2809191,3965.059298,13.36559232,-11.90123896,128.9250766,3744.679772,,,,
,,,,,-9.867960679,14.62794846,5320.615443,15.98853141,-10.84206331,89.41062906,3907.795694,13.62990299,-12.09174223,135.6863535,3886.292778,12.01200945,-14.47117607,195.0911165,3967.618265,13.38130123,-11.89762881,128.7381211,3746.703577,,,,
,,,,,-9.863955175,14.49943991,5320.805138,15.99399947,-10.8403078,89.35134401,3908.284444,13.63231971,-12.090545,135.6571313,3886.62066,12.01434018,-14.4690047,195.057388,3968.072934,13.38409392,-11.89631935,128.7048946,3747.063059,,,,
,,,,,-9.863736413,14.33891766,5321.039811,16.00083455,-10.83951566,89.27725144,3908.8949,13.6353406,-12.08991199,135.6206072,3887.030408,12.01725361,-14.46785223,195.0152339,3968.641153,13.38758479,-11.8956339,128.6633664,3747.512276,,,,
,,,,,-9.859427618,14.04757676,5321.463334,16.01321541,-10.83281984,89.14304885,3910.00023,13.64083758,-12.08469891,135.5541492,3887.775912,12.0225448,-14.45838072,194.9386817,3969.673017,13.39393639,-11.88998136,128.58781,3748.329494,,,,
,,,,,-9.858813992,13.90196994,5321.665414,16.01940585,-10.83137562,89.075989,3910.551026,13.64358607,-12.08355111,135.5209345,3888.148253,12.0251904,-14.45629571,194.9004307,3970.188493,13.3971122,-11.88873881,128.5500498,3748.737564,,,,
,,,,,-9.858505291,13.17398116,5322.665092,16.05035801,-10.82724963,88.74073447,3913.302936,13.65732852,-12.08019223,135.3548768,3890.009503,12.03841838,-14.45018723,194.709203,3972.765369,13.4129912,-11.88510759,128.3612684,3750.777313,,,,
,,,,,-9.854623113,13.04456498,5322.837217,16.05586062,-10.82549413,88.68115637,3913.791086,13.65977163,-12.07898619,135.3253637,3890.340154,12.04077003,-14.44800602,194.6752213,3973.223218,13.41581414,-11.88378924,128.3277175,3751.139623,,,,
,,,,,-9.85439925,12.88290547,5323.049892,16.06273888,-10.82470516,88.60669761,3914.400789,13.66282551,-12.07834897,135.2884761,3890.753363,12.04370958,-14.4468489,194.6327509,3973.79541,13.41934281,-11.88309975,128.2857838,3751.592372,,,,
,,,,,-9.850162671,12.58946248,5323.433518,16.07519679,-10.81803143,88.47184437,3915.504644,13.66838248,-12.0731007,135.221357,3891.505158,12.04904773,-14.43733892,194.5556314,3974.83439,13.42576312,-11.87741314,128.2094906,3752.416007,,,,
,,,,,-9.849549901,12.44280406,5323.6155,16.08142575,-10.81659267,88.40445932,3916.054681,13.67116097,-12.07194528,135.187812,3891.880635,12.05171681,-14.4352456,194.517097,3975.353416,13.42897327,-11.87616327,128.1713623,3752.827273,,,,
,,,,,-9.849181086,11.70955761,5324.514522,16.11257053,-10.81248519,88.06757889,3918.802777,13.68505341,-12.06856441,135.0201032,3893.75756,12.06506219,-14.42911303,194.3244531,3977.948037,13.44502405,-11.8725111,127.9807406,3754.882994,,,,
,,,,,-9.845444097,11.57920756,5324.668666,16.11810738,-10.81072987,88.00771177,3919.290237,13.68752318,-12.06734956,134.9902967,3894.090993,12.0674347,-14.42692222,194.2902199,3978.409036,13.44787752,-11.87118387,127.9468628,3755.248137,,,,
,,,,,-9.845212267,11.41637722,5324.858827,16.12502844,-10.80994421,87.93289186,3919.899072,13.69061039,-12.06670813,134.9530424,3894.507676,12.07040035,-14.42576058,194.2474351,3978.985164,13.45144436,-11.87049034,127.9045204,3755.704424,,,,
,,,,,-9.841044278,11.12077103,5325.201608,16.13756282,-10.80329356,87.79739596,3921.001255,13.69622798,-12.06142469,134.8852566,3895.265788,12.07578536,-14.41621319,194.1697522,3980.031189,13.45793404,-11.86476981,127.8274847,3756.534484,,,,
,,,,,-9.84042877,10.9730305,5325.363014,16.14383001,-10.80186049,87.72968969,3921.550437,13.69903678,-12.06026166,134.8513785,3895.644415,12.07847786,-14.41411179,194.1309365,3980.553731,13.46117889,-11.86351266,127.7889854,3756.948952,,,,
,,,,,-9.83997695,10.23437409,5326.158979,16.17516595,-10.79777224,87.39120326,3924.29423,13.71308076,-12.05685884,134.6820043,3897.537077,12.09194039,-14.40795582,193.9368861,3983.165919,13.4774031,-11.85983966,127.5965092,3759.020668,,,,
,,,,,-9.836408608,10.10306343,5326.294711,16.18073678,-10.79601727,87.33105067,3924.780913,13.71557747,-12.05563516,134.6519018,3897.873303,12.09433373,-14.40575565,193.902403,3983.630036,13.48028741,-11.85850354,127.5623018,3759.388648,,,,
,,,,,-9.83616571,9.939027985,5326.46182,16.18770032,-10.79523504,87.25587402,3925.388771,13.71869836,-12.05498952,134.6142778,3898.293475,12.0973254,-14.40458964,193.8593059,3984.210061,13.48389279,-11.85780601,127.5195476,3759.848478,,,,
,,,,,-9.832062052,9.641188378,5326.762775,16.20031054,-10.78860848,87.11974371,3926.489087,13.7243772,-12.04967094,134.5458194,3899.057928,12.10275714,-14.39500594,193.7810639,3985.263055,13.49045252,-11.8520517,127.4417636,3760.684972,,,,
,,,,,-9.8314399,9.492330704,5326.903106,16.20661565,-10.78718133,87.05172034,3927.037314,13.72721662,-12.04850031,134.5116053,3899.439717,12.10547301,-14.39289671,193.7419689,3985.789073,13.49373239,-11.85078731,127.4028904,3761.102645,,,,
,,,,,-9.830880551,8.748089431,5327.593522,16.23814121,-10.78311301,86.71164846,3929.776311,13.74141372,-12.04507557,134.3405515,3901.348179,12.11905237,-14.38671805,193.5465226,3988.418639,13.51013172,-11.84709361,127.2085455,3763.190375,,,,
,,,,,-9.82750558,8.615787399,5327.710396,16.24374575,-10.78135854,86.65121404,3930.26213,13.74393765,-12.04384304,134.3101506,3901.687208,12.12146648,-14.38450877,193.5117916,3988.885841,13.51304715,-11.8457486,127.174006,3763.561195,,,,
,,,,,-9.827248282,8.450507528,5327.853894,16.25075143,-10.78057986,86.57568522,3930.868903,13.74709256,-12.0431932,134.2721535,3902.110882,12.12448411,-14.38333851,193.4683846,3989.46972,13.51669145,-11.8450471,127.1308369,3764.024573,,,,
,,,,,-9.823204018,8.150358091,5328.111994,16.26343686,-10.77397839,86.43892894,3931.967152,13.75283328,-12.03783951,134.2030169,3902.881701,12.12996244,-14.37371966,193.3895881,3990.529602,13.5233219,-11.83925919,127.0522989,3764.867507,,,,
,,,,,-9.822571008,8.000345133,5328.230731,16.26977957,-10.77255738,86.37059267,3932.514326,13.75570364,-12.03666129,134.168464,3903.266664,12.1327016,-14.37160283,193.3502161,3991.059058,13.52663712,-11.83798758,127.0130491,3765.288389,,,,
,,,,,-9.82187805,7.250328679,5328.812989,16.30149314,-10.76850971,86.02895641,3935.248032,13.77005544,-12.03321468,133.9957163,3905.190983,12.1463974,-14.36540222,193.1533854,3993.705798,13.54321324,-11.83427332,126.8168212,3767.392147,,,,
,,,,,-9.818722296,7.117001828,5328.910538,16.30713111,-10.76675589,85.96824389,3935.732899,13.77260687,-12.03197328,133.9650144,3905.532827,12.14883221,-14.36318409,193.1184084,3994.17605,13.54616011,-11.83291943,126.7819471,3767.76581,,,,
,,,,,-9.818447042,6.950434753,5329.029837,16.31417857,-10.76598089,85.89236757,3936.338476,13.77579616,-12.03131925,133.9266411,3905.960016,12.15187573,-14.36200973,193.0746941,3994.763738,13.54984369,-11.83221398,126.7383599,3768.232738,,,,
,,,,,-9.814456447,6.647892007,5329.244006,16.32693863,-10.75940545,85.75499306,3937.434467,13.78159939,-12.02593049,133.8568206,3906.737224,12.15740045,-14.35235689,192.995348,3995.830423,13.55654553,-11.82639264,126.6590623,3769.082118,,,,
,,,,,-9.813808067,6.496682117,5329.340603,16.33331866,-10.75799081,85.68634776,3937.980491,13.784501,-12.02474469,133.821926,3907.125371,12.16016281,-14.35023274,192.9557015,3996.363272,13.55989645,-11.82511387,126.619433,3769.50621,,,,
,,,,,-9.812954026,5.740682614,5329.811966,16.36521879,-10.75396448,85.34316637,3940.708427,13.79900908,-12.02127626,133.64747,3909.065606,12.17397463,-14.34401093,192.7574988,3999.026973,13.57665104,-11.82137919,126.421308,3771.626008,,,,
,,,,,-9.810044162,5.606294399,5329.889699,16.37088993,-10.75221144,85.28217918,3941.192256,13.8015883,-12.02002598,133.6164646,3909.410273,12.17643007,-14.34178421,192.722278,3999.500236,13.57962964,-11.82001643,126.386097,3772.002516,,,,
,,,,,-9.809747178,5.438393423,5329.984184,16.37797885,-10.75144024,85.20595962,3941.796531,13.80481232,-12.01936778,133.577712,3909.84099,12.17949936,-14.34060591,192.6782591,4000.091685,13.58335288,-11.81930705,126.3420884,3772.472997,,,,
,,,,,-9.805803662,5.133368664,5330.153286,16.39081297,-10.74489176,85.06797433,3942.890075,13.8106787,-12.013944,133.5072017,3910.624608,12.18507029,-14.33092029,192.5983686,4001.165083,13.59012678,-11.81345247,126.2620257,3773.328825,,,,
,,,,,-9.805135115,4.980917594,5330.227167,16.39723003,-10.74348369,84.99902371,3943.434854,13.81361189,-12.01275063,133.4719625,3911.015952,12.18785575,-14.32878908,192.5584503,4001.70128,13.59351372,-11.8121666,126.2220141,3773.756129,,,,
,,,,,-9.804091332,4.218714215,5330.584749,16.42931533,-10.73947937,84.65431577,3946.156548,13.82827786,-12.00926044,133.2957839,3912.972156,12.20178308,-14.32254685,192.3588886,4004.381716,13.61044846,-11.80841165,126.0219781,3775.891974,,,,
,,,,,-9.801454534,4.083225817,5330.642148,16.43501939,-10.73772724,84.5930572,3946.639255,13.83088514,-12.00800126,133.2644724,3913.319656,12.20425905,-14.32031182,192.3234265,4004.857949,13.61345909,-11.80704003,125.9864275,3776.271327,,,,
,,,,,-9.801131845,3.913941349,5330.711172,16.44214946,-10.73695994,84.51649853,3947.242123,13.83414424,-12.00733889,133.2253373,3913.753913,12.20735401,-14.31912972,192.2791059,4005.45311,13.61722236,-11.80632675,125.9419946,3776.745361,,,,
,,,,,-9.797227789,3.60633614,5330.83401,16.4550571,-10.73043933,84.37790962,3948.333032,13.84007442,-12.00188015,133.1541316,3914.543963,12.21297092,-14.30941257,192.1986767,4006.533124,13.62406899,-11.80043914,125.8611611,3777.607639,,,,
,,,,,-9.796534013,3.452594799,5330.884568,16.46151093,-10.72903804,84.30865725,3948.876474,13.84303951,-12.00067923,133.1185449,3914.938513,12.21577937,-14.30727456,192.1584894,4007.072623,13.6274923,-11.7991462,125.8207645,3778.038156,,,,
,,,,,-9.795270937,2.68394253,5331.125324,16.49378005,-10.72505638,83.9624406,3951.591459,13.85786497,-11.99716733,132.9406294,3916.910738,12.22982164,-14.3010127,191.9575828,4009.769555,13.64460887,-11.79537114,125.6188036,3780.190048,,,,
,,,,,-9.792934384,2.547310856,5331.161844,16.49951679,-10.72330528,83.90091381,3952.072962,13.8605006,-11.99589925,132.9090093,3917.261081,12.23231804,-14.29876965,191.9218817,4010.248717,13.64765181,-11.79399068,125.582911,3780.572247,,,,
,,,,,-9.792581837,2.376587929,5331.20472,16.5066877,-10.72254201,83.82401999,3952.674319,13.86379515,-11.99523272,132.8694884,3917.698888,12.23543855,-14.29758392,191.8772626,4010.847536,13.6514555,-11.79327354,125.5380507,3781.049835,,,,
,,,,,-9.788708414,2.066288187,5331.280027,16.51966833,-10.71605014,83.6848347,3953.762407,13.86978977,-11.98973909,132.7975815,3918.495391,12.24110118,-14.2878365,191.7963006,4011.934067,13.65837552,-11.78735311,125.4564409,3781.918562,,,,
,,,,,-9.787984102,1.911199684,5331.306619,16.52615864,-10.71465583,83.61528419,3954.304418,13.87278708,-11.98853065,132.7616446,3918.893157,12.2439325,-14.28569198,191.7558471,4012.476817,13.66183553,-11.78605316,125.4156565,3782.35229,,,,
,,,,,-9.786471611,1.135814552,5331.427324,16.5586102,-10.71069749,83.26757688,3957.012227,13.88777364,-11.98499711,132.5819778,3920.881452,12.25808909,-14.27941131,191.5536105,4015.189996,13.6791356,-11.78225817,125.211757,3784.520226,,,,
,,,,,-9.784461955,0.997989607,5331.442384,16.56437937,-10.70894753,83.20578509,3957.492443,13.89043792,-11.98372011,132.5500464,3921.234646,12.26060582,-14.27716052,191.5176731,4015.672042,13.68221117,-11.78086887,125.1755199,3784.90527,,,,
,,,,,-9.784075232,0.825764606,5331.458386,16.57159082,-10.70818839,83.12856011,3958.092185,13.89376826,-11.98304943,132.5101367,3921.676014,12.26375173,-14.27597132,191.4727587,4016.274464,13.68605563,-11.7801479,125.1302291,3785.386412,,,,
,,,,,-9.782723678,0.715710394,5331.467675,16.58464393,-10.70172611,82.98878495,3959.177271,13.89982798,-11.97752098,132.4375228,3922.478988,12.26945982,-14.26619493,191.3912701,4017.367408,13.69304972,-11.77419488,125.0478377,3786.261584,,,,
,,,,,-9.782434813,0.660690889,5331.470926,16.59117049,-10.70033899,82.91893954,3959.717762,13.90285784,-11.97630504,132.4012326,3922.87998,12.27231387,-14.26404419,191.3505538,4017.913357,13.69654677,-11.77288798,125.0066628,3786.698522,,,,
,,,,,-9.781633299,0.385601488,5331.485638,16.62380326,-10.69640459,82.56975779,3962.417944,13.91800712,-11.97274994,132.2198002,3924.88439,12.2865841,-14.25774553,191.1470026,4020.642522,13.714032,-11.76907324,124.800811,3788.882494,,,,
,,,,,-9.781241682,0.336700712,5331.487445,16.62960465,-10.69465587,82.50770386,3962.896792,13.92070033,-11.97146402,132.1875551,3925.240444,12.28912103,-14.25548732,191.1108317,4021.127406,13.71714049,-11.76767513,124.764227,3789.270382,,,,
,,,,,-9.781081349,0.275577792,5331.489356,16.63685637,-10.69390097,82.43015132,3963.49482,13.92406684,-11.9707892,132.1472533,3925.685384,12.29229219,-14.2542948,191.0656255,4021.733373,13.7210261,-11.76695035,124.7185028,3789.755074,,,,
,,,,,-9.780632257,0.238839705,5331.490391,16.64998154,-10.68746908,82.28979206,3964.57673,13.93019229,-11.96522603,132.0739267,3926.494846,12.29804544,-14.24449077,190.983617,4022.832622,13.72809492,-11.760965,124.6353243,3790.636688,,,,
,,,,,-9.780533513,0.220471505,5331.490753,16.65654413,-10.68608933,82.21965464,3965.115612,13.93325502,-11.9640026,132.0372805,3926.899072,12.30092207,-14.2423341,190.9426409,4023.381715,13.73162934,-11.7596512,124.5937561,3791.076833,,,,
,,,,,-9.780247021,0.128631432,5331.492392,16.68935705,-10.68217948,81.86901281,3967.807731,13.94856866,-11.96042601,131.854068,3928.919642,12.31530519,-14.2360183,190.7377916,4026.126596,13.7493014,-11.75581691,124.3859388,3793.276827,,,,
,,,,,-9.780139082,0.112304786,5331.492594,16.69519046,-10.68043208,81.8066993,3968.285134,13.95129109,-11.95913117,131.8215066,3929.278562,12.31786219,-14.23375297,190.7013901,4026.614269,13.75244311,-11.75441,124.3490055,3793.667555,,,,
,,,,,-9.780084308,0.091896722,5331.492807,16.70248222,-10.67968152,81.72882239,3968.881351,13.95469412,-11.95845223,131.7808095,3929.727083,12.32105845,-14.2325573,190.6558957,4027.223722,13.75637023,-11.75368146,124.3028448,3794.155795,,,,
,,,,,-9.779934744,0.07964445,5331.492922,16.71567897,-10.67328083,81.58788524,3969.959906,13.96088598,-11.95285442,131.7067645,3930.543051,12.32685654,-14.22272699,190.573374,4028.329162,13.76351446,-11.74766404,124.2188739,3795.043842,,,,
,,,,,-9.779901616,0.073518408,5331.492962,16.72227735,-10.67190863,81.51745891,3970.497092,13.9639819,-11.95162354,131.6697594,3930.950519,12.32975558,-14.22056467,190.5321417,4028.881344,13.76708657,-11.74634341,124.1769099,3795.487191,,,,
,,,,,-9.779804501,0.0428883,5331.493144,16.75526924,-10.66802394,81.16537249,3973.180703,13.97946154,-11.94802555,131.4847526,3932.987288,12.34425082,-14.21423259,190.3260113,4031.641659,13.78494712,-11.74248975,123.9671137,3797.703187,,,,
,,,,,-9.779770433,0.037443002,5331.493167,16.76113446,-10.66627795,81.10280213,3973.656582,13.98221348,-11.94672178,131.4518724,3933.349082,12.34682775,-14.21196046,190.2893822,4032.132071,13.78812234,-11.74107408,123.9298288,3798.096752,,,,
,,,,,-9.779752043,0.030636403,5331.49319,16.768466,-10.66553182,81.02460429,3974.250889,13.9856534,-11.94603874,131.4107768,3933.801193,12.35004891,-14.21076182,190.2436035,4032.744946,13.79209135,-11.74034181,123.8832286,3798.588535,,,,
,,,,,-9.779702204,0.026551619,5331.493203,16.78173393,-10.65916309,80.88309471,3975.325918,13.99191231,-11.94040641,131.3360076,3934.623681,12.3558915,-14.20090658,190.1605758,4033.856463,13.79931163,-11.73429259,123.7984601,3799.483007,,,,
,,,,,-9.779691137,0.024509237,5331.493208,16.7883679,-10.65779863,80.81238217,3975.86132,13.99504176,-11.93916809,131.2986407,3935.034398,12.3588128,-14.19873892,190.1190907,4034.411675,13.80292177,-11.7329652,123.7560977,3799.929554,,,,
,,,,,-9.779658606,0.01429734,5331.493228,16.82153773,-10.6539397,80.45886475,3978.535995,14.01068904,-11.93554881,131.1118252,3937.087403,12.37341928,-14.19239145,189.911697,4037.187133,13.82097246,-11.7290924,123.5443095,3802.161527,,,,
,,,,,-9.779647442,0.012481897,5331.49323,16.82743459,-10.65219517,80.39603996,3979.010274,14.01347077,-11.93423609,131.0786237,3937.452078,12.37601599,-14.19011283,189.8748435,4037.680234,13.82418148,-11.72766798,123.5066707,3802.557925,,,,
,,,,,-9.779641296,0.010212597,5331.493233,16.83480567,-10.65145358,80.31752418,3979.602575,14.01694795,-11.93354896,131.0371265,3937.907786,12.37926188,-14.18891138,189.8287844,4038.296467,13.82819274,-11.72693203,123.4596282,3803.053245,,,,
,,,,,-9.779617434,0.008256669,5331.493235,16.84814437,-10.64511756,80.17544762,3980.673907,14.02327457,-11.92788223,130.9616275,3938.736808,12.38514861,-14.17903261,189.745258,4039.413938,13.83548973,-11.7208513,123.3740569,3803.954128,,,,
,,,,,-9.779612134,0.007278707,5331.493236,16.85481372,-10.64376101,80.1044516,3981.207441,14.02643788,-11.92663651,130.9238958,3939.150782,12.38809198,-14.17685992,189.7035239,4039.972121,13.83913823,-11.71951721,123.3312934,3804.403867,,,,
,,,,,-9.779596537,0.002388901,5331.493238,16.88816047,-10.63992843,79.74951673,3983.87275,14.04225444,-11.92299603,130.7352575,3941.220057,12.40280882,-14.17049793,189.4948853,4042.762423,13.8573807,-11.71562549,123.1175005,3806.651787,,,,
,,,,,-9.779591217,0.001519603,5331.493238,16.89408878,-10.63818542,79.68643992,3984.345353,14.04506627,-11.92167438,130.7017321,3941.587617,12.40542515,-14.16821315,189.4578107,4043.258159,13.86062381,-11.71419235,123.0795054,3807.051011,,,,
,,,,,-9.779588272,0.000432982,5331.493238,16.90149917,-10.63744846,79.60760922,3984.935554,14.04858106,-11.92098318,130.6598301,3942.04693,12.40869556,-14.16700907,189.4114751,4043.877683,13.86467769,-11.71345276,123.0320178,3807.54986,,,,
,,,,,-9.779564411,-0.001522935,5331.493238,16.91490826,-10.63114588,79.46497073,3986.00302,14.05497606,-11.91528217,130.5835955,3942.882499,12.41462605,-14.15710818,189.3274577,4045.000987,13.87205204,-11.70734084,122.9456387,3808.457142,,,,
,,,,,-9.779559111,-0.002500892,5331.493238,16.92161281,-10.62979741,79.39369373,3986.534601,14.05817356,-11.91402909,130.5454964,3943.299735,12.4175913,-14.15493076,189.2854784,4045.562079,13.87573921,-11.70600013,122.9024717,3808.910066,,,,
,,,,,-9.779543516,-0.007390671,5331.493236,16.95513553,-10.62599175,79.03735398,3989.190125,14.07416105,-11.91036752,130.3550209,3945.385308,12.43241755,-14.14855514,189.0756139,4048.366917,13.89417509,-11.70208973,122.6866613,3811.173892,,,,
,,,,,-9.779538196,-0.008259964,5331.493235,16.96109513,-10.62425031,78.97402737,3989.660977,14.07700327,-11.90903692,130.321169,3945.75576,12.43505332,-14.14626454,189.0383215,4048.865232,13.89745258,-11.7006479,122.6483079,3811.575936,,,,
,,,,,0.000300635,-0.00934658,5331.493234,16.96854462,-10.62351808,78.89488454,3990.248984,14.08055604,-11.90834169,130.2788591,3946.218684,12.43834804,-14.145058,188.9917138,4049.487979,13.90154944,-11.69990471,122.6003723,3812.078307,,,,
,,,,,,,,16.98202375,-10.61724963,78.75168874,3991.312419,14.08702008,-11.90260654,130.2018832,3947.06081,12.4443219,-14.1351364,188.9072132,4050.616989,13.9090018,-11.69376192,122.5131804,3812.991969,,,,
,,,,,,,,16.98876332,-10.61590942,78.68013308,3991.841965,14.09025209,-11.90134612,130.1634138,3947.481314,12.44730883,-14.13295457,188.8649925,4051.180927,13.91272797,-11.69241467,122.4696074,3813.448069,,,,
,,,,,,,,17.02246115,-10.61213123,78.32239998,3994.487291,14.10641217,-11.89766358,129.9710871,3949.583212,12.46224349,-14.12656623,188.6539218,4053.999985,13.93135886,-11.68848583,122.2517673,3815.727758,,,,
,,,,,,,,17.02845187,-10.6103914,78.25882562,3994.956319,14.10928507,-11.89632405,129.9369063,3949.956559,12.46489854,-14.12427013,188.616415,4054.500824,13.93467102,-11.68703535,122.2130532,3816.132614,,,,
,,,,,,,,17.03594028,-10.60966399,78.17937321,3995.542041,14.1128762,-11.89562479,129.8941853,3950.4231,12.46821735,-14.12306132,188.5695395,4055.126724,13.93881122,-11.68628861,122.1646669,3816.638496,,,,
,,,,,,,,17.04948914,-10.60343035,78.03562432,3996.601282,14.11940993,-11.88985566,129.8164625,3951.271793,12.47423416,-14.11312044,188.4845638,4056.261311,13.94634222,-11.6801153,122.0766575,3817.558518,,,,
,,,,,,,,17.05626357,-10.60209854,77.96379211,3997.128712,14.1226768,-11.88858795,129.7776199,3951.695569,12.47724257,-14.1109345,188.4421058,4056.82803,13.95010772,-11.67876158,122.032676,3818.017784,,,,
,,,,,,,,17.09013573,-10.59834839,77.60467615,3999.763436,14.13901112,-11.88488456,129.5834279,3953.813813,12.49228459,-14.10453435,188.2298487,4059.660986,13.96893522,-11.67481457,121.8127942,3820.313285,,,,
,,,,,,,,17.09615745,-10.59661019,77.5408559,4000.230567,14.141915,-11.8835361,129.5489156,3954.19006,12.49495873,-14.10223309,188.1921312,4060.164291,13.97228233,-11.67335547,121.7737173,3820.720944,,,,
,,,,,,,,17.10368459,-10.59588767,77.46109624,4000.813914,14.14554485,-11.88283283,129.5057804,3954.660222,12.4983014,-14.10102218,188.1449924,4060.793272,13.97646622,-11.67260523,121.7248776,3821.230325,,,,
,,,,,,,,17.11730294,-10.58968948,77.31679773,4001.868806,14.15214894,-11.87702988,129.4273051,3955.51549,12.50436073,-14.09106346,188.0595497,4061.933305,13.98407649,-11.66640176,121.6360459,3822.156684,,,,
,,,,,,,,17.12411212,-10.58836624,77.24469068,4002.394042,14.15545099,-11.87575492,129.3880866,3955.942541,12.5073904,-14.08887373,188.0168585,4062.502739,13.98788163,-11.66504167,121.5916536,3822.619104,,,,
,,,,,,,,17.15815799,-10.58464465,76.88420049,4005.017772,14.17196121,-11.87203082,129.1920152,3958.07715,12.52253872,-14.08246267,187.8034357,4065.349264,14.00690732,-11.66107674,121.3697182,3824.930358,,,,
,,,,,,,,17.16421059,-10.58290808,76.82013588,4005.482938,14.17489637,-11.87067344,129.157169,3958.456299,12.52523176,-14.0801566,187.7655111,4065.854977,14.01028966,-11.65960908,121.3302764,3825.340809,,,,
,,,,,,,,17.17177634,-10.58219055,76.74007087,4006.063822,14.1785653,-11.8699662,129.1136165,3958.930085,12.52859805,-14.07894377,187.7181135,4066.486967,14.01451759,-11.65885538,121.2809808,3825.853676,,,,
,,,,,,,,17.18546397,-10.5760284,76.59522581,4007.114211,14.18524042,-11.8641296,129.0343831,3959.791934,12.53469946,-14.06896865,187.6322121,4067.632311,14.02220776,-11.65262213,121.1913222,3826.786348,,,,
,,,,,,,,17.19230778,-10.57471388,76.52284545,4007.637176,14.18857798,-11.86284743,128.9947859,3960.222263,12.53775016,-14.06677545,187.5892919,4068.204393,14.02605285,-11.65125575,121.1465169,3827.251908,,,,
,,,,,,,,17.22652684,-10.57102138,76.16098865,4010.249529,14.20526576,-11.85910277,128.7968213,3962.373249,12.55300367,-14.0603544,187.3747242,4071.064153,14.04527828,-11.6472732,120.9225165,3829.57885,,,,
,,,,,,,,17.23261023,-10.56928643,76.09668101,4010.712661,14.20823248,-11.85773647,128.7616386,3962.755303,12.5557154,-14.05804386,187.3365963,4071.572215,14.04869613,-11.64579701,120.8827078,3829.99208,,,,
,,,,,,,,17.24021447,-10.56857397,76.01631235,4011.290997,14.21194088,-11.85702527,128.7176657,3963.232717,12.55910507,-14.05682928,187.2889445,4072.207138,14.05296845,-11.64503991,120.8329537,3830.508419,,,,
,,,,,,,,17.25397113,-10.56244848,75.87092406,4012.336728,14.21868768,-11.85115523,128.6376687,3964.10115,12.56524809,-14.0468392,187.2025931,4073.357658,14.06073913,-11.63877728,120.7424638,3831.447373,,,,
,,,,,,,,17.26084946,-10.56114283,75.79827204,4012.857343,14.22206108,-11.84986589,128.59769,3964.534759,12.5683196,-14.04464284,187.1594481,4073.932321,14.06462447,-11.63740471,120.6972432,3831.916059,,,,
,,,,,,,,17.29524112,-10.55747994,75.43505687,4015.45793,14.23892808,-11.84610081,128.3978183,3966.702132,12.58367715,-14.03821272,186.9437569,4076.804976,14.08405118,-11.63340484,120.4711667,3834.258615,,,,
,,,,,,,,17.30135519,-10.55574662,75.37050768,4015.918958,14.24192666,-11.84472561,128.3622969,3967.087092,12.58640738,-14.03589805,186.9054293,4077.315327,14.08750481,-11.63192016,120.4309892,3834.674612,,,,
,,,,,,,,17.30899778,-10.5550393,75.2898372,4016.494661,14.24567488,-11.84401049,128.3179005,3967.568136,12.58982016,-14.0346819,186.8575281,4077.953109,14.09182186,-11.63115972,120.3807741,3835.194405,,,,
,,,,,,,,17.32282334,-10.54895104,75.1439079,4017.535584,14.25249403,-11.83810719,128.2371344,3968.443155,12.59600433,-14.02467831,186.7707353,4079.108667,14.09967366,-11.62486814,120.2894486,3836.13961,,,,
,,,,,,,,17.32973611,-10.54765439,75.07098533,4018.053777,14.2559036,-11.83681075,128.1967715,3968.880044,12.59909641,-14.0224791,186.7273698,4079.685842,14.10359955,-11.62348947,120.2438105,3836.611406,,,,
,,,,,,,,17.36430001,-10.54402162,74.70641733,4020.642226,14.27295148,-11.83302542,127.9949791,3971.063808,12.61455683,-14.01604082,186.5105765,4082.57105,14.12322904,-11.61947259,120.0156474,3838.969493,,,,
,,,,,,,,17.3704447,-10.54228988,74.64162757,4021.101085,14.27598221,-11.83164131,127.9591163,3971.451674,12.61730534,-14.01372237,186.4720532,4083.083628,14.12671873,-11.61797947,119.975099,3839.388243,,,,
,,,,,,,,17.37812556,-10.54158779,74.56065648,4021.674072,14.27977063,-11.83092231,127.9142934,3971.936348,12.62074099,-14.01250483,186.4239073,4083.724193,14.13108084,-11.61721575,119.9244206,3839.911472,,,,
,,,,,,,,17.39201988,-10.5355373,74.41418832,4022.710041,14.28666278,-11.82498598,127.8327529,3972.817954,12.62696582,-14.00248915,186.3366818,4084.88465,14.13901434,-11.61089565,119.8322554,3840.862892,,,,
,,,,,,,,17.39896704,-10.53424981,74.34099627,4023.225736,14.29010886,-11.82368247,127.792003,3973.258124,12.63007824,-14.00028741,186.2931002,4085.464268,14.14298109,-11.609511,119.7861978,3841.33778,,,,
,,,,,,,,17.43370283,-10.53064766,73.97508075,4025.801679,14.30733925,-11.81987706,127.5882764,3975.458276,12.64564032,-13.9938419,186.0752267,4088.361682,14.16281485,-11.60547742,119.5559376,3843.711309,,,,
,,,,,,,,17.43987808,-10.52891747,73.91005134,4026.258303,14.31040243,-11.81848408,127.5520699,3975.849049,12.64840691,-13.99152,186.0365114,4088.876426,14.16634085,-11.60397593,119.5150167,3844.132794,,,,
,,,,,,,,17.44759715,-10.52822067,73.82878083,4026.828491,14.31423141,-11.81776122,127.5068175,3976.337353,12.65186515,-13.99030124,185.9881258,4089.519696,14.17074835,-11.60320898,119.4638726,3844.659439,,,,
,,,,,,,,17.4615601,-10.52220851,73.68177583,4027.859358,14.32119723,-11.81179208,127.4244971,3977.225543,12.65813016,-13.98027492,185.9004764,4090.684913,14.17876414,-11.59686082,119.3708637,3845.617036,,,,
,,,,,,,,17.46854157,-10.5209303,73.6083153,4028.372483,14.32468015,-11.81048157,127.3833577,3977.668993,12.66126266,-13.97807096,185.8566831,4091.266904,14.18277204,-11.59547029,119.3243847,3846.094996,,,,
,,,,,,,,17.50344894,-10.51735928,73.24105728,4030.93555,14.3420947,-11.80665626,127.1776834,3979.885528,12.67692518,-13.97161911,185.6377513,4094.176175,14.20281151,-11.59142036,119.0920176,3848.483867,,,,
,,,,,,,,17.5096547,-10.51563059,73.17578912,4031.389874,14.34519063,-11.80525442,127.1411309,3980.279206,12.67970963,-13.96929411,185.5988481,4094.693023,14.20637408,-11.58991054,119.0507223,3848.908071,,,,
,,,,,,,,17.51741189,-10.51493916,73.09422029,4031.957181,14.34906053,-11.80452773,127.095446,3980.771138,12.68319019,-13.96807432,185.5502274,4095.338921,14.2108273,-11.58914044,118.9991104,3849.43811,,,,
,,,,,,,,17.53144341,-10.50896583,72.94667972,4032.982804,14.35610067,-11.79852604,127.0123404,3981.665908,12.68949488,-13.95803876,185.4621631,4096.508757,14.21892594,-11.58276471,118.9052541,3850.401841,,,,
,,,,,,,,17.53845917,-10.50769704,72.87295134,4033.493287,14.35962075,-11.79720859,126.9708087,3982.112635,12.69264722,-13.9558329,185.4181625,4097.093051,14.22297526,-11.5813684,118.8583518,3850.882851,,,,
,,,,,,,,17.57353797,-10.50415764,72.50435396,4036.043122,14.37722111,-11.79336356,126.7631736,3984.345541,12.70840894,-13.94937561,185.1981946,4100.013828,14.24322187,-11.57730247,118.6238684,3853.286957,,,,
,,,,,,,,17.5797742,-10.50243037,72.43884761,4036.495082,14.38035006,-11.79195288,126.7262727,3984.742122,12.71121103,-13.94704785,185.1591073,4100.532718,14.24682127,-11.5757844,118.5821971,3853.713861,,,,
,,,,,,,,17.58756949,-10.5017444,72.35698116,4037.059429,14.38426125,-11.79122241,126.6801524,3985.237679,12.71471363,-13.94582719,185.1102566,4101.181166,14.25132051,-11.57501121,118.5301152,3854.247268,,,,
,,,,,,,,17.60166956,-10.49581038,72.20890586,4038.079668,14.39137637,-11.78518842,126.5962565,3986.139023,12.7210575,-13.93578382,185.0217862,4102.355481,14.25950256,-11.5686084,118.4354079,3855.217088,,,,
,,,,,,,,17.60871959,-10.49455114,72.13491005,4038.587438,14.39493393,-11.78386409,126.55433,3986.589024,12.72422943,-13.93357635,184.9775828,4102.942007,14.26359358,-11.56720644,118.3880805,3855.701125,,,,
,,,,,,,,17.64396975,-10.49104384,71.76497538,4041.12369,14.41272173,-11.77999955,126.344721,3988.838284,12.74008909,-13.92711453,184.756601,4105.873938,14.28404871,-11.56312488,118.1514719,3858.12035,,,,
,,,,,,,,17.65023645,-10.48931793,71.69923119,4041.573223,14.415884,-11.77858005,126.3074694,3989.237764,12.74290859,-13.92478434,184.7173336,4106.394807,14.28768517,-11.56159862,118.109423,3858.549931,,,,
,,,,,,,,17.65806982,-10.48863747,71.61706758,4042.134533,14.41983685,-11.77784583,126.2609108,3989.736942,12.74643296,-13.92356299,184.6682578,4107.045727,14.29223075,-11.56082241,118.0568693,3859.086682,,,,
,,,,,,,,17.67223845,-10.48274324,71.46845798,4043.149249,14.42702759,-11.77177983,126.1762194,3990.644851,12.75281549,-13.91351321,184.5793902,4108.224379,14.30049675,-11.55439305,117.9613076,3860.062539,,,,
,,,,,,,,17.67932276,-10.48149367,71.39419494,4043.654238,14.43062296,-11.77044868,126.1338955,3991.098121,12.75600676,-13.91130444,184.5349885,4108.813066,14.30462974,-11.55298556,117.9135533,3860.549579,,,,
,,,,,,,,17.71474433,-10.47801896,71.022924,4046.176561,14.44859981,-11.76656484,125.9222999,3993.363711,12.77196309,-13.90483896,184.313015,4111.755799,14.32529472,-11.54888874,117.6748111,3862.983795,,,,
,,,,,,,,17.7210415,-10.4762943,70.95694216,4046.623607,14.4517957,-11.76513656,125.8846953,3993.766087,12.77479978,-13.90250669,184.2735714,4112.278584,14.32896849,-11.54735436,117.6323831,3863.416031,,,,
,,,,,,,,17.72891296,-10.47561942,70.8744816,4047.181802,14.45579056,-11.76439863,125.8376956,3994.26888,12.77834563,-13.90128482,184.2242755,4112.931898,14.33356071,-11.5465752,117.5793557,3863.956097,,,,
,,,,,,,,17.74315017,-10.46976544,70.72533799,4048.190857,14.46305756,-11.7583009,125.7522036,3995.183343,12.78476632,-13.89123,184.1350197,4114.114745,14.34191117,-11.54011985,117.4829365,3864.937938,,,,
,,,,,,,,17.75026877,-10.46852567,70.65080786,4048.692995,14.46669107,-11.756963,125.7094798,3995.639876,12.78797666,-13.88902024,184.0904241,4114.705524,14.34608639,-11.53870695,117.4347539,3865.427953,,,,
,,,,,,,,17.7858618,-10.46508403,70.27820133,4051.201045,14.48485858,-11.75306009,125.495885,3997.921766,12.80402839,-13.88255198,183.8674813,4117.658706,14.36696253,-11.53459528,117.1938703,3867.877025,,,,
,,,,,,,,17.79218945,-10.46336052,70.21198194,4051.645542,14.48808836,-11.75162304,125.4579251,3998.327032,12.80688203,-13.88021795,183.8278655,4118.183344,14.37067384,-11.53305286,117.1510618,3868.311892,,,,
,,,,,,,,17.80009901,-10.46269129,70.12922459,4052.200545,14.49212559,-11.75088144,125.4104815,3998.833434,12.81044908,-13.87899572,183.7783544,4118.838974,14.37531299,-11.53227083,117.0975588,3868.855243,,,,
,,,,,,,,17.8144049,-10.45687799,69.97954653,4053.203806,14.4994695,-11.7447523,125.3241841,3999.754438,12.81690741,-13.86893723,183.6887193,4120.025876,14.38374841,-11.52579005,117.0002793,3869.84301,,,,
,,,,,,,,17.82155784,-10.45564814,69.90474908,4053.703027,14.50314146,-11.74340773,125.2810579,4000.214226,12.82013658,-13.86672677,183.6439342,4120.618675,14.38796612,-11.52437188,116.9516668,3870.33597,,,,
,,,,,,,,17.85732256,-10.45224004,69.53080581,4056.196468,14.52150123,-11.73948599,125.0654515,4002.512381,12.83628241,-13.8602566,183.4200443,4123.581953,14.40905467,-11.52024576,116.7086345,3872.799751,,,,
,,,,,,,,17.86368073,-10.45051756,69.46434868,4056.638356,14.52476519,-11.7380402,125.0271343,4002.92053,12.83915278,-13.85792115,183.3802603,4124.108383,14.41280374,-11.51869537,116.6654442,3873.237223,,,,
,,,,,,,,17.87162844,-10.44985405,69.38129427,4057.190094,14.52884514,-11.73729498,124.9792441,4003.430532,12.84274074,-13.85669873,183.3305389,4124.76625,14.41749009,-11.51791055,116.6114642,3873.783825,,,,
,,,,,,,,17.8860031,-10.44408186,69.23108117,4058.187426,14.53626659,-11.73113475,124.8921364,4004.358059,12.8492362,-13.84663791,183.2405334,4125.957065,14.42601096,-11.51140494,116.5133216,3874.777457,,,,
,,,,,,,,17.89319043,-10.44286204,69.15601611,4058.683663,14.53997731,-11.72978359,124.8486054,4004.821095,12.85248393,-13.84442705,183.1955632,4126.551815,14.43027139,-11.50998163,116.464278,3875.273331,,,,
,,,,,,,,17.92912708,-10.43948797,68.78073462,4061.16216,14.55853093,-11.72584325,124.6309755,4007.135471,12.86872257,-13.83795582,182.9707486,4129.524839,14.45157357,-11.5058415,116.2190903,3877.751664,,,,
,,,,,,,,17.93551582,-10.43776639,68.71403946,4061.60138,14.56182935,-11.72438877,124.5922987,4007.546495,12.87160944,-13.83561926,182.9308002,4130.052998,14.45536062,-11.50428323,116.1755171,3878.191714,,,,
,,,,,,,,17.94350174,-10.43710865,68.63068768,4062.149777,14.56595238,-11.72363998,124.5439591,4008.060089,12.87521802,-13.83439681,182.8808735,4130.713024,14.46009444,-11.5034957,116.1210585,3878.741532,,,,
,,,,,,,,17.95794532,-10.43137798,68.47993851,4063.141049,14.57345199,-11.717449,124.4560364,4008.994119,12.88175009,-13.824335,182.7905064,4131.907613,14.46870122,-11.49696587,116.0220504,3879.740961,,,,
,,,,,,,,17.96516711,-10.43016831,68.40460531,4063.634236,14.57720179,-11.71609133,124.4120983,4009.460393,12.88501612,-13.82212402,182.7453556,4132.504244,14.47300461,-11.49553757,115.9725745,3880.239717,,,,
,,,,,,,,18.00127605,-10.42682874,68.02798301,4066.097458,14.59595081,-11.71213266,124.1924331,4011.79094,12.90134628,-13.81565257,182.5196382,4135.486663,14.49452157,-11.49138387,115.7252255,3882.732434,,,,
,,,,,,,,18.00769541,-10.4251079,67.96104937,4066.533951,14.59928397,-11.71066952,124.1533947,4012.204831,12.90424942,-13.81331522,182.4795294,4136.016488,14.4983468,-11.48981781,115.6812682,3883.175031,,,,
,,,,,,,,18.01571962,-10.42445602,67.87739962,4067.078933,14.60345042,-11.7099172,124.1046031,4012.722003,12.90787834,-13.8120929,182.4294023,4136.678596,14.50312835,-11.48902765,115.6263297,3883.728028,,,,
,,,,,,,,18.03023229,-10.41876725,67.72611293,4068.064015,14.6110288,-11.70369584,124.0158609,4013.662516,12.9144463,-13.80203169,182.3386851,4137.876785,14.51182149,-11.48247425,115.526454,3884.733184,,,,
,,,,,,,,18.03748863,-10.41756785,67.65051086,4068.554087,14.61481799,-11.70233174,123.9715133,4014.132016,12.91773028,-13.79982095,182.2933595,4138.475209,14.51616805,-11.48104111,115.4765447,3885.234785,,,,
,,,,,,,,18.0737703,-10.41426325,67.27254405,4071.001708,14.63376396,-11.69835501,123.7498014,4016.478676,12.93415017,-13.7933503,182.0667679,4141.466588,14.53790089,-11.4768743,115.2270291,3887.741708,,,,
,,,,,,,,18.08022038,-10.412543,67.20537127,4071.435415,14.63713213,-11.69688325,123.7103993,4016.895424,12.93706926,-13.79101255,182.0265038,4141.998003,14.54176451,-11.47530053,115.1826868,3888.18682,,,,
,,,,,,,,18.08828297,-10.41189702,67.12142274,4071.976911,14.64134234,-11.69612745,123.6611533,4017.416163,12.94071813,-13.78979056,181.9761826,4142.662095,14.54659403,-11.47450783,115.1272672,3888.742957,,,,
,,,,,,,,18.10286496,-10.40625053,66.96959662,4072.955675,14.64900011,-11.6898761,123.5715871,4018.363131,12.94732147,-13.77973122,181.885124,4143.863746,14.55537394,-11.46793153,115.0265221,3889.753764,,,,
,,,,,,,,18.11015595,-10.40506151,66.89372473,4073.442566,14.652829,-11.68850566,123.5268279,4018.835844,12.95062314,-13.77752098,181.8396279,4144.463895,14.55976389,-11.4664937,114.9761784,3890.258172,,,,
,,,,,,,,18.14661091,-10.40179236,66.51440864,4075.874264,14.67197343,-11.68451115,123.3030581,4021.198554,12.96713148,-13.77105194,181.6121838,4147.463891,14.58171366,-11.46231426,114.7244915,3892.779112,,,,
,,,,,,,,18.15309179,-10.40007253,66.44699585,4076.305128,14.67537688,-11.68303083,123.2632904,4021.618146,12.9700663,-13.7687141,181.5717682,4147.996834,14.58561584,-11.46073289,114.6797635,3893.226705,,,,
,,,,,,,,18.16119289,-10.39943252,66.36274747,4076.843066,14.6796312,-11.68227161,123.2135875,4022.142437,12.97373482,-13.76749257,181.5212578,4148.662835,14.59049357,-11.45993775,114.6238618,3893.785939,,,,
,,,,,,,,18.17584447,-10.39382866,66.21037934,4077.815385,14.68736895,-11.67599066,123.1231929,4023.095833,12.98037303,-13.75743635,181.4298663,4149.867811,14.59936064,-11.45333923,114.5222457,3894.802317,,,,
,,,,,,,,18.18317026,-10.39265013,66.13423632,4078.299033,14.69123783,-11.67461398,123.07802,4023.571745,12.98369213,-13.7552269,181.384204,4150.469617,14.60379418,-11.45189687,114.4714669,3895.309492,,,,
,,,,,,,,18.21979922,-10.3894169,65.75356443,4080.714494,14.71058222,-11.67060198,122.8521817,4025.950431,13.00028766,-13.74876026,181.1559288,4153.477889,14.62596186,-11.44770529,114.2176048,3897.844248,,,,
,,,,,,,,18.22631103,-10.38769728,65.68591048,4081.142459,14.71402122,-11.66911313,122.8120465,4026.372854,13.00323797,-13.74642261,181.1153656,4154.012301,14.62990279,-11.44611643,114.1724903,3898.294286,,,,
,,,,,,,,18.2344508,-10.3870633,65.6013608,4081.676767,14.71831997,-11.66835055,122.7618843,4026.90068,13.00692586,-13.74520171,181.0646707,4154.680136,14.63482894,-11.44531892,114.1161056,3898.856572,,,,
,,,,,,,,18.24917225,-10.38150244,65.44844815,4082.642514,14.7261383,-11.66204043,122.6706573,4027.860473,13.01359843,-13.73514983,180.9729549,4155.888302,14.64378328,-11.43869911,114.0136203,3899.878407,,,,
,,,,,,,,18.25653298,-10.3803345,65.37203276,4083.122856,14.73004747,-11.6606576,122.6250684,4028.339566,13.01693471,-13.73294143,180.9271305,4156.491696,14.64826045,-11.43725243,113.9624073,3900.388292,,,,
,,,,,,,,18.2933366,-10.37713768,64.98999878,4085.521758,14.74959328,-11.65662843,122.3971513,4030.734148,13.03361613,-13.72647796,180.6980456,4159.507908,14.67064632,-11.43304933,113.7063745,3902.936575,,,,
,,,,,,,,18.29987947,-10.37541806,64.92210254,4085.946768,14.7530681,-11.65513111,122.3566467,4031.159388,13.03658172,-13.72414082,180.6573386,4160.043727,14.67462603,-11.43145314,113.6608743,3903.389007,,,,
,,,,,,,,18.30805806,-10.37479017,64.83725017,4086.477376,14.75741161,-11.65436522,122.3060229,4031.690731,13.0402887,-13.72292068,180.6064638,4160.713321,14.67960066,-11.4306534,113.6040076,3903.95428,,,,
,,,,,,,,18.32284972,-10.36927264,64.6837898,4087.436427,14.76531109,-11.64802637,122.2139596,4032.656884,13.04699512,-13.71287434,180.5144322,4161.924543,14.68864288,-11.42401284,113.5006491,3904.981513,,,,
,,,,,,,,18.33024555,-10.36811541,64.60710042,4087.913398,14.76926082,-11.6466375,122.1679529,4033.139143,13.05034833,-13.71066725,180.46845,4162.52946,14.69316399,-11.42256195,113.4489999,3905.494078,,,,
,,,,,,,,18.3672247,-10.36495548,64.22369631,4090.29543,14.78900951,-11.64259148,121.9379471,4035.54953,13.06711437,-13.70420772,180.2385763,4165.553277,14.71576954,-11.41834776,113.1907866,3908.055739,,,,
,,,,,,,,18.37379877,-10.36323563,64.15555636,4090.717427,14.79252039,-11.64108574,121.8970714,4035.977571,13.070095,-13.70187136,180.1977292,4166.090445,14.71978831,-11.41674428,113.1448989,3908.510538,,,,
,,,,,,,,18.38201636,-10.3626139,64.0703995,4091.244266,14.79690899,-11.64031661,121.8459838,4036.512411,13.07382079,-13.70065213,180.1466793,4166.761722,14.72481177,-11.41594239,113.0875481,3909.078766,,,,
,,,,,,,,18.39687858,-10.35714002,63.91638802,4092.196494,14.80489017,-11.63394949,121.7530803,4037.484887,13.08056047,-13.69061263,180.0543412,4167.975854,14.73394218,-11.40928184,112.9833158,3910.111302,,,,
,,,,,,,,18.40430969,-10.3559936,63.83942295,4092.670034,14.80888077,-11.63255469,121.7066539,4037.97029,13.08393032,-13.68840712,180.008206,4168.58222,14.73850738,-11.40782694,112.9312301,3910.626499,,,,
,,,,,,,,18.44146525,-10.35287105,63.45464021,4095.034879,14.82883373,-11.62849216,121.4745499,4040.396385,13.10077952,-13.68195236,179.7775672,4171.613274,14.76133341,-11.40360218,112.6708347,3913.2013,,,,
,,,,,,,,18.44807069,-10.35115074,63.38625502,4095.45381,14.83238093,-11.62697806,121.4333014,4040.827209,13.10377494,-13.67961709,179.7365841,4172.151725,14.76539137,-11.40199155,112.6245594,3913.658425,,,,
,,,,,,,,18.45632748,-10.35053522,63.30079179,4095.976808,14.83681492,-11.62620575,121.381748,4041.365524,13.10751921,-13.67839893,179.6853643,4172.824605,14.77046382,-11.4011876,112.566724,3914.229554,,,,
,,,,,,,,18.47126069,-10.34510531,63.1462251,4096.922092,14.84487836,-11.61981084,121.2880007,4042.344279,13.11429165,-13.6683674,179.5927281,4174.041515,14.77968271,-11.39450787,112.4616177,3915.267294,,,,
,,,,,,,,18.47872729,-10.34396981,63.0689823,4097.392137,14.84891009,-11.61841022,121.2411528,4042.832806,13.11767788,-13.66616373,179.5464439,4174.649264,14.78429215,-11.39304912,112.4090954,3915.785074,,,,
,,,,,,,,18.51606031,-10.34088514,62.68281068,4099.739489,14.8690687,-11.61433154,121.0069418,4045.274501,13.134609,-13.65971446,179.3150604,4177.68723,14.80733937,-11.38881436,112.1465173,3918.372767,,,,
,,,,,,,,18.52269729,-10.3391641,62.61417842,4100.155296,14.87265246,-11.61280915,120.9653188,4045.708089,13.13761898,-13.65738056,179.273945,4178.226906,14.81143665,-11.3871967,112.0998541,3918.832172,,,,
,,,,,,,,18.53099352,-10.33855485,62.52840655,4100.674386,14.87713215,-11.61203373,120.9132975,4046.249854,13.14138145,-13.65616359,179.2225599,4178.901317,14.81655826,-11.38639081,112.0415341,3919.406146,,,,
,,,,,,,,18.54599812,-10.33316921,62.3732806,4101.612601,14.88527839,-11.60561153,120.8187031,4047.234843,13.14818625,-13.64614103,179.1296324,4180.120891,14.82586587,-11.37969271,111.935554,3920.448986,,,,
,,,,,,,,18.55350042,-10.33204474,62.29575804,4102.079089,14.88935151,-11.60420521,120.771432,4047.726471,13.15158865,-13.64393943,179.0832027,4180.729967,14.83051968,-11.37823031,111.8825951,3920.969296,,,,
,,,,,,,,18.59101194,-10.32899845,61.90818739,4104.408633,14.90971711,-11.60011074,120.5351054,4050.183648,13.16860066,-13.63749627,178.8510919,4183.774559,14.85378872,-11.37398613,111.6178346,3923.569619,,,,
,,,,,,,,18.59768065,-10.32727641,61.83930626,4104.821262,14.91333766,-11.59858012,120.4931067,4050.61998,13.17162502,-13.63516398,178.8098473,4184.31541,14.85792544,-11.37236156,111.5707836,3924.031258,,,,
,,,,,,,,18.60601654,-10.32667349,61.75322348,4105.336373,14.91786335,-11.59780166,120.4406156,4051.16517,13.17540546,-13.63394832,178.7583007,4184.991288,14.86309634,-11.37155383,111.511979,3924.608019,,,,
,,,,,,,,18.62109305,-10.32133243,61.5975333,4106.267396,14.9260929,-11.59135271,120.3451709,4052.156342,13.18224204,-13.62393595,178.6650911,4186.213383,14.87249263,-11.36483841,111.4051286,3925.655818,,,,
,,,,,,,,18.62863131,-10.32021909,61.51972847,4106.730267,14.93020768,-11.5899408,120.2974751,4052.651044,13.18566033,-13.62173667,178.6185205,4186.823714,14.87719077,-11.36337259,111.3517349,3926.178588,,,,
,,,,,,,,18.66632258,-10.31721168,61.1307463,4109.041698,14.95078156,-11.58583092,120.059025,4055.123579,13.20275178,-13.6153004,178.3857053,4189.874575,14.9006815,-11.3591197,111.084801,3928.791189,,,,
,,,,,,,,18.67302325,-10.31548834,61.06161406,4109.451094,14.95443913,-11.58429216,120.0166489,4055.562631,13.20579026,-13.61297001,178.3443355,4190.416538,14.90485763,-11.35748842,111.0373639,3929.254999,,,,
,,,,,,,,18.68139909,-10.31489181,60.9752176,4109.962158,14.95901111,-11.58351073,119.9636864,4056.111217,13.20958836,-13.61175581,178.2926325,4191.093803,14.91007779,-11.35667899,110.9780767,3929.83447,,,,
,,,,,,,,18.69654802,-10.30959559,60.81895799,4110.885868,14.96732447,-11.57703557,119.8673884,4057.108518,13.21645623,-13.6017547,178.1991487,4192.318294,14.91956295,-11.34994711,110.8703568,3930.887114,,,,
,,,,,,,,18.70412249,-10.30849349,60.7408683,4111.34506,14.97148115,-11.57561821,119.8192664,4057.606269,13.21989017,-13.59955796,178.1524412,4192.929817,14.92430552,-11.34847807,110.8165288,3931.412287,,,,
,,,,,,,,18.74199482,-10.30552549,60.35046158,4113.63807,14.99226456,-11.57149333,119.5786856,4060.094023,13.23705984,-13.59312927,177.9189411,4195.986634,14.94801841,-11.34421708,110.5474237,3934.036878,,,,
,,,,,,,,18.74872768,-10.30380053,60.28107593,4114.044178,14.99595939,-11.56994648,119.5359309,4060.535771,13.24011223,-13.59080103,177.8774497,4196.529652,14.95223403,-11.34257923,110.4996007,3934.502809,,,,
,,,,,,,,18.75714376,-10.30321046,60.19436289,4114.551128,15.00057792,-11.56916216,119.4824952,4061.087722,13.24392771,-13.58958842,177.8255946,4197.208236,14.95750356,-11.34176821,110.4398314,3935.084924,,,,
,,,,,,,,18.77236566,-10.29795937,60.03752841,4115.467401,15.00897558,-11.56266138,119.3853413,4062.091095,13.25082639,-13.57959959,177.7318444,4198.434998,14.96707773,-11.33502077,110.3312434,3936.142294,,,,
,,,,,,,,18.77997661,-10.2968686,59.95915114,4115.922851,15.01317441,-11.5612387,119.3367917,4062.591864,13.25427573,-13.57740563,177.6850037,4199.047651,14.97186482,-11.33354872,110.2769817,3936.66981,,,,
,,,,,,,,18.81803137,-10.29394054,59.56730628,4118.197131,15.03416855,-11.55709921,119.0940734,4065.094691,13.27152243,-13.57098517,177.4508383,4202.110113,14.99580024,-11.32928025,110.0057084,3939.306092,,,,
,,,,,,,,18.82479666,-10.29221363,59.49766478,4118.599896,15.03790084,-11.55554438,119.050939,4065.539109,13.27458851,-13.56865933,177.4092286,4202.654132,15.00005543,-11.32763598,109.9575002,3939.77409,,,,
,,,,,,,,18.83325328,-10.29163006,59.41063215,4119.102661,15.04256621,-11.55475724,118.9970287,4066.094393,13.27842111,-13.56744842,177.3572257,4203.333965,15.00537441,-11.32682349,109.8972494,3940.358784,,,,
,,,,,,,,18.84854876,-10.28642437,59.25321668,4120.011376,15.05104862,-11.54823143,118.8990165,4067.103775,13.28535012,-13.55747289,177.2632167,4204.562875,15.0150376,-11.32006149,109.7877962,3941.420741,,,,
,,,,,,,,18.8561965,-10.28534505,59.17454875,4120.463024,15.05528982,-11.54680357,118.850038,4067.607531,13.28881463,-13.55528193,177.2162468,4205.176597,15.0198692,-11.31858665,109.7331023,3941.950531,,,,
,,,,,,,,18.89443522,-10.28245746,58.7812504,4122.718268,15.07649585,-11.54264991,118.6051762,4070.125273,13.30613716,-13.54887036,176.981435,4208.244398,15.04402717,-11.3143114,109.4596681,3944.598159,,,,
,,,,,,,,18.90123321,-10.28072823,58.71135032,4123.117636,15.08026581,-11.54108717,118.5616609,4070.572332,13.30921672,-13.54654715,176.9397105,4208.789363,15.04832192,-11.31266087,109.411076,3945.068163,,,,
,,,,,,,,18.9097307,-10.28015125,58.62399469,4123.616148,15.08497826,-11.5402973,118.5072746,4071.130914,13.31306617,-13.54533807,176.8875641,4209.470377,15.05369036,-11.31184704,109.3503455,3945.655358,,,,
,,,,,,,,18.92510042,-10.2749912,58.46599162,4124.517183,15.09354587,-11.53374708,118.4084019,4072.146238,13.32002504,-13.53537682,176.7933039,4210.701315,15.06344277,-11.30507134,109.2400277,3946.721788,,,,
,,,,,,,,18.93278528,-10.27392343,58.38702974,4124.964968,15.09782967,-11.53231418,118.3589936,4072.652947,13.32350447,-13.53318908,176.7462084,4211.316046,15.06831897,-11.3035939,109.1849019,3947.253792,,,,
,,,,,,,,18.97120959,-10.27107686,57.99226137,4127.200869,15.11924869,-11.5281468,118.1119827,4075.185436,13.34090165,-13.52678701,176.5107691,4214.388884,15.0927,-11.29931248,108.9093086,3949.912475,,,,
,,,,,,,,18.97804058,-10.26934494,57.92209977,4127.596785,15.12305652,-11.52657624,118.0680856,4075.635107,13.34399448,-13.52446668,176.4689331,4214.934742,15.09703441,-11.29765583,108.8603328,3950.384431,,,,
,,,,,,,,18.98657931,-10.26877459,57.83441747,4128.090976,15.1278163,-11.52578373,118.0132222,4076.196948,13.34786052,-13.52325954,176.4166474,4215.61687,15.10245241,-11.29684079,108.7991229,3950.974063,,,,
,,,,,,,,19.00202393,-10.26366045,57.67582016,4128.984207,15.13646952,-11.51920975,117.913487,4077.218143,13.35484878,-13.51331353,176.3221433,4216.849716,15.11229409,-11.29005234,108.687943,3952.044829,,,,
,,,,,,,,19.00974624,-10.26260433,57.59656101,4129.428066,15.14079613,-11.51777196,117.8636479,4077.727769,13.35834291,-13.51112921,176.274926,4217.465396,15.11721493,-11.28857253,108.6323864,3952.578982,,,,
,,,,,,,,19.04835778,-10.25979935,57.20030599,4131.644313,15.16242917,-11.51359132,117.6144834,4080.274826,13.37581356,-13.50473726,176.0388777,4220.542974,15.14181914,-11.2842856,108.3546401,3955.248381,,,,
,,,,,,,,19.05522206,-10.25806434,57.12987991,4132.036721,15.16627505,-11.51201303,117.5702035,4080.727075,13.37891946,-13.50242004,175.9969335,4221.089671,15.14619322,-11.282623,108.3052817,3955.72223,,,,
,,,,,,,,19.0638024,-10.25750069,57.04186724,4132.526521,15.17108239,-11.51121796,117.5148619,4081.292136,13.38280182,-13.50121495,175.9445125,4221.772848,15.15166082,-11.28180686,108.2435937,3956.314223,,,,
,,,,,,,,19.07932264,-10.25243269,56.88266835,4133.411825,15.17982162,-11.5046209,117.4142628,4082.319125,13.38981895,-13.49128521,175.8497728,4223.007473,15.16159166,-11.27500676,108.1315558,3957.389173,,,,
,,,,,,,,19.08708277,-10.25138834,56.80310823,4133.851697,15.18419123,-11.50317837,117.363992,4082.831631,13.39332751,-13.48910454,175.8024378,4223.624037,15.16655708,-11.27352481,108.0755707,3957.925397,,,,
,,,,,,,,19.12588337,-10.24862552,56.40534816,4136.04798,15.2060393,-11.49898494,117.1126698,4085.393063,13.41087032,-13.48272337,175.565801,4226.706032,15.19138419,-11.26923311,107.7956817,3960.605129,,,,
,,,,,,,,19.13278126,-10.246887,56.33465431,4136.436825,15.2099234,-11.49739904,117.0680066,4085.847859,13.41398904,-13.4804095,175.5237521,4227.253512,15.1957979,-11.26756474,107.7459426,3961.080803,,,,
,,,,,,,,19.14140361,-10.2463301,56.24630719,4136.922165,15.21477852,-11.4966015,117.0121859,4086.416096,13.41788745,-13.47920657,175.4712005,4227.937665,15.20131503,-11.26674765,107.6837788,3961.675072,,,,
,,,,,,,,19.15700026,-10.24130849,56.08649884,4137.799419,15.22360413,-11.48998205,116.9107215,4087.448799,13.42493298,-13.46929401,175.3762323,4229.173953,15.21133501,-11.25993689,107.5708862,3962.754061,,,,
,,,,,,,,19.16479858,-10.24027601,56.00663383,4138.235242,15.22801693,-11.48853494,116.8600185,4087.964143,13.42845574,-13.46711718,175.3287831,4229.791344,15.216345,-11.25845304,107.514474,3963.292283,,,,
,,,,,,,,19.20379018,-10.23755594,55.60734902,4140.411251,15.25008093,-11.48432922,116.6065354,4090.539749,13.44606957,-13.46074738,175.0915756,4232.877468,15.24139495,-11.25415727,107.2324504,3965.981986,,,,
,,,,,,,,19.21072202,-10.23581346,55.53638391,4140.796477,15.25400342,-11.48273581,116.5614882,4090.997053,13.44920092,-13.45843707,175.0494254,4233.425679,15.24584827,-11.25248331,107.182332,3966.459421,,,,
,,,,,,,,19.21938682,-10.23526338,55.44769797,4141.277289,15.25890653,-11.4819359,116.5051877,4091.568422,13.4531151,-13.45723641,174.996747,4234.110745,15.25141493,-11.2516654,107.1196942,3967.055885,,,,
,,,,,,,,19.23506067,-10.23028838,55.28727201,4142.146367,15.26781859,-11.47529497,116.40286,4092.606723,13.46018853,-13.44734199,174.9015581,4235.348572,15.26152398,-11.24484502,107.0059505,3968.138764,,,,
,,,,,,,,19.2428976,-10.22926788,55.20709802,4142.578078,15.27227462,-11.4738435,116.3517258,4093.124848,13.46372525,-13.44516922,174.8539987,4235.966729,15.26657851,-11.2433595,106.9491131,3968.678909,,,,
,,,,,,,,19.28208222,-10.22659117,54.80626805,4144.733499,15.29455476,-11.46962612,116.0960869,4095.714335,13.48140883,-13.43881138,174.61624,4239.056673,15.29185114,-11.23906038,106.6649638,3971.378207,,,,
,,,,,,,,19.28904837,-10.22484425,54.73502803,4145.11505,15.29851568,-11.46802535,116.0506567,4096.174096,13.48455257,-13.43650487,174.5739918,4239.60556,15.29634405,-11.237381,106.6144677,3971.857336,,,,
,,,,,,,,19.29775606,-10.22430107,54.64599873,4145.591263,15.30346682,-11.46722319,115.9938775,4096.748532,13.48848226,-13.4353066,174.521191,4240.29147,15.30196019,-11.2365624,106.5513579,3972.455912,,,,
,,,,,,,,19.31350797,-10.21937289,54.48494646,4146.452041,15.31246564,-11.46056154,115.890686,4097.792341,13.49558314,-13.42543116,174.4257884,4241.530726,15.31215812,-11.22973352,106.4367682,3973.542515,,,,
,,,,,,,,19.32138393,-10.21836448,54.40445915,4146.879577,15.31696505,-11.45910586,115.8391202,4098.3132,13.49913359,-13.42326263,174.3781222,4242.149591,15.31725709,-11.22824658,106.3795082,3974.084502,,,,
,,,,,,,,19.3607637,-10.21573176,54.00206226,4149.014094,15.33946211,-11.45487735,115.5813241,4100.916342,13.5168858,-13.41691731,174.1398295,4245.243076,15.34275192,-11.22394487,106.093246,3976.792983,,,,
,,,,,,,,19.36776455,-10.21397989,53.93054347,4149.391914,15.34346159,-11.45326935,115.5355105,4101.37852,13.52004175,-13.41461479,174.0974864,4245.79259,15.34728433,-11.22226028,106.0423744,3977.273732,,,,
,,,,,,,,19.37651561,-10.21344367,53.84116598,4149.863457,15.34846094,-11.45246504,115.4782523,4101.955972,13.52398669,-13.413419,174.044567,4246.479283,15.35294985,-11.22144113,105.9787955,3977.874328,,,,
,,,,,,,,19.39234649,-10.20856254,53.67947817,4150.71581,15.35754681,-11.44578343,115.3741967,4103.005193,13.53111459,-13.40356339,173.9489575,4247.719855,15.36323662,-11.21460476,105.8633631,3978.964507,,,,
,,,,,,,,19.40026193,-10.20756632,53.59867291,4151.139107,15.36208975,-11.44432374,115.3221992,4103.528739,13.53467854,-13.40139928,173.9011878,4248.339375,15.36838,-11.21311662,105.8056821,3979.508261,,,,
,,,,,,,,19.43983913,-10.20497823,53.19468601,4153.252403,15.38480443,-11.44008464,115.062245,4106.145296,13.55249829,-13.39506701,173.6623782,4251.436125,15.39409692,-11.20881303,105.5173153,3982.225552,,,,
,,,,,,,,19.44687508,-10.2032209,53.12288432,4153.626436,15.38884259,-11.43846953,115.0160481,4106.609848,13.55566625,-13.39276869,173.6199432,4251.986217,15.39866881,-11.20712339,105.4660698,3982.707855,,,,
,,,,,,,,19.45567001,-10.20269169,53.03315351,4154.093238,15.3938903,-11.43766317,114.9583107,4107.190263,13.55962619,-13.39157548,173.566909,4252.673631,15.40438369,-11.20630383,105.4020235,3983.310388,,,,
,,,,,,,,19.47158083,-10.19785781,52.87082039,4154.937038,15.40306375,-11.43096221,114.8533879,4108.244827,13.56678068,-13.38174049,173.4710992,4253.915412,15.41475902,-11.19946111,105.2857543,3984.403969,,,,
,,,,,,,,19.47953623,-10.19687391,52.78969228,4155.356033,15.40765047,-11.42949863,114.8009572,4108.771026,13.57035792,-13.37958097,173.4232295,4254.535531,15.41994668,-11.19797205,105.2276553,3984.949402,,,,
,,,,,,,,19.51931327,-10.19433109,52.38409088,4157.447788,15.43058409,-11.42524938,114.5388375,4111.400824,13.58824412,-13.37326228,173.1839196,4257.635276,15.44588501,-11.19366736,104.9371986,3987.675068,,,,
,,,,,,,,19.52638474,-10.19256773,52.31200195,4157.817977,15.43466118,-11.42362723,114.4922557,4111.867718,13.59142389,-13.37096833,173.1413957,4258.185898,15.45049627,-11.19197288,104.8855817,3988.158848,,,,
,,,,,,,,19.53522408,-10.19204562,52.22191238,4158.279966,15.43975754,-11.42281891,114.4340375,4112.451057,13.5953986,-13.3697778,173.0882504,4258.873973,15.45626035,-11.19115306,104.8210713,3988.76322,,,,
,,,,,,,,19.55121583,-10.18725919,52.05892378,4159.115086,15.44901851,-11.41609962,114.3282511,4113.510827,13.60257929,-13.35996414,172.9922462,4260.116866,15.46672403,-11.18430511,104.7039707,3989.860035,,,,
,,,,,,,,19.5592117,-10.18628771,51.97746775,4159.529713,15.45364899,-11.41463239,114.275389,4114.03961,13.60616963,-13.35780937,172.9442793,4260.737537,15.47195587,-11.18281536,104.6454561,3990.407064,,,,
,,,,,,,,19.59919106,-10.18379085,51.57022643,4161.599604,15.47680142,-11.41037369,114.0111126,4116.682306,13.62412135,-13.3515047,172.7044837,4263.840033,15.49811508,-11.17851033,104.3529225,3993.140683,,,,
,,,,,,,,19.60629851,-10.18202088,51.49784573,4161.96589,15.48091741,-11.40874469,113.9641476,4117.151483,13.62731277,-13.34921531,172.6618735,4264.391142,15.50276561,-11.17681121,104.3009366,3993.625865,,,,
,,,,,,,,19.61518281,-10.18150593,51.40739177,4162.422995,15.4860624,-11.40793454,113.9054505,4117.737668,13.63130204,-13.34802752,172.6086203,4265.079824,15.50857876,-11.17599127,104.235965,3994.231984,,,,
,,,,,,,,19.63125655,-10.17676713,51.24373694,4163.249303,15.49541108,-11.40119776,113.7988013,4118.802534,13.63850845,-13.33823605,172.5124289,4266.323713,15.51913047,-11.16913927,104.1180393,3995.331851,,,,
,,,,,,,,19.63929341,-10.17580819,51.16194761,4163.659498,15.50008543,-11.39972707,113.7455082,4119.333846,13.64211166,-13.33608621,172.4643685,4266.944877,15.52440632,-11.1676491,104.0591126,3995.880385,,,,
,,,,,,,,19.67947775,-10.173358,50.75303949,4165.707196,15.52345714,-11.39545951,113.479077,4121.989162,13.66012768,-13.3297961,172.2241052,4270.049837,15.55078558,-11.16334454,103.7645183,3998.621504,,,,
,,,,,,,,19.68662163,-10.1715808,50.68036222,4166.069521,15.52761211,-11.39382381,113.4317292,4122.460571,13.66333053,-13.32751145,172.1814119,4270.601381,15.55547522,-11.16164099,103.7121661,3999.108007,,,,
,,,,,,,,19.69555149,-10.17107307,50.5895379,4166.521668,15.53280583,-11.39301194,113.3725536,4123.049542,13.66733409,-13.32632652,172.1280548,4271.290607,15.56133728,-11.16082108,103.646737,3999.715772,,,,
,,,,,,,,19.71170831,-10.1663821,50.42520567,4167.339034,15.54224267,-11.38625835,113.2650396,4124.11942,13.67456581,-13.31655795,172.0316826,4272.535387,15.57197672,-11.15396616,103.5279921,4000.818515,,,,
,,,,,,,,19.71978672,-10.16543582,50.34307745,4167.74473,15.54696108,-11.38478436,113.2113145,4124.653218,13.67818166,-13.31441321,171.9835318,4273.156994,15.57729644,-11.15247583,103.4686562,4001.368465,,,,
,,,,,,,,19.76017878,-10.16303301,49.93247459,4169.769903,15.57055317,-11.38050843,112.9427237,4127.320944,13.69626095,-13.30813815,171.7428168,4276.264159,15.60389503,-11.14817251,103.172016,4004.116644,,,,
,,,,,,,,19.76735959,-10.16124792,49.85949578,4170.128207,15.57474732,-11.37886611,112.8949921,4127.794548,13.69947504,-13.30585842,171.7000432,4276.816092,15.60862367,-11.14646474,103.1193003,4004.604389,,,,
,,,,,,,,19.7763356,-10.1607475,49.76829489,4170.575322,15.57999001,-11.37805262,112.835337,4128.386256,13.70349266,-13.30467642,171.6465857,4277.505804,15.61453447,-11.14564501,103.0534169,4005.213702,,,,
,,,,,,,,19.79257669,-10.15610453,49.60327329,4171.383613,15.58951484,-11.37128333,112.726963,4129.460994,13.71074926,-13.29493148,171.550039,4278.751375,15.62526132,-11.13878831,102.9338592,4006.319141,,,,
,,,,,,,,19.80069723,-10.15517102,49.52080019,4171.784744,15.59427725,-11.36980628,112.6728082,4129.997201,13.71437756,-13.29279199,171.501801,4279.373372,15.63062475,-11.13729808,102.8741171,4006.870417,,,,
,,,,,,,,19.84129996,-10.15281634,49.10847259,4173.787057,15.61808933,-11.36552273,112.4020696,4132.676953,13.73251907,-13.28653242,171.2606497,4282.482487,15.65744188,-11.1329968,102.5754467,4009.625204,,,,
,,,,,,,,19.84851822,-10.15102267,49.03518691,4174.141281,15.62232259,-11.36387399,112.3539564,4133.152684,13.73574423,-13.28425778,171.2177985,4283.034765,15.66220937,-11.131285,102.5223703,4010.114112,,,,
,,,,,,,,19.85754105,-10.15052963,48.94360279,4174.583288,15.62761416,-11.36305902,112.2938244,4133.747046,13.73977567,-13.2830788,171.1642442,4283.724906,15.66816873,-11.1304656,102.4560361,4010.724872,,,,
,,,,,,,,19.87386761,-10.14593482,48.77787954,4175.382369,15.63722707,-11.35627495,112.1845924,4134.826516,13.7470567,-13.27335825,171.0675297,4284.971158,15.67898257,-11.12360833,102.335673,4011.832815,,,,
,,,,,,,,19.88203089,-10.1450142,48.69505542,4175.778865,15.64203352,-11.35479505,112.1300089,4135.36507,13.75069722,-13.27122418,171.0192079,4285.593492,15.68438949,-11.12211847,102.2755286,4012.385322,,,,
,,,,,,,,19.9228473,-10.14270843,48.2809724,4177.757976,15.66606579,-11.35050452,111.8571274,4138.056532,13.76889979,-13.2649806,170.7776374,4288.704285,15.71142408,-11.11782005,101.9748467,4015.146238,,,,
,,,,,,,,19.93010355,-10.14090545,48.20737437,4178.108059,15.6703382,-11.34884952,111.8086335,4138.534333,13.7721358,-13.26271123,170.7347118,4289.256858,15.71623023,-11.11610445,101.9214127,4015.636223,,,,
,,,,,,,,19.93917386,-10.14041987,48.11540022,4178.544882,15.6756787,-11.3480332,111.7480257,4139.131278,13.77618082,-13.26153535,170.6810643,4289.947368,15.72223791,-11.11528553,101.8546318,4016.248324,,,,
,,,,,,,,19.95558717,-10.13587338,47.94896235,4179.334615,15.68537962,-11.34123537,111.6379393,4140.215336,13.78348587,-13.25183986,170.5841881,4291.194203,15.73313835,-11.10842887,101.7334704,4017.358583,,,,
,,,,,,,,19.96379382,-10.13496578,47.86578073,4179.726408,15.69023008,-11.33975286,111.5829291,4140.756164,13.7871384,-13.24971135,170.5357854,4291.816824,15.73858856,-11.10693963,101.672927,4017.912227,,,,
,,,,,,,,20.0048271,-10.1327097,47.44990987,4181.681971,15.71448239,-11.33545607,111.307914,4143.458975,13.80540104,-13.24348419,170.2938107,4294.929049,15.76583965,-11.10264487,101.3702509,4020.678804,,,,
,,,,,,,,20.01212191,-10.13089666,47.37599373,4182.02785,15.71879391,-11.33379499,111.2590409,4143.938782,13.80864773,-13.24122025,170.2508132,4295.481875,15.77068429,-11.10092569,101.3164626,4021.169783,,,,
,,,,,,,,20.02124041,-10.13041861,47.28362235,4182.459411,15.72418331,-11.33297744,111.1979594,4144.538228,13.81270609,-13.24004754,170.1970759,4296.172699,15.77674008,-11.10010739,101.2492388,4021.783121,,,,
,,,,,,,,20.03774182,-10.12592059,47.11645621,4183.239657,15.73397226,-11.32616683,111.0870215,4145.626739,13.82003482,-13.2303777,170.1000432,4297.420028,15.78772662,-11.09325255,101.127287,4022.8955,,,,
,,,,,,,,20.04599252,-10.12502613,47.03291026,4183.626677,15.73886673,-11.32468193,111.0315858,4146.169773,13.82369919,-13.22825488,170.0515622,4298.042892,15.7932199,-11.09176421,101.0663488,4023.450182,,,,
,,,,,,,,20.08724603,-10.12282056,46.61521738,4185.558339,15.7633391,-11.32037953,110.7544441,4148.88359,13.84202102,-13.22204452,169.8091964,4301.15633,15.82068625,-11.08747394,100.7616984,4026.221926,,,,
,,,,,,,,20.09457999,-10.12099665,46.54097704,4185.899951,15.76768974,-11.31871255,110.7051931,4149.365342,13.84527823,-13.21978614,169.7661294,4301.709369,15.82556916,-11.0857514,100.7075593,4026.713811,,,,
,,,,,,,,20.10374744,-10.12052621,46.44820084,4186.326172,15.77312804,-11.3178939,110.6436394,4149.967214,13.84934975,-13.21861667,169.7123052,4302.400459,15.83167279,-11.08493388,100.6398971,4027.328276,,,,
,,,,,,,,20.12033835,-10.11607679,46.28029204,4187.09679,15.78300511,-11.31107143,110.5318517,4151.060049,13.85670177,-13.2089731,169.6151217,4303.648186,15.842745,-11.07808204,100.5171625,4028.442581,,,,
,,,,,,,,20.12863381,-10.1151956,46.19637455,4187.478966,15.78794365,-11.30958434,110.4759916,4151.605225,13.86037777,-13.20685611,169.5665654,4304.271246,15.8482811,-11.07659487,100.4558331,4028.998205,,,,
,,,,,,,,20.1701111,-10.11304138,45.77682364,4189.38637,15.81263632,-11.30527698,110.1967277,4154.329727,13.87875781,-13.20066295,169.3238229,4307.385657,15.8759616,-11.0723099,100.1492274,4031.774633,,,,
,,,,,,,,20.17748484,-10.11120575,45.7022527,4189.723652,15.81702613,-11.30360423,110.1470997,4154.813367,13.88202537,-13.19841028,169.2806889,4307.938867,15.88088258,-11.07058421,100.0947408,4032.267338,,,,
,,,,,,,,20.18670202,-10.11074301,45.6090637,4190.144453,15.82251339,-11.30278461,110.0850747,4155.417594,13.88610983,-13.19724413,169.2267811,4308.630169,15.88703381,-11.06976763,100.0266444,4032.882823,,,,
,,,,,,,,20.20338391,-10.10634232,45.44039741,4190.905298,15.8324784,-11.29595137,109.9724424,4156.514593,13.89348468,-13.18762751,169.1294533,4309.878193,15.89819119,-11.06291997,99.90313469,4033.998859,,,,
,,,,,,,,20.21172485,-10.10547452,45.35610097,4191.282555,15.83746091,-11.29446234,109.9161602,4157.061829,13.89717211,-13.18551649,169.0808248,4310.501397,15.90376989,-11.06143423,99.84141806,4034.555327,,,,
,,,,,,,,20.25342957,-10.10337253,44.93465497,4193.165335,15.86237344,-11.29015077,109.6347866,4159.796617,13.91560926,-13.17934097,168.8377216,4313.616525,15.93166335,-11.05715537,99.53287634,4037.33595,,,,
,,,,,,,,20.26084375,-10.1015243,44.85974682,4193.498222,15.86680233,-11.28847246,109.5847838,4160.282073,13.91888697,-13.17709417,168.7945235,4314.169861,15.93662219,-11.05542674,99.4780457,4037.829389,,,,
,,,,,,,,20.27011146,-10.10106932,44.76613678,4193.91352,15.87233845,-11.28765201,109.5222903,4160.888565,13.92298411,-13.17593141,168.7405355,4314.861319,15.94282073,-11.05461124,99.40951937,4038.445785,,,,
,,,,,,,,20.28688588,-10.09671747,44.59669721,4194.664445,15.88239142,-11.28080895,109.4088158,4161.98959,13.93038143,-13.16634233,168.6430689,4316.109546,15.95406273,-11.047769,99.28524344,4039.563347,,,,
,,,,,,,,20.29527309,-10.09586319,44.51201393,4195.036711,15.88741791,-11.2793182,109.352113,4162.538819,13.93408009,-13.16423741,168.5943711,4316.732849,15.95968373,-11.04628496,99.22314393,4040.120556,,,,
,,,,,,,,20.33720914,-10.09381433,44.08863333,4196.894496,15.91255035,-11.27500308,109.0686362,4165.283545,13.95257338,-13.1580799,168.350921,4319.848465,15.98778873,-11.04201305,98.91268811,4042.904863,,,,
,,,,,,,,20.34466444,-10.09195255,44.01338094,4197.22292,15.91701834,-11.27331937,109.0182596,4165.770756,13.95586108,-13.15583912,168.3076612,4320.401885,15.99278518,-11.04028171,98.85751731,4043.398944,,,,
,,,,,,,,20.35398356,-10.09150544,43.91934111,4197.632632,15.92260333,-11.27249821,108.9552992,4166.379437,13.9599707,-13.15467982,168.2535961,4321.093448,15.99903073,-11.03946745,98.78856591,4044.016138,,,,
,,,,,,,,20.37085212,-10.08720252,43.74911195,4198.373488,15.93274401,-11.26564648,108.8409884,4167.484317,13.96739006,-13.14511889,168.1559969,4322.341781,16.01035682,-11.0326318,98.66353197,4045.135025,,,,
,,,,,,,,20.37928639,-10.0863619,43.66403367,4198.740686,15.93781435,-11.26415426,108.7838677,4168.035454,13.97109974,-13.14302021,168.1072327,4322.965133,16.01601986,-11.03114974,98.6010537,4045.692876,,,,
,,,,,,,,20.42145779,-10.08436709,43.2386777,4200.573095,15.96316605,-11.25983637,108.4983023,4170.789693,13.98964812,-13.13688113,167.8634509,4326.080993,16.04433507,-11.02688558,98.28870435,4048.480367,,,,
,,,,,,,,20.42895493,-10.08249078,43.16307382,4200.896989,15.96767301,-11.25814747,108.4475546,4171.278583,13.99294562,-13.13464649,167.8201321,4326.634454,16.04936889,-11.02515175,98.23319704,4048.975002,,,,
,,,,,,,,20.43832635,-10.08205162,43.06859514,4201.30103,15.97330673,-11.25732576,108.3841303,4171.889357,13.99706748,-13.13349072,167.7659933,4327.326068,16.05566116,-11.02433888,98.16382514,4049.592882,,,,
,,,,,,,,20.45529075,-10.07779772,42.89755922,4202.031662,15.98353493,-11.25046643,108.2689881,4172.997933,14.0045085,-13.1239585,167.6682667,4328.574418,16.06707072,-11.01751104,98.0380423,4050.712888,,,,
,,,,,,,,20.46377294,-10.07697087,42.81207735,4202.393714,15.98864904,-11.24897299,108.211452,4173.550896,14.00822901,-13.12186618,167.6194389,4329.197776,16.07277549,-11.01603122,97.97518983,4051.271277,,,,
,,,,,,,,20.50618393,-10.07503107,42.38470303,4204.200359,16.01421956,-11.24465307,107.9238099,4176.314244,14.02683157,-13.11574587,167.3753386,4332.313658,16.10129939,-11.01177565,97.66096969,4054.061433,,,,
,,,,,,,,20.51372367,-10.0731392,42.30874,4204.519653,16.01876543,-11.24295917,107.8726931,4176.804742,14.0301387,-13.11351751,167.3319632,4332.867121,16.10637031,-11.01003956,97.60512992,4054.55653,,,,
,,,,,,,,20.52314833,-10.07270808,42.21381294,4204.917935,16.02444777,-11.24213704,107.8088078,4177.41752,14.0342726,-13.11236533,167.2777536,4333.558736,16.11270895,-11.00922822,97.53534255,4055.174981,,,,
,,,,,,,,20.54021035,-10.06850325,42.04195215,4205.638188,16.0347633,-11.23527121,107.6928393,4178.529625,14.04173493,-13.10286234,167.1799049,4334.807018,16.12420141,-11.00240939,97.40881942,4056.295902,,,,
,,,,,,,,20.54874137,-10.06769031,41.95605763,4205.995016,16.03992106,-11.23377679,107.6348904,4179.084331,14.04546609,-13.10077649,167.1310159,4335.430337,16.12994764,-11.00093208,97.34559704,4056.854727,,,,
,,,,,,,,20.59139643,-10.06580651,41.5266197,4207.7755,16.06570987,-11.22945559,107.3451846,4181.856375,14.06412191,-13.09467528,166.8866102,4338.546025,16.1586788,-10.99668589,97.02952756,4059.647042,,,,
,,,,,,,,20.59897955,-10.06389799,41.45028946,4208.090123,16.07029455,-11.22775689,107.2937012,4182.348406,14.0674385,-13.09245333,166.8431805,4339.099452,16.16378656,-10.99494776,96.97335911,4060.14251,,,,
,,,,,,,,20.60845845,-10.063475,41.35490397,4208.482558,16.0760254,-11.22693448,107.2293576,4182.963096,14.07158424,-13.0913048,166.7889031,4339.791021,16.17017126,-10.9941381,96.90316105,4060.76142,,,,
,,,,,,,,20.62561997,-10.05931927,41.1821994,4209.192272,16.08642789,-11.22006334,107.1125695,4184.078549,14.07906751,-13.08183154,166.6909372,4341.039148,16.18174598,-10.98732947,96.775907,4061.883046,,,,
,,,,,,,,20.63420074,-10.05852039,41.09588278,4209.543794,16.09162914,-11.2185682,107.0542112,4184.634908,14.08280915,-13.07975227,166.6419898,4341.662387,16.18753334,-10.98585494,96.71231939,4062.442203,,,,
,,,,,,,,20.67710455,-10.05669359,40.66433393,4211.297711,16.11763537,-11.21424652,106.7624585,4187.415194,14.10151734,-13.0736705,166.3972913,4344.77767,16.21647013,-10.98161897,96.39442396,4065.236151,,,,
,,,,,,,,20.68473189,-10.05476727,40.58762807,4211.60759,16.1222587,-11.21254324,106.7106113,4187.908679,14.10484324,-13.07145507,166.3538096,4345.331023,16.22161445,-10.97987901,96.33793101,4065.731898,,,,
,,,,,,,,20.69426607,-10.05435251,40.49177365,4211.994087,16.12803786,-11.2117207,106.6458132,4188.52518,14.10900061,-13.07031024,166.2994671,4346.022498,16.22804485,-10.97907119,96.26732743,4066.35115,,,,
,,,,,,,,20.71152904,-10.05024591,40.31820567,4212.693095,16.13852704,-11.20484536,106.5282115,4189.643807,14.11650448,-13.0608672,166.2013892,4347.270387,16.23970122,-10.97227393,96.13935131,4067.473278,,,,
,,,,,,,,20.72016052,-10.0494612,40.23145713,4213.039229,16.14377162,-11.20334976,106.4694468,4190.201732,14.12025641,-13.05879462,166.1523857,4347.893504,16.2455294,-10.97080244,96.07540286,4068.032664,,,,
,,,,,,,,20.76331795,-10.04769246,39.79774828,4214.766161,16.16999456,-11.19902837,106.1756621,4192.989824,14.13901609,-13.0527326,165.907407,4351.008173,16.27467033,-10.96657749,95.75570351,4070.827735,,,,
,,,,,,,,20.77099038,-10.04574714,39.72065806,4215.071221,16.17465641,-11.19732071,106.1234538,4193.484685,14.14235114,-13.0505238,165.8638754,4351.561415,16.27985094,-10.96483591,95.69888996,4071.323669,,,,
,,,,,,,,20.78058092,-10.0453407,39.62432383,4215.451686,16.18048373,-11.19649819,106.0582045,4194.1029,14.14651996,-13.04938273,165.8094706,4352.252751,16.2863267,-10.96403007,95.62788576,4071.94315,,,,
,,,,,,,,20.79794739,-10.04128323,39.44987174,4216.13982,16.19105918,-11.18961985,105.9397965,4195.224513,14.15404408,-13.03997037,165.7112855,4353.500321,16.29806405,-10.95724536,95.49919709,4073.065568,,,,
,,,,,,,,20.80663062,-10.04051283,39.36268093,4216.480479,16.1963469,-11.18812405,105.8806289,4195.78391,14.15780613,-13.03790457,165.6622284,4354.123275,16.30393273,-10.95577718,95.43489258,4073.625078,,,,
,,,,,,,,20.85004679,-10.0388032,38.9267603,4218.179998,16.22278552,-11.18380377,105.5848304,4198.57934,14.17661643,-13.03186261,165.4169815,4357.237126,16.3332761,-10.95156405,95.11341308,4076.420747,,,,
,,,,,,,,20.85776522,-10.03683764,38.8492765,4218.480163,16.22748571,-11.18209195,105.5322643,4199.075493,14.17996048,-13.02966056,165.3734023,4357.790221,16.3384927,-10.94982108,95.05628315,4076.916775,,,,
,,,,,,,,20.86741326,-10.03643961,38.75245097,4218.8545,16.23336096,-11.1812696,105.4665678,4199.695319,14.18414055,-13.02852329,165.3189379,4358.481372,16.34501345,-10.94901737,94.9848836,4077.536368,,,,
,,,,,,,,20.88488539,-10.03243123,38.57709293,4219.531588,16.24402232,-11.17438941,105.3473603,4200.819736,14.19168458,-13.01914206,165.2206503,4359.728543,16.35683116,-10.94224635,94.85549135,4078.658872,,,,
,,,,,,,,20.89362146,-10.03167527,38.48944893,4219.866685,16.249353,-11.17289368,105.2877932,4201.380514,14.19545659,-13.01708315,165.1715419,4360.351294,16.36274001,-10.94078173,94.79083523,4079.218403,,,,
,,,,,,,,20.9373018,-10.03002584,38.05126195,4221.538352,16.2760064,-11.16857528,104.9899975,4204.182827,14.21431667,-13.01106152,164.9260388,4363.464128,16.39228427,-10.93658122,94.46759792,4082.014157,,,,
,,,,,,,,20.9450672,-10.02803871,37.97337485,4221.833543,16.28074479,-11.16685952,104.9370766,4204.680191,14.21766957,-13.00886631,164.882414,4364.01704,16.39753658,-10.93483706,94.41015557,4082.510188,,,,
,,,,,,,,20.95477394,-10.0276492,37.87604591,4222.201653,16.28666776,-11.16603749,104.8709366,4205.301525,14.22186069,-13.00773291,164.8278926,4364.707962,16.40410198,-10.93403562,94.33836562,4083.129779,,,,
,,,,,,,,20.972354,-10.02368985,37.69975919,4222.867516,16.29741464,-11.1591566,104.7509365,4206.42856,14.2294243,-12.99838323,164.7295072,4365.954656,16.4159994,-10.92727942,94.20827876,4084.252163,,,,
,,,,,,,,20.98114403,-10.02294846,37.61165064,4223.196961,16.30278808,-11.1576612,104.6909735,4206.990627,14.23320611,-12.9963313,164.6803499,4366.577165,16.42194811,-10.92581862,94.14327552,4084.811614,,,,
,,,,,,,,21.0250942,-10.02136035,37.17114044,4224.840324,16.32965529,-11.15334548,104.3911983,4209.799357,14.25211512,-12.99033028,164.434602,4369.688788,16.45169167,-10.9216315,93.81830278,4087.60694,,,,
,,,,,,,,21.03290756,-10.01935028,37.09283993,4225.130461,16.33443168,-11.15162598,104.3379256,4210.29785,14.25547673,-12.98814203,164.3909337,4370.241483,16.45697942,-10.91988635,93.76055199,4088.102883,,,,
,,,,,,,,21.04267426,-10.01896938,36.99499497,4225.492242,16.34040217,-11.15080442,104.271346,4210.920589,14.25967873,-12.98701253,164.3363579,4370.932133,16.4635891,-10.91908732,93.6883766,4088.72236,,,,
,,,,,,,,21.06036465,-10.01505894,36.81775545,4226.146698,16.35123414,-11.14392402,104.1505608,4212.050054,14.26726159,-12.97769481,164.2378792,4372.178272,16.47556554,-10.9123471,93.55760471,4089.844414,,,,
,,,,,,,,21.06920985,-10.01433226,36.72917028,4226.470398,16.35665013,-11.1424292,104.0902054,4212.613314,14.27105302,-12.97564995,164.1886752,4372.800502,16.48155377,-10.91089037,93.49225912,4090.403679,,,,
,,,,,,,,21.11343584,-10.01280661,36.28627655,4228.084993,16.38373007,-11.13811695,103.7884691,4215.427988,14.29001017,-12.96966981,163.9426938,4375.910722,16.51149489,-10.90671742,93.16557482,4093.198055,,,,
,,,,,,,,21.12129823,-10.01077215,36.20755189,4228.369992,16.38854428,-11.13639395,103.7348479,4215.927526,14.29338033,-12.9674886,163.8989839,4376.463166,16.51681776,-10.90497148,93.10751982,4093.693817,,,,
,,,,,,,,21.13112623,-10.01039996,36.10917752,4228.72534,16.39456205,-11.135573,103.6678328,4216.551566,14.29759303,-12.96636305,163.8443562,4377.153502,16.52347134,-10.90417501,93.03496429,4094.313062,,,,
,,,,,,,,21.14892944,-10.00653831,35.9309603,4229.368199,16.40547858,-11.1286943,103.5462709,4217.68326,14.30519478,-12.95707774,163.7457892,4378.399006,16.53552607,-10.89745191,92.90351741,4095.434573,,,,
,,,,,,,,21.15783104,-10.00582644,35.84188606,4229.686059,16.41093685,-11.12720034,103.4855275,4218.247613,14.30899566,-12.95504003,163.6965409,4379.020915,16.54155344,-10.89599952,92.83783449,4095.993546,,,,
,,,,,,,,21.20233906,-10.0043644,35.39654655,4231.271405,16.43822819,-11.1228924,103.1818513,4221.067732,14.32800004,-12.94908107,163.4503385,4382.129528,16.57169026,-10.89184154,92.50946367,4098.786439,,,,
,,,,,,,,21.2102516,-10.00230407,35.31738665,4231.551179,16.44307999,-11.12116612,103.1278853,4221.568225,14.33137859,-12.946907,163.4065893,4382.681685,16.57704792,-10.89009503,92.45110892,4099.281925,,,,
,,,,,,,,21.22014227,-10.00194069,35.21846907,4231.899987,16.44914473,-11.12034593,103.0604395,4222.193454,14.33560179,-12.94578545,163.3519124,4383.37166,16.58374499,-10.88930125,92.37817881,4099.90082,,,,
,,,,,,,,21.23806093,-9.998127637,35.0392477,4232.531054,16.46014534,-11.11347013,102.9381089,4223.327182,14.34322212,-12.93653291,163.2532612,4384.616456,16.59587736,-10.88259636,92.24606578,4101.021587,,,,
,,,,,,,,21.24702026,-9.997430711,34.94967117,4232.842976,16.46564564,-11.11197729,102.8769814,4223.892531,14.34703228,-12.93450245,163.2039709,4385.238008,16.60194354,-10.88114854,92.18004994,4101.580166,,,,
,,,,,,,,21.29181691,-9.996033453,34.50181976,4234.398577,16.49314717,-11.10767446,102.5713851,4226.717606,14.36608311,-12.92856489,162.9575579,4388.344834,16.63227447,-10.87700628,91.85001466,4104.371071,,,,
,,,,,,,,21.29978076,-9.993945677,34.42221286,4234.673039,16.49803633,-11.10594511,102.5170779,4227.218969,14.36946993,-12.92639805,162.9137713,4388.896672,16.63766663,-10.87525938,91.79136406,4104.866192,,,,
,,,,,,,,21.30973557,-9.993591206,34.3227374,4235.015194,16.50414778,-11.10512585,102.4492057,4227.845278,14.37370344,-12.92528054,162.8590476,4389.586247,16.64440684,-10.87446843,91.71806425,4105.484625,,,,
,,,,,,,,21.32777246,-9.989826521,34.14248409,4235.63427,16.51523194,-11.09825411,102.3261146,4228.980843,14.38134205,-12.91606112,162.7603164,4390.830264,16.65661621,-10.8677828,91.58529383,4106.604445,,,,
,,,,,,,,21.33679091,-9.989144647,34.05239138,4235.94015,16.52077403,-11.09676267,102.2646072,4229.54709,14.38516136,-12.91403798,162.710986,4391.451424,16.66272089,-10.86633979,91.51894943,4107.162531,,,,
,,,,,,,,21.38188313,-9.987813346,33.6019586,4237.465497,16.54848445,-11.09246575,101.9571113,4232.376628,14.40425789,-12.90812205,162.4643727,4394.556286,16.69324432,-10.862214,91.18727149,4109.950945,,,,
,,,,,,,,21.38989953,-9.985696504,33.52189233,4237.734554,16.55341074,-11.09073357,101.9024665,4232.878771,14.40765282,-12.90596253,162.4205505,4395.107773,16.69867071,-10.86046688,91.12832891,4110.445611,,,,
,,,,,,,,21.39992002,-9.985351038,33.42184358,4238.069943,16.55956861,-11.08991537,101.8341724,4233.506052,14.4118965,-12.9048491,162.3657822,4395.796909,16.70545369,-10.85967889,91.05466425,4111.063471,,,,
,,,,,,,,21.41807806,-9.981634442,33.24052923,4238.676818,16.57073573,-11.08304893,101.7103301,4234.643246,14.41955309,-12.89566313,162.266975,4397.040078,16.71773938,-10.85301359,90.92124559,4112.18214,,,,
,,,,,,,,21.42715708,-9.980967726,33.1499058,4238.976551,16.57631928,-11.08155915,101.6484472,4235.210287,14.42338139,-12.89364739,162.2176066,4397.660811,16.72388223,-10.85157564,90.85457721,4112.739631,,,,
,,,,,,,,21.47255216,-9.979703557,32.6968189,4240.471115,16.60423706,-11.07726898,101.3390747,4238.043771,14.44252287,-12.8877533,161.970803,4400.763537,16.75459645,-10.84746704,90.52127946,4115.525044,,,,
,,,,,,,,21.4806224,-9.977555972,32.61628032,4240.734672,16.60920022,-11.07553419,101.2840964,4238.546604,14.44592581,-12.88560117,161.9269469,4401.314643,16.76005676,-10.8457199,90.46204896,4116.019165,,,,
,,,,,,,,21.4907102,-9.977219607,32.51564214,4241.063175,16.61540418,-11.07471721,101.2153856,4239.174742,14.45017947,-12.88449185,161.8721363,4402.003302,16.76688214,-10.844935,90.38802452,4116.636338,,,,
,,,,,,,,21.50899244,-9.973550762,32.33323624,4241.657634,16.62665374,-11.06785722,101.0907999,4240.313371,14.4578538,-12.8753396,161.7732564,4403.245563,16.77924348,-10.83829108,90.25396663,4117.753654,,,,
,,,,,,,,21.51813355,-9.972899299,32.24206683,4241.951111,16.63227852,-11.06636936,101.0285456,4240.881108,14.46169097,-12.8733313,161.7238516,4403.86584,16.78542415,-10.83685841,90.18697875,4118.310449,,,,
,,,,,,,,21.56383915,-9.971703435,31.78624955,4243.414342,16.66040243,-11.0620867,100.7173161,4243.718053,14.48087681,-12.86745924,161.4768659,4406.966281,16.81632749,-10.83276774,89.85208363,4121.092357,,,,
,,,,,,,,21.57196459,-9.969523375,31.70522508,4243.672301,16.66540223,-11.06034952,100.6620078,4244.221489,14.48428763,-12.86531455,161.4329774,4407.516979,16.82182142,-10.83102075,89.79256919,4121.585843,,,,
,,,,,,,,21.58212139,-9.969196204,31.60398056,4243.993795,16.67165199,-11.05953391,100.5928846,4244.850375,14.48855115,-12.86420937,161.3781263,4408.205127,16.82868883,-10.83023906,89.71818994,4122.202217,,,,
,,,,,,,,21.60053108,-9.965574704,31.42045072,4244.575614,16.68298335,-11.05268159,100.4675651,4245.990228,14.49624294,-12.85509114,161.2791774,4409.446415,16.8411251,-10.82361756,89.58350211,4123.317977,,,,
,,,,,,,,21.60973592,-9.964938579,31.32871914,4244.862723,16.68864902,-11.05119592,100.4049441,4246.558558,14.50008884,-12.85309035,161.229738,4410.066203,16.84734324,-10.82219042,89.51619937,4123.873972,,,,
,,,,,,,,21.65576016,-9.963812174,30.8700905,4246.294054,16.71697741,-11.04692162,100.0918816,4249.398437,14.51931833,-12.8472405,160.9825796,4413.164194,16.87843392,-10.8181184,89.17973004,4126.651866,,,,
,,,,,,,,21.66394224,-9.961597854,30.78856574,4246.546313,16.72201357,-11.04518227,100.0362476,4249.902383,14.52273691,-12.84510333,160.9386604,4413.714455,16.88396116,-10.81637174,89.11993578,4127.144627,,,,
,,,,,,,,21.67416985,-9.961279965,30.68669691,4246.86067,16.72830876,-11.04436818,99.9667173,4250.531901,14.52701013,-12.84400233,160.8837709,4414.402057,16.8908702,-10.8155934,89.04520685,4127.760089,,,,
,,,,,,,,21.6927104,-9.95770534,30.50200925,4247.429618,16.73972123,-11.03752474,99.84067377,4251.672768,14.53471911,-12.83491839,160.7847566,4415.642308,16.90338081,-10.80899527,88.90989716,4128.874099,,,,
,,,,,,,,21.70198068,-9.957084622,30.40969856,4247.71024,16.74542747,-11.03604153,99.77769105,4252.241583,14.53857361,-12.83292518,160.7352845,4416.261574,16.90963612,-10.80757388,88.84228359,4129.429199,,,,
,,,,,,,,21.74833207,-9.956028803,29.94817388,4249.109081,16.77395865,-11.03177641,99.46281979,4255.08387,14.55784607,-12.82709772,160.4879625,4419.356957,16.94091265,-10.8035212,88.50426019,4132.202595,,,,
,,,,,,,,21.75657231,-9.953778403,29.86613374,4249.355534,16.77903086,-11.03003513,99.40686431,4255.588232,14.56127228,-12.82496814,160.4440141,4419.906753,16.94647292,-10.80177501,88.44418968,4132.694545,,,,
,,,,,,,,21.76687262,-9.953469878,29.76362183,4249.66262,16.78537112,-11.02922271,99.33693236,4256.218264,14.56555505,-12.82387134,160.3890882,4420.593773,16.95342326,-10.80100014,88.36911555,4133.308988,,,,
,,,,,,,,21.78554763,-9.949941583,29.57774073,4250.218456,16.79686408,-11.02238932,99.2101739,4257.35994,14.57328096,-12.81482195,160.2900121,4421.832925,16.96600757,-10.79442637,88.23319234,4134.421053,,,,
,,,,,,,,21.79488513,-9.949336327,29.48483313,4250.492469,16.80261056,-11.02090884,99.14683394,4257.929139,14.57714391,-12.81283637,160.240509,4422.451639,16.97229973,-10.79301094,88.1652721,4134.975161,,,,
,,,,,,,,21.84157264,-9.948352177,29.02032337,4251.858204,16.83134297,-11.01665368,98.83017667,4260.773321,14.59645869,-12.80703147,159.993032,4425.54426,17.00376052,-10.78897829,87.82571543,4137.743573,,,,
,,,,,,,,21.84987264,-9.94606385,28.93775202,4252.098741,16.83645096,-11.0149107,98.77390378,4261.278008,14.59989242,-12.80490954,159.9490561,4426.093563,17.00935355,-10.78723273,87.76537236,4138.234625,,,,
,,,,,,,,21.86024765,-9.945764765,28.83457727,4252.398419,16.84283594,-11.01410009,98.70357518,4261.908441,14.60418459,-12.80381697,159.8940956,4426.779967,17.01634484,-10.78646144,87.68995764,4138.847941,,,,
,,,,,,,,21.8790609,-9.942282171,28.64746504,4252.940891,16.85440869,-11.00727795,98.5761117,4263.050713,14.61192717,-12.79480238,159.7949611,4428.017959,17.02900225,-10.77991296,87.553429,4139.957869,,,,
,,,,,,,,21.88846753,-9.941692411,28.55394168,4253.208167,16.86019507,-11.00580046,98.51241944,4263.62019,14.61579846,-12.79282449,159.7454287,4428.636092,17.03533095,-10.77850371,87.48520613,4140.510888,,,,
,,,,,,,,21.93550068,-9.940780953,28.08635262,4254.540158,16.88912696,-11.00155608,98.19400086,4266.465738,14.6351549,-12.78704232,159.4978052,4431.725801,17.06697447,-10.77449176,87.14413635,4143.273836,,,,
,,,,,,,,21.94386213,-9.938452832,28.00323329,4254.774664,16.8942704,-10.99981162,98.13741494,4266.970656,14.63859605,-12.78492809,159.4538031,4432.274585,17.07259998,-10.77274697,87.0835243,4143.763905,,,,
,,,,,,,,21.95431394,-9.938163254,27.89937481,4255.066789,16.90069971,-10.99900298,98.06669518,4267.601372,14.64289748,-12.78383978,159.39881,4432.960339,17.07963188,-10.77197938,87.00777346,4144.375987,,,,
,,,,,,,,21.97326944,-9.934725648,27.71099187,4255.595636,16.91235161,-10.99219323,97.93853595,4268.744035,14.65065648,-12.77486022,159.2996203,4434.197114,17.09236178,-10.76545711,86.87064721,4145.483588,,,,
,,,,,,,,21.9827472,-9.934151396,27.61683298,4255.856042,16.91817756,-10.99071899,97.87449601,4269.313687,14.65453597,-12.77289007,159.2500602,4434.814636,17.09872673,-10.76405424,86.8021256,4146.035424,,,,
,,,,,,,,22.03013597,-9.933313574,27.14606576,4257.153621,16.94730729,-10.98648618,97.55433925,4272.160085,14.67393347,-12.76713077,159.0022981,4437.901287,17.13055149,-10.76006365,86.45956219,4148.792434,,,,
,,,,,,,,22.03856064,-9.930943802,27.06238087,4257.381976,16.95248591,-10.98474045,97.49744441,4272.665143,14.67738191,-12.7650243,158.9582714,4438.449527,17.13620922,-10.75831977,86.3986846,4149.281436,,,,
,,,,,,,,22.04909148,-9.930663784,26.95781671,4257.666399,16.95895919,-10.9839339,97.42633862,4273.296029,14.68169247,-12.76394027,158.9032475,4439.134599,17.14328139,-10.75755599,86.32260196,4149.892179,,,,
,,,,,,,,22.06819346,-9.927270362,26.76812131,4258.181347,16.97068956,-10.97713769,97.29749296,4274.438876,14.68946765,-12.75499595,158.8040056,4440.370101,17.15608321,-10.75106082,86.18488562,4150.997266,,,,
,,,,,,,,22.07774446,-9.926711603,26.67330602,4258.434744,16.97655475,-10.97566696,97.23311,4275.0086,14.69335524,-12.75303358,158.7544194,4440.986983,17.16248413,-10.74966454,86.11606902,4151.547826,,,,
,,,,,,,,22.12549942,-9.925948253,26.19925624,4259.697213,17.00588069,-10.97144648,96.91123828,4277.855336,14.71279319,-12.7472973,158.5065266,4444.070437,17.19448869,-10.74569595,85.77203071,4154.298432,,,,
,,,,,,,,22.1339892,-9.923534999,26.1149872,4259.919292,17.01109419,-10.96969969,96.85403865,4278.360441,14.71624882,-12.74519863,158.4624765,4444.618106,17.20017839,-10.7439531,85.71089093,4154.786284,,,,
,,,,,,,,22.14460141,-9.923264583,26.00969423,4260.195855,17.01761106,-10.96889539,96.78255198,4278.991382,14.72056837,-12.74411891,158.4074235,4445.302466,17.20729051,-10.74319325,85.63448064,4155.395586,,,,
,,,,,,,,22.16385434,-9.919914445,25.81864235,4260.696618,17.02941919,-10.96211387,96.65302988,4280.134203,14.7283595,-12.73521003,158.3081324,4446.536639,17.22016371,-10.73672603,85.49618141,4156.497975,,,,
,,,,,,,,22.1734808,-9.919371134,25.72314866,4260.942861,17.03532325,-10.9606469,96.58830887,4280.703892,14.73225507,-12.73325548,158.2585216,4447.152855,17.22660031,-10.73533654,85.42707342,4157.047167,,,,
,,,,,,,,22.22161311,-9.918682957,25.24570637,4262.16949,17.06484357,-10.95643954,96.26474711,4283.550437,14.7517329,-12.72754233,158.0105054,4450.232975,17.2587833,-10.73139058,85.08157819,4159.79091,,,,
,,,,,,,,22.23016997,-9.916224455,25.16083363,4262.385162,17.07009162,-10.95469192,96.2072471,4284.055498,14.75519562,-12.72545152,157.9664334,4450.78005,17.26450472,-10.72964887,85.02017939,4160.277531,,,,
,,,,,,,,22.24086604,-9.915963661,25.05478745,4262.653701,17.07665169,-10.95389001,96.13538508,4284.686376,14.75952403,-12.72437612,157.9113529,4451.463667,17.27165649,-10.72889305,84.94344544,4160.885288,,,,
,,,,,,,,22.26027461,-9.912655812,24.86233274,4263.139979,17.0885369,-10.94712428,96.00519584,4285.828965,14.76733089,-12.71550286,157.8120154,4452.696459,17.28460054,-10.72245463,84.80457021,4161.9848,,,,
,,,,,,,,22.2699789,-9.912127868,24.76613749,4263.378915,17.0944795,-10.94566132,95.94014143,4286.398519,14.77123433,-12.71355617,157.7623813,4453.311983,17.29107256,-10.72107211,84.73517426,4162.532533,,,,
,,,,,,,,22.31850033,-9.911515398,24.28518684,4264.568941,17.12419252,-10.94146784,95.61491284,4289.244361,14.79075149,-12.70786628,157.5142488,4456.388637,17.32343266,-10.7171494,84.38823926,4165.268963,,,,
,,,,,,,,22.32712637,-9.90900998,24.19968978,4264.778068,17.12947483,-10.93971958,95.55711657,4289.749285,14.7942212,-12.70578337,157.4701561,4456.935095,17.32918557,-10.71540894,84.32658449,4165.754273,,,,
,,,,,,,,22.33790891,-9.908758811,24.09286469,4265.03841,17.13607772,-10.93892019,95.48488434,4290.379988,14.79855835,-12.70454031,157.4150493,4457.617947,17.3363767,-10.71465725,84.2495307,4166.360386,,,,
,,,,,,,,22.35747811,-9.905492155,23.8989582,4265.509888,17.14803922,-10.93217141,95.35403845,4291.52213,14.80116579,-12.70176582,157.3819229,4458.028391,17.34939109,-10.70824843,84.11008601,4167.456842,,,,
,,,,,,,,22.36726271,-9.904979459,23.80203691,4265.741358,17.15401997,-10.93071271,95.28865587,4292.09144,14.80246952,-12.70111374,157.3653633,4458.23352,17.35589828,-10.70687308,84.04040537,4168.003028,,,,
,,,,,,,,22.41618571,-9.904443017,23.31745558,4266.893977,17.18392372,-10.9265339,94.96178659,4294.936045,14.80898813,-12.6991979,157.2825697,4459.259054,17.38843425,-10.70297421,83.69204693,4170.731701,,,,
,,,,,,,,22.42488313,-9.901889166,23.23131245,4267.096415,17.18923994,-10.92478523,94.90369871,4295.440737,14.81014699,-12.69853274,157.267853,4459.441315,17.39421842,-10.7012351,83.63013909,4171.21562,,,,
,,,,,,,,22.43575491,-9.901647597,23.12368131,4267.348379,17.19588522,-10.9239885,94.83110207,4296.071144,14.81159558,-12.69817051,157.2494582,4459.669116,17.40144863,-10.70048764,83.55276906,4171.81999,,,,
,,,,,,,,22.45549,-9.898420946,22.92827146,4267.804727,17.20792234,-10.91725773,94.6996087,4297.212638,14.81423165,-12.6951978,157.2159849,4460.083637,17.41453285,-10.69410921,83.41276154,4172.913213,,,,
,,,,,,,,22.46535754,-9.897923333,22.83059838,4268.028563,17.2139409,-10.91580354,94.63390252,4297.781604,14.81554968,-12.69454004,157.1992522,4460.290798,17.42107496,-10.69274122,83.34279951,4173.457764,,,,
,,,,,,,,22.51469525,-9.897462983,22.34225751,4269.14293,17.2440337,-10.91164013,94.30541538,4300.624465,14.82213986,-12.69260815,157.1155929,4461.326493,17.45378551,-10.6888668,82.9930341,4176.178236,,,,
,,,,,,,,22.5234664,-9.894859396,22.25544539,4269.338528,17.24938354,-10.90989123,94.24703995,4301.128835,14.82331144,-12.69193612,157.1007225,4461.510559,17.45960071,-10.68712911,82.93087611,4176.660686,,,,
,,,,,,,,22.53443033,-9.894627372,22.14697961,4269.581924,17.25607083,-10.9090973,94.17408397,4301.758836,14.82477593,-12.69157063,157.0821353,4461.740616,17.46686972,-10.68638599,82.8531935,4177.263215,,,,
,,,,,,,,22.55433685,-9.891439452,21.95001201,4270.022794,17.26818285,-10.90238562,94.04195275,4302.899475,14.82744093,-12.68788729,157.0483123,4462.15924,17.48002337,-10.68003869,82.71262857,4178.353037,,,,
,,,,,,,,22.56429011,-9.890956707,21.85155995,4270.238817,17.27423886,-10.90093617,93.97592778,4303.467993,14.82877343,-12.68767208,157.0314057,4462.368451,17.48660019,-10.67867822,82.64238785,4178.895868,,,,
,,,,,,,,22.61405641,-9.890572196,21.35932363,4271.314045,17.30451891,-10.8967889,93.64584683,4306.308596,14.83543593,-12.68822447,156.9468741,4463.414391,17.51948431,-10.67482881,82.29122898,4181.60772,,,,
,,,,,,,,22.62290375,-9.887917861,21.27181835,4271.502643,17.30990203,-10.89503997,93.5871881,4306.812554,14.83662037,-12.68462216,156.9318456,4463.600277,17.52533037,-10.67309263,82.22882324,4182.088627,,,,
,,,,,,,,22.63396293,-9.88769529,21.16248778,4271.737271,17.31663094,-10.89424896,93.51387812,4307.442033,14.83810093,-12.68425745,156.9130702,4463.83261,17.53263795,-10.67235393,82.15083105,4182.689221,,,,
,,,,,,,,22.65404674,-9.884544756,20.9639052,4272.162294,17.3288172,-10.8875574,93.38111797,4308.581618,14.84076452,-12.68107261,156.8792845,4464.250563,17.54586057,-10.66603851,82.00971458,4183.77547,,,,
,,,,,,,,22.66408864,-9.884076608,20.86464555,4272.370319,17.33491033,-10.88611293,93.31477867,4309.14959,14.84209632,-12.68036195,156.8623958,4464.459438,17.55247188,-10.66468573,81.9391981,4184.316496,,,,
,,,,,,,,22.71429816,-9.883767305,20.36837081,4273.405469,17.36537598,-10.88198251,92.98312616,4311.987437,14.84875531,-12.67813976,156.7779574,4465.503702,17.58552842,-10.66086189,81.58666043,4187.0193,,,,
,,,,,,,,22.7232243,-9.881061598,20.28014695,4273.586898,17.37079209,-10.88023372,92.92418808,4312.490894,14.84993913,-12.67754569,156.7629488,4465.689291,17.59140514,-10.65912729,81.52400953,4187.498588,,,,
,,,,,,,,22.73438197,-9.880848345,20.16991984,4273.812545,17.37756224,-10.87944577,92.85052903,4313.119742,14.85141891,-12.67720864,156.7441885,4465.921251,17.59875104,-10.6583931,81.445711,4188.097153,,,,
,,,,,,,,22.75464923,-9.877733802,19.96966214,4274.221334,17.38982208,-10.87277533,92.71714872,4314.258075,14.85410909,-12.67403009,156.7100845,4466.342921,17.61204221,-10.65211028,81.30404848,4189.179662,,,,
,,,,,,,,22.76478286,-9.87727992,19.86956486,4274.421163,17.395952,-10.87133606,92.65049946,4314.825401,14.85545418,-12.67336983,156.6930368,4466.553653,17.6186878,-10.65076537,81.23325897,4189.718798,,,,
,,,,,,,,22.815451,-9.877044733,19.36910141,4275.415243,17.42660161,-10.86722318,92.31729725,4317.660001,14.86217964,-12.67150346,156.6078026,4467.607198,17.65191573,-10.64696766,80.87935612,4192.412135,,,,
,,,,,,,,22.82445867,-9.874287538,19.28013225,4275.589325,17.43205043,-10.86547472,92.25808371,4318.162868,14.86337527,-12.67056415,156.5926521,4467.794435,17.65782291,-10.64523468,80.81646249,4192.889729,,,,
,,,,,,,,22.83571826,-9.874083418,19.16897526,4275.805768,17.43886146,-10.86468994,92.18408044,4318.790975,14.86486982,-12.67022792,156.5737157,4468.028456,17.6652069,-10.64450511,80.73786064,4193.486172,,,,
,,,,,,,,22.85617546,-9.871003452,18.96697912,4276.197912,17.45119414,-10.85804165,92.05008968,4319.927852,14.86758786,-12.66709437,156.5392775,4468.454029,17.6785663,-10.63825553,80.59565637,4194.564782,,,,
,,,,,,,,22.86640407,-9.870563437,18.86601256,4276.389335,17.45736048,-10.85660783,91.98313529,4320.494432,14.86894688,-12.66645397,156.5220627,4468.666711,17.68524601,-10.63691864,80.52459598,4195.101949,,,,
,,,,,,,,22.91754708,-9.87040073,18.36120223,4277.341296,17.48819218,-10.8525132,91.64840757,4323.325272,14.87574198,-12.66472545,156.4359928,4469.730002,17.71864452,-10.6331476,80.16933868,4197.785423,,,,
,,,,,,,,22.92663917,-9.867592578,18.27145966,4277.507842,17.49367338,-10.85076525,91.58892286,4323.827461,14.87695,-12.66369746,156.4206936,4469.91897,17.72458204,-10.63141628,80.10620422,4198.261252,,,,
,,,,,,,,22.93800428,-9.867397347,18.15933765,4277.714845,17.50052487,-10.84998378,91.51458073,4324.454714,14.87846002,-12.66334819,156.4015717,4470.155154,17.73200393,-10.63069141,80.02730144,4198.855484,,,,
,,,,,,,,22.95865825,-9.864350568,17.95553667,4278.089907,17.51292975,-10.84335859,91.37998788,4325.589942,14.88120732,-12.66025432,156.3667816,4470.584836,17.74543121,-10.62447574,79.88456012,4199.930034,,,,
,,,,,,,,22.96898524,-9.86392395,17.85366765,4278.272703,17.5191322,-10.84193042,91.31273255,4326.155678,14.88258097,-12.65960952,156.3493909,4470.79957,17.75214486,-10.62314703,79.8132312,4200.465152,,,,
,,,,,,,,23.02062018,-9.863831433,17.34434455,4279.181432,17.55014442,-10.83785472,90.97650019,4328.982279,14.88944923,-12.65785596,156.2624414,4471.873119,17.78571307,-10.61940319,79.45663116,4203.138359,,,,
,,,,,,,,23.02979972,-9.860973683,17.25379907,4279.340241,17.55565771,-10.83610743,90.91674802,4329.483702,14.89067025,-12.65689669,156.2469859,4472.06391,17.79168075,-10.61767356,79.39325794,4203.612351,,,,
,,,,,,,,23.04127415,-9.860787028,17.14067521,4279.537553,17.56254931,-10.83532938,90.84207166,4330.109994,14.89219653,-12.65653057,156.2276684,4472.302371,17.79914035,-10.61695346,79.31405682,4204.204283,,,,
,,,,,,,,23.06213205,-9.857772132,16.93499993,4279.895071,17.57502574,-10.82872826,90.70688541,4331.243379,14.89497389,-12.65345101,156.1925167,4472.736271,17.81263519,-10.61077234,79.17078274,4205.274614,,,,
,,,,,,,,23.072561,-9.857358363,16.83219373,4280.069004,17.58126396,-10.82730595,90.63933346,4331.808174,14.89636257,-12.65278912,156.1749451,4472.953112,17.81938261,-10.60945197,79.09918741,4205.807604,,,,
,,,,,,,,23.12470574,-9.857332974,16.31818432,4280.933319,17.61245504,-10.82324985,90.30161809,4334.63005,14.90330596,-12.65093103,156.0870918,4474.037191,17.85311971,-10.60573584,78.7412553,4208.470147,,,,
,,,,,,,,23.13397592,-9.854428023,16.22680511,4281.08418,17.61800012,-10.82150339,90.24160229,4335.130622,14.90454034,-12.65009425,156.0714757,4474.229853,17.85911741,-10.60400794,78.67764522,4208.942233,,,,
,,,,,,,,23.14556364,-9.85424955,16.11264083,4281.271532,17.62493147,-10.82072887,90.16659651,4335.755845,14.90608332,-12.64971412,156.0519572,4474.470652,17.86661454,-10.6032927,78.59814812,4209.531778,,,,
,,,,,,,,23.16662787,-9.851266118,15.90506863,4281.610933,17.6374788,-10.81415274,90.03082526,4336.887195,14.90889069,-12.64662251,156.0164447,4474.908748,17.88017668,-10.59714673,78.4543448,4210.597737,,,,
,,,,,,,,23.17715999,-9.850864604,15.80131395,4281.775714,17.64375247,-10.81273651,89.9629809,4337.450954,14.91029438,-12.64594122,155.9986928,4475.127684,17.88695775,-10.59583484,78.38248481,4211.128522,,,,
,,,,,,,,23.22982057,-9.850901861,15.28256168,4282.594167,17.67512079,-10.80870066,89.62380348,4340.267626,14.91731282,-12.64396942,155.9099381,4476.222239,17.9208631,-10.59214693,78.02322937,4213.780021,,,,
,,,,,,,,23.23918245,-9.847954713,15.19033871,4282.736821,17.68069738,-10.80695517,89.56352778,4340.767262,14.91856054,-12.64323756,155.894162,4476.416762,17.92689071,-10.59042076,77.95938397,4214.250133,,,,
,,,,,,,,23.2508848,-9.847783904,15.07512141,4282.913892,17.68766812,-10.8061843,89.48819722,4341.39131,14.92012019,-12.64284876,155.874443,4476.659887,17.93442524,-10.58971045,77.87959283,4214.837204,,,,
,,,,,,,,23.27215097,-9.844832719,14.86569683,4283.234482,17.70028577,-10.79963404,89.35184861,4342.520441,14.9229579,-12.63972674,155.8385663,4477.102214,17.94805445,-10.5836002,77.73526338,4215.898642,,,,
,,,,,,,,23.28278405,-9.844442801,14.76101593,4283.389767,17.70659459,-10.79822409,89.28371562,4343.08307,14.92437675,-12.63902969,155.8206323,4477.323262,17.95486906,-10.58229694,77.66314029,4216.427148,,,,
,,,,,,,,23.33594945,-9.844536347,14.23763212,4284.160635,17.73813871,-10.79420912,88.94309519,4345.894078,14.93147103,-12.63697372,155.7309676,4478.428379,17.9889421,-10.57863774,77.30256927,4219.067229,,,,
,,,,,,,,23.34540108,-9.841555474,14.14458523,4284.294776,17.74374655,-10.79246474,88.88256296,4346.392696,14.93273223,-12.63629863,155.7150298,4478.624777,17.99499953,-10.57691328,77.23848992,4219.5353,,,,
,,,,,,,,23.35721562,-9.841391648,14.02833951,4284.461184,17.75075635,-10.79169762,88.80691184,4347.015467,14.93430874,-12.63590582,155.6951086,4478.870247,18.00257132,-10.57620799,77.15840646,4220.119815,,,,
,,,,,,,,23.37867916,-9.838473786,13.81710834,4284.762281,17.76344366,-10.78517413,88.66999419,4348.142188,14.93717731,-12.63274547,155.6588616,4479.316869,18.01626739,-10.57013403,77.01355396,4221.176582,,,,
,,,,,,,,23.38941094,-9.838094686,13.71152406,4284.90773,17.76978732,-10.78377065,88.60157675,4348.703594,14.93861159,-12.63203797,155.6407427,4479.540063,18.02311542,-10.56883953,76.9411693,4221.702734,,,,
,,,,,,,,23.4430698,-9.838236762,13.18362305,4285.629317,17.8015056,-10.7797772,88.25953408,4351.508464,14.94578301,-12.62993634,155.550153,4480.655903,18.0573556,-10.56520953,76.57929034,4224.331022,,,,
,,,,,,,,23.45260916,-9.835232658,13.08977263,4285.754645,17.80714441,-10.77803407,88.19874901,4352.00598,14.94705793,-12.62927157,155.5340509,4480.854207,18.06344275,-10.56348679,76.5149784,4224.796986,,,,
,,,,,,,,23.46453335,-9.835074995,12.97252374,4285.910013,17.81419292,-10.77727081,88.12278194,4352.627368,14.94865158,-12.62887733,155.5139242,4481.102057,18.07105167,-10.56278659,76.43460431,4225.378862,,,,
,,,,,,,,23.48618977,-9.832191924,12.75953121,4286.190952,17.82694931,-10.77077493,87.98530278,4353.751497,14.95155157,-12.62567863,155.4773005,4481.553047,18.08481442,-10.55674946,76.28923141,4226.430812,,,,
,,,,,,,,23.49701798,-9.831822745,12.65306617,4286.326232,17.83332751,-10.76937813,87.91660463,4354.311589,14.95300157,-12.62496488,155.4589933,4481.778422,18.09169579,-10.55546385,76.21658651,4226.954536,,,,
,,,,,,,,23.55115903,-9.832004093,12.12076093,4286.996878,17.86521851,-10.7654068,87.57315843,4357.109865,14.96025155,-12.62284667,155.3674625,4482.905166,18.12610264,-10.55186354,75.8534062,4229.570665,,,,
,,,,,,,,23.56078411,-9.828989496,12.02612714,4287.113098,17.87088802,-10.76366504,87.51212384,4357.606198,14.96154044,-12.62216329,155.3511931,4483.105406,18.13221941,-10.55014248,75.78886284,4230.034456,,,,
,,,,,,,,23.57281546,-9.828837029,11.90789999,4287.257059,17.87797491,-10.76290575,87.43584498,4358.226103,14.96315155,-12.62176817,155.3308574,4483.355677,18.13986538,-10.54944744,75.70819959,4230.613612,,,,
,,,,,,,,23.5946604,-9.825990729,11.69318961,4287.517187,17.89079988,-10.75643828,87.29781102,4359.347465,14.9660834,-12.61853502,155.2938522,4483.811084,18.15369464,-10.54344767,75.56230853,4231.6606,,,,
,,,,,,,,23.60558287,-9.82563046,11.5858655,4287.641974,17.89721237,-10.75504834,87.22883551,4359.906155,14.96754933,-12.6178171,155.2753544,4484.038666,18.16060927,-10.54217108,75.48940448,4232.181825,,,,
,,,,,,,,23.66019523,-9.82584022,11.04926465,4288.260058,17.92927479,-10.7510997,86.88400254,4362.697399,14.97487896,-12.61569599,155.1828704,4485.176439,18.19518243,-10.53860094,75.1249284,4234.785435,,,,
,,,,,,,,23.66990409,-9.822830356,10.95386691,4288.366884,17.93497478,-10.74935943,86.82272141,4363.192471,14.97618201,-12.6149844,155.1664315,4485.378639,18.20132876,-10.53688152,75.06015459,4235.24699,,,,
,,,,,,,,23.68204017,-9.822681966,10.83468539,4288.49908,17.94209977,-10.74860421,86.74613446,4363.810795,14.97781082,-12.61458771,155.1458841,4485.631358,18.20901169,-10.53619172,74.97920341,4235.823345,,,,
,,,,,,,,23.70406965,-9.81987504,10.61829687,4288.737762,17.95499278,-10.74216593,86.60755257,4364.929214,14.98077481,-12.61132444,155.1084946,4486.091209,18.22290735,-10.53022979,74.83279601,4236.865231,,,,
,,,,,,,,23.71508438,-9.819522555,10.51013353,4288.85174,17.96143928,-10.74078302,86.53830313,4365.486414,14.9822568,-12.61060261,155.0898047,4486.32101,18.22985519,-10.52896237,74.75963373,4237.383885,,,,
,,,,,,,,23.77015807,-9.819748171,9.96933624,4289.415686,17.99367182,-10.73685767,86.1921005,4368.270187,14.98966678,-12.60847958,154.9963605,4487.469875,18.26459435,-10.52542285,74.39386637,4239.974624,,,,
,,,,,,,,23.77994894,-9.816760971,9.87319229,4289.512836,17.99940204,-10.73511898,86.13057586,4368.76392,14.99098411,-12.60774327,154.9797509,4487.674046,18.2707702,-10.52370503,74.32886292,4240.433879,,,,
,,,,,,,,23.79218754,-9.816615378,9.753078151,4289.632917,18.00656483,-10.73436792,86.05368463,4369.380566,14.99263077,-12.60734398,154.9589903,4487.929228,18.27849002,-10.52302053,74.2476248,4241.007355,,,,
,,,,,,,,23.81439807,-9.813851157,9.535045967,4289.849538,18.01952538,-10.72795961,85.91456133,4370.495869,14.99562725,-12.60405327,154.9212126,4488.393559,18.29245201,-10.51709694,74.10070246,4242.044,,,,
,,,,,,,,23.82550333,-9.813505215,9.426060572,4289.952401,18.02600565,-10.72658391,85.84504121,4371.051492,14.99712549,-12.60332676,154.9023287,4488.625598,18.299433,-10.51583879,74.02728265,4242.560015,,,,
,,,,,,,,23.88102964,-9.813732341,8.881152808,4290.460673,18.05840702,-10.72268241,85.49748517,4373.827362,15.00461669,-12.60119602,154.8079147,4489.785649,18.33433799,-10.51233036,73.66022749,4245.137534,,,,
,,,,,,,,23.89090099,-9.810788642,8.784278074,4290.547876,18.06416727,-10.72094539,85.43571991,4374.31968,15.00594846,-12.60044359,154.7911328,4489.991806,18.34054332,-10.51061408,73.59499502,4245.594428,,,,
,,,,,,,,23.90324017,-9.8106444,8.663250079,4290.655502,18.07136757,-10.72019859,85.35852799,4374.934552,15.00761317,-12.60004083,154.7701567,4490.249471,18.34829998,-10.50993494,73.51347072,4246.164948,,,,
,,,,,,,,23.92562901,-9.807927015,8.44360114,4290.849462,18.08439518,-10.71382098,85.21886944,4376.046569,15.01064254,-12.59672349,154.7319865,4490.718327,18.36232825,-10.50405014,73.36603445,4247.196216,,,,
,,,,,,,,23.93682343,-9.807586247,8.333807089,4290.94091,18.09090898,-10.71245267,85.14908171,4376.600531,15.01215723,-12.5959913,154.7129065,4490.952625,18.36934239,-10.50280139,73.29235759,4247.709522,,,,
,,,,,,,,23.99279552,-9.807798657,7.784855912,4291.392013,18.123478,-10.70857556,84.80018762,4379.368076,15.01973065,-12.59384595,154.6175117,4492.12397,18.40441308,-10.49932451,72.92401709,4250.273482,,,,
,,,,,,,,24.00274612,-9.804922347,7.687262478,4291.469004,18.12926805,-10.70684031,84.73818446,4379.858903,15.02107703,-12.59308515,154.6005555,4492.332133,18.41064787,-10.49760969,72.85855601,4250.727954,,,,
,,,,,,,,24.01518436,-9.804777834,7.565335133,4291.563844,18.13650561,-10.70609785,84.66069526,4380.471906,15.02276002,-12.59267851,154.5793616,4492.592305,18.41844136,-10.49693599,72.77674609,4251.295442,,,,
,,,,,,,,24.03774969,-9.80211224,7.344087109,4291.734558,18.14959983,-10.69975164,84.52050726,4381.580472,15.02582268,-12.58933407,154.5407945,4493.06573,18.43253591,-10.49109041,72.62879646,4252.321198,,,,
,,,,,,,,24.04903236,-9.801775133,7.233493172,4291.814299,18.15614694,-10.69839088,84.45045481,4382.13269,15.02735401,-12.58859548,154.521516,4493.302309,18.43958319,-10.48985118,72.55486284,4252.83173,,,,
,,,,,,,,24.10544567,-9.801954621,6.680542506,4292.206773,18.18888249,-10.69453871,84.10023711,4384.891494,15.03501067,-12.58643073,154.4251295,4494.485059,18.47481958,-10.48640629,72.18523841,4255.381793,,,,
,,,,,,,,24.11547471,-9.79917274,6.582238365,4292.273292,18.19470215,-10.69280529,84.0379986,4385.380756,15.03637185,-12.58566587,154.407997,4494.695249,18.48108382,-10.48469285,72.11954898,4255.833784,,,,
,,,,,,,,24.128011,-9.799026143,6.459420978,4292.355021,18.20197671,-10.69206727,83.96021533,4385.991799,15.03807333,-12.5852553,154.3865828,4494.957952,18.48891413,-10.48402464,72.03745375,4256.398165,,,,
,,,,,,,,24.1507521,-9.796418071,6.236580377,4292.501915,18.21513713,-10.68575315,83.8195033,4387.096751,15.04116969,-12.58188281,154.3476144,4495.435987,18.50307502,-10.4782187,71.88899063,4257.41828,,,,
,,,,,,,,24.16212265,-9.796082927,6.125189732,4292.569661,18.22171733,-10.68440009,83.74918884,4387.647143,15.04271786,-12.5811375,154.3281355,4495.674869,18.51015546,-10.4769891,71.81480018,4257.925972,,,,
,,,,,,,,24.21897539,-9.796209215,5.56825556,4292.902069,18.25461837,-10.68057339,83.39766103,4390.396799,15.05045874,-12.57895144,154.2307464,4496.869128,18.54555769,-10.47357664,71.44389146,4260.461815,,,,
,,,,,,,,24.22908254,-9.79355195,5.469243764,4292.95786,18.26046744,-10.67884186,83.33518958,4390.884425,15.0518349,-12.57818347,154.2134358,4497.081362,18.55185142,-10.47186447,71.37797361,4260.911266,,,,
,,,,,,,,24.24171649,-9.793401252,5.345539377,4293.026159,18.26777878,-10.67810837,83.25711523,4391.493417,15.05355509,-12.5777691,154.1917989,4497.34662,18.55971858,-10.47120183,71.29559297,4261.472469,,,,
,,,,,,,,24.26463394,-9.790857055,5.121099588,4293.148665,18.28100496,-10.67182701,83.11588464,4392.594591,15.05668549,-12.57436773,154.1524254,4497.829302,18.57394587,-10.46543593,71.14661615,4262.486812,,,,
,,,,,,,,24.27609266,-9.790521939,5.008908847,4293.204132,18.28761805,-10.67048182,83.04531088,4393.143076,15.05825069,-12.57361569,154.132744,4498.070505,18.58105951,-10.46421607,71.07216875,4262.991599,,,,
,,,,,,,,24.33338629,-9.790572585,4.447974342,4293.475047,18.3206835,-10.66668109,82.69248659,4395.883178,15.0660767,-12.57140854,154.0343429,4499.276363,18.61662774,-10.46083648,70.69997517,4265.512895,,,,
,,,,,,,,24.34357182,-9.78807315,4.348252136,4293.519856,18.3265618,-10.66495152,82.62978461,4396.369095,15.06746799,-12.5706364,154.0168524,4499.490657,18.62295098,-10.45912547,70.63382879,4265.959749,,,,
,,,,,,,,24.35630374,-9.787916105,4.223656442,4293.574407,18.33390968,-10.66422263,82.55142219,4396.975946,15.0692071,-12.57021841,153.9949907,4499.75849,18.63085503,-10.45846844,70.55116263,4266.517701,,,,
,,,,,,,,24.37939961,-9.785442482,3.997595979,4293.671956,18.34720131,-10.65797464,82.40967728,4398.07319,15.07237193,-12.56678763,153.9552081,4500.245858,18.64514879,-10.45274298,70.40167178,4267.526142,,,,
,,,,,,,,24.39094755,-9.785105153,3.884594313,4293.714857,18.35384713,-10.65663746,82.33884634,4398.619692,15.07395434,-12.56602898,153.9353222,4500.4894,18.65229567,-10.45153298,70.32696728,4268.027959,,,,
,,,,,,,,24.44868723,-9.785055467,3.319605459,4293.922846,18.38707621,-10.65286321,81.9847361,4401.349856,15.08186641,-12.56380178,153.8358989,4501.706955,18.68803007,-10.44818672,69.95348799,4270.534383,,,,
,,,,,,,,24.45895206,-9.782749835,3.219163506,4293.956418,18.3929836,-10.65113562,81.92180547,4401.833996,15.083273,-12.56302389,153.8182268,4501.923327,18.69438285,-10.44647674,69.88711293,4270.978581,,,,
,,,,,,,,24.4717831,-9.782583946,3.093663885,4293.996901,18.40036784,-10.65041142,81.84315733,4402.438622,15.08503124,-12.56260239,153.796138,4502.193756,18.70232383,-10.44582539,69.80416105,4271.533209,,,,
,,,,,,,,24.4950611,-9.780187528,2.865944868,4294.068915,18.41372459,-10.64419741,81.70090237,4403.531781,15.08823088,-12.55914194,153.7559422,4502.685848,18.7166842,-10.44014075,69.65415514,4272.535622,,,,
,,,,,,,,24.5067001,-9.779845349,2.752113252,4294.098959,18.42040297,-10.64286839,81.62981639,4404.076223,15.0898307,-12.55837682,153.7358499,4502.931749,18.72386439,-10.4389407,69.579193,4273.034406,,,,
,,,,,,,,24.56489511,-9.77966834,2.182975083,4294.242563,18.45379486,-10.63912109,81.27443088,4406.796068,15.0978298,-12.55613055,153.6353942,4504.161095,18.75976531,-10.4356282,69.20442538,4275.52564,,,,
,,,,,,,,24.57524089,-9.777594795,2.081796796,4294.264636,18.4597312,-10.63739552,81.21127348,4407.278362,15.09925186,-12.5553457,153.6175386,4504.379562,18.7661477,-10.43391912,69.13782117,4275.967128,,,,
,,,,,,,,24.58817311,-9.777417284,1.955371486,4294.290724,18.46715162,-10.63667608,81.13234198,4407.880677,15.10102943,-12.55492071,153.5952206,4504.652608,18.77412568,-10.43327351,69.05458298,4276.518361,,,,
,,,,,,,,24.61163877,-9.775104068,1.725937966,4294.336608,18.48057317,-10.63049665,80.98958128,4408.969599,15.10426425,-12.55143054,153.5546077,4505.149462,18.7885528,-10.42763004,68.90406085,4277.51462,,,,
,,,,,,,,24.6233716,-9.774753912,1.611248346,4294.353493,18.48728395,-10.62917592,80.9182424,4409.511904,15.10588166,-12.55065899,153.5343068,4505.39774,18.79576637,-10.42644007,68.8288405,4278.010306,,,,
,,,,,,,,24.68203574,-9.774420307,1.03782079,4294.431201,18.52083783,-10.62545607,80.56159232,4412.221046,15.11396872,-12.54839416,153.432809,4506.63897,18.83183417,-10.42316177,68.45278164,4280.486034,,,,
,,,,,,,,24.69246492,-9.772618765,0.935881593,4294.441505,18.52680296,-10.62373255,80.49821005,4412.701427,15.11540642,-12.54760182,153.4147682,4506.859547,18.83824623,-10.42145343,68.38594776,4280.924753,,,,
,,,,,,,,24.7055014,-9.772426555,0.808498779,4294.452858,18.53425938,-10.62301794,80.41899757,4413.301346,15.11720354,-12.54717329,153.3922187,4507.135232,18.8462613,-10.42081362,68.30242262,4281.472522,,,,
,,,,,,,,24.71652962,-9.771392034,0.700726262,4294.461774,18.54774547,-10.61687364,80.27573462,4414.385883,15.12047392,-12.54365339,153.3511846,4507.636884,18.86075539,-10.41521168,68.15138242,4282.462503,,,,
,,,,,,,,24.72204374,-9.771190311,0.646845708,4294.464895,18.55448851,-10.61556135,80.20414458,4414.925979,15.12210912,-12.54287538,153.3306733,4507.887558,18.86800243,-10.41403187,68.07590292,4282.955031,,,,
,,,,,,,,24.7496143,-9.770704627,0.3774485,4294.479016,18.58820373,-10.6118694,79.84623863,4417.62405,15.13028508,-12.54059201,153.2281232,4509.140765,18.90423765,-10.41078822,67.69854817,4285.414944,,,,
,,,,,,,,24.75451573,-9.770269834,0.329558044,4294.48075,18.59419754,-10.61014794,79.78263303,4418.102453,15.13173859,-12.53979217,153.2098954,4509.36347,18.91067947,-10.40908045,67.63148377,4285.85084,,,,
,,,,,,,,24.76064252,-9.770157605,0.269698976,4294.482584,18.60168981,-10.60943824,79.70314149,4418.699893,15.13355547,-12.53936005,153.1871121,4509.641813,18.91873174,-10.40844649,67.54767065,4286.395074,,,,
,,,,,,,,24.76432268,-9.769820369,0.233743273,4294.483577,18.61524017,-10.60332962,79.55937979,4419.7799,15.13686181,-12.53581033,153.1456527,4510.148302,18.93329302,-10.40288641,67.39611041,4287.378655,,,,
,,,,,,,,24.76616276,-9.76974812,0.215766042,4294.483924,18.62201535,-10.6020259,79.48754033,4420.317711,15.13851498,-12.53502582,153.1249289,4510.401392,18.94057365,-10.40171687,67.32037078,4287.867962,,,,
,,,,,,,,24.77536315,-9.769544831,0.12588055,4294.485496,18.65589125,-10.59836232,79.12838718,4423.004344,15.14678082,-12.53272365,153.0213163,4511.666671,18.97697684,-10.39850831,66.94171517,4290.31175,,,,
,,,,,,,,24.77699877,-9.76945132,0.10990124,4294.485689,18.66191363,-10.59664292,79.0645598,4423.480703,15.14825031,-12.53191651,153.0028996,4511.891521,18.98344851,-10.39680094,66.87441938,4290.744768,,,,
,,,,,,,,24.7790433,-9.769411348,0.089927333,4294.485893,18.66944161,-10.5959382,78.98479112,4424.075584,15.15008716,-12.53148076,152.9798803,4512.172543,18.99153811,-10.3961729,66.79031716,4291.285399,,,,
,,,,,,,,24.78027059,-9.769299746,0.077937479,4294.486003,18.68305605,-10.58986577,78.84053338,4425.150918,15.15342985,-12.52790109,152.9379915,4512.683907,19.00616685,-10.39065499,66.63823424,4292.262458,,,,
,,,,,,,,24.78088423,-9.76927523,0.071942621,4294.486042,18.68986327,-10.58857075,78.76844584,4425.686375,15.1551012,-12.52711002,152.917053,4512.939432,19.01348122,-10.38949582,66.56223313,4292.748484,,,,
,,,,,,,,24.78395244,-9.769203993,0.041968404,4294.486216,18.72389936,-10.58493597,78.40805223,4428.361217,15.16345792,-12.52478874,152.8123675,4514.21688,19.05005308,-10.38632279,66.18227,4295.175845,,,,
,,,,,,,,24.7844979,-9.769177285,0.036639694,4294.486238,18.72995022,-10.58321862,78.34400425,4428.835469,15.16494356,-12.5239745,152.7937601,4514.443891,19.05655474,-10.38461562,66.11474163,4295.605931,,,,
,,,,,,,,24.78517973,-9.76916369,0.029978825,4294.486261,18.7375138,-10.58251895,78.26395993,4429.427713,15.16680061,-12.52353509,152.7705025,4514.727614,19.06468182,-10.38399354,66.03034884,4296.142892,,,,
,,,,,,,,24.78558889,-9.769126581,0.025981699,4294.486273,18.75119216,-10.5764832,78.11920846,4430.498235,15.17018005,-12.5199253,152.72818,4515.243893,19.07937832,-10.37851811,65.87774043,4297.113307,,,,
,,,,,,,,24.78579347,-9.769118363,0.023983143,4294.486277,18.75803134,-10.57519699,78.04687401,4431.031269,15.17186977,-12.51912761,152.7070248,4515.501871,19.08672657,-10.37736942,65.80147646,4297.595992,,,,
,,,,,,,,24.78681636,-9.769094276,0.013990375,4294.486297,18.79222723,-10.57159147,77.68524571,4433.693973,15.18031837,-12.516787,152.6012558,4516.791585,19.12346783,-10.37423237,65.42019883,4300.006621,,,,
,,,,,,,,24.78699821,-9.769085818,0.012213887,4294.486299,18.7983065,-10.56987614,77.62097816,4434.166057,15.18182034,-12.51596575,152.5824559,4517.020774,19.12999961,-10.37252518,65.35243663,4300.433721,,,,
,,,,,,,,24.78722552,-9.76908126,0.009993279,4294.486302,18.80590558,-10.56918158,77.54065947,4434.755585,15.18369781,-12.51552264,152.5589576,4517.30722,19.13816434,-10.37190912,65.26775171,4300.966944,,,,
,,,,,,,,24.78742552,-9.769063135,0.008039463,4294.486304,18.81964773,-10.56318298,77.39541622,4435.821161,15.1871144,-12.51188257,152.5161972,4517.828452,19.15292894,-10.36647649,65.11461463,4301.930596,,,,
,,,,,,,,24.78752552,-9.769059115,0.007062557,4294.486304,18.8265188,-10.56190571,77.32283581,4436.351703,15.1888227,-12.51107822,152.4948232,4518.088904,19.16031124,-10.36533836,65.0380862,4302.409879,,,,
,,,,,,,,24.78802552,-9.7690473,0.002178027,4294.486306,18.86087417,-10.55832987,76.95997765,4439.001929,15.19736418,-12.50871813,152.38796,4519.390979,19.19722273,-10.36223774,64.65548604,4304.803475,,,,
,,,,,,,,24.78811441,-9.769043225,0.001309667,4294.486307,18.86698179,-10.55661652,76.89549138,4439.471784,15.19888267,-12.50788984,152.3689657,4519.622364,19.20378478,-10.36053032,64.58748859,4305.227535,,,,
,,,,,,,,24.78822552,-9.769040992,0.000224218,4294.486307,18.87461632,-10.55592714,76.81489939,4440.058522,15.20078077,-12.50744304,152.3452244,4519.911554,19.21198733,-10.35992034,64.50250976,4305.756953,,,,
,,,,,,,,24.78842552,-9.769022874,-0.00172959,4294.486307,18.88842213,-10.54996615,76.66916628,4441.119014,15.20423493,-12.5037725,152.3020218,4520.437778,19.2268204,-10.35453078,64.3488404,4306.713723,,,,
,,,,,,,,24.78852552,-9.769018855,-0.002706492,4294.486306,18.89532503,-10.54869793,76.59634087,4441.646997,15.20596201,-12.50296146,152.2804268,4520.700722,19.23423693,-10.35340332,64.2720457,4307.189544,,,,
,,,,,,,,24.78902552,-9.769007045,-0.007591002,4294.486304,18.92983956,-10.5451522,76.23225761,4444.284404,15.21459739,-12.50058182,152.1724589,4522.015256,19.27131958,-10.35033959,63.88811399,4309.565808,,,,
,,,,,,,,24.78911441,-9.769002972,-0.008459358,4294.486303,18.93597547,-10.5434408,76.16755345,4444.75197,15.21613257,-12.49974642,152.1532682,4522.248854,19.27791206,-10.34863169,63.81987966,4309.986774,,,,
,,,,,,,,24.78922552,-0.000385038,-0.009544803,4294.486302,18.94364536,-10.54275666,76.08668923,4445.335842,15.21805155,-12.49929591,152.1292816,4522.540809,19.28615265,-10.34802784,63.73460491,4310.512321,,,,
,,,,,,,,,,,,18.95751477,-10.53683371,75.94046742,4446.39112,15.22154367,-12.49559475,152.0856324,4523.072064,19.30105458,-10.34268163,63.58039927,4311.46209,,,,
,,,,,,,,,,,,18.96444948,-10.53557466,75.8673976,4446.916477,15.22328974,-12.494777,152.0638143,4523.33752,19.30850555,-10.34156493,63.50333628,4311.934389,,,,
,,,,,,,,,,,,18.999123,-10.53205945,75.50209212,4449.540738,15.23202006,-12.49237774,151.954731,4524.664609,19.34576039,-10.33853855,63.11806294,4314.293024,,,,
,,,,,,,,,,,,19.00528718,-10.53034993,75.43717059,4450.005956,15.23357211,-12.49153515,151.9353421,4524.900437,19.35238347,-10.33682992,63.04958995,4314.710844,,,,
,,,,,,,,,,,,19.01299241,-10.52967109,75.35603476,4450.58689,15.23551218,-12.49108092,151.9111077,4525.195178,19.36066233,-10.33623225,62.96401705,4315.232452,,,,
,,,,,,,,,,,,19.02692536,-10.52378661,75.2093254,4451.636821,15.2390427,-12.48734898,151.8670077,4525.731502,19.37563356,-10.33092967,62.80927094,4316.175101,,,,
,,,,,,,,,,,,19.03389183,-10.52253683,75.13601172,4452.159488,15.24080796,-12.48652448,151.8449643,4525.999489,19.38311917,-10.32982384,62.73193757,4316.643819,,,,
,,,,,,,,,,,,19.0687242,-10.51905257,74.76948683,4454.770274,15.24963424,-12.48410556,151.7347547,4527.339231,19.42054725,-10.32683527,62.34531215,4318.984524,,,,
,,,,,,,,,,,,19.07491662,-10.51734487,74.70434843,4455.233086,15.25120336,-12.48325569,151.7151656,4527.577305,19.42720113,-10.32512563,62.27659862,4319.399144,,,,
,,,,,,,,,,,,19.08265715,-10.51667139,74.62294162,4455.811007,15.25316476,-12.48279772,151.6906811,4527.874854,19.43551848,-10.32453421,62.19072524,4319.916748,,,,
,,,,,,,,,,,,19.09665361,-10.51082577,74.47574545,4456.855464,15.25673408,-12.47903486,151.6461259,4528.416287,19.45055946,-10.31927552,62.03543406,4320.852158,,,,
,,,,,,,,,,,,19.10365184,-10.50958538,74.40218828,4457.375375,15.25851874,-12.47820359,151.6238551,4528.686825,19.45807996,-10.31818065,61.95782801,4321.317235,,,,
,,,,,,,,,,,,19.13864298,-10.50613247,74.03444582,4459.972364,15.26744205,-12.47576492,151.5125082,4530.039315,19.49568243,-10.31523038,61.56983895,4323.639712,,,,
,,,,,,,,,,,,19.14486363,-10.50442652,73.96909086,4460.432713,15.26902842,-12.47490774,151.4927171,4530.279654,19.50236731,-10.31351945,61.50088284,4324.05108,,,,
,,,,,,,,,,,,19.15263944,-10.50375846,73.88741346,4461.00755,15.27101137,-12.474446,151.4679799,4530.580032,19.51072341,-10.31293432,61.41470642,4324.564612,,,,
,,,,,,,,,,,,19.16669945,-10.49795209,73.73973051,4462.046408,15.27461993,-12.47065208,151.4229652,4531.126613,19.52583471,-10.30771977,61.25886463,4325.492668,,,,
,,,,,,,,,,,,19.17372946,-10.49672118,73.66592985,4462.563501,15.27642421,-12.469814,151.4004647,4531.399721,19.53339035,-10.30663594,61.18098314,4325.954046,,,,
,,,,,,,,,,,,19.20887949,-10.49330003,73.29696983,4465.14638,15.2854456,-12.46735549,151.2879696,4532.765056,19.57116859,-10.30372445,60.79161662,4328.258006,,,,
,,,,,,,,,,,,19.21512838,-10.49159573,73.23139831,4465.60421,15.2870494,-12.46649095,151.2679744,4533.007676,19.57788472,-10.30201191,60.72241546,4328.666068,,,,
,,,,,,,,,,,,19.2229395,-10.49093314,73.14945034,4466.175894,15.28905415,-12.46602544,151.2429823,4533.310905,19.58627988,-10.30143314,60.63593293,4329.175464,,,,
,,,,,,,,,,,,19.23706307,-10.48516639,73.0012809,4467.209026,15.29270237,-12.46220031,151.1975035,4533.862673,19.601462,-10.29626296,60.47953534,4330.096046,,,,
,,,,,,,,,,,,19.24412485,-10.48394508,72.92723691,4467.723237,15.29452648,-12.46135539,151.1747711,4534.13837,19.60905306,-10.29519029,60.4013758,4330.553666,,,,
,,,,,,,,,,,,19.27943378,-10.48055609,72.55706006,4470.291689,15.30364702,-12.45887696,151.0611167,4535.516648,19.64700836,-10.29231807,60.01061878,4332.838807,,,,
,,,,,,,,,,,,19.28571092,-10.47885335,72.49127212,4470.746944,15.30526845,-12.45800503,151.0409155,4535.761567,19.65375597,-10.29060359,59.94117025,4333.243511,,,,
,,,,,,,,,,,,19.29355735,-10.47819629,72.40905373,4471.315404,15.30729524,-12.45753573,151.0156659,4536.067669,19.66219048,-10.29003123,59.8543787,4333.748704,,,,
,,,,,,,,,,,,19.30774459,-10.47246952,72.26039707,4472.342688,15.31098355,-12.45367923,150.9697186,4536.624662,19.67744403,-10.28490567,59.69741919,4334.661696,,,,
,,,,,,,,,,,,19.3148382,-10.47125789,72.18610937,4472.853958,15.31282771,-12.45282745,150.946752,4536.902967,19.68507081,-10.28384425,59.61897853,4335.115499,,,,
,,,,,,,,,,,,19.3503063,-10.46790146,71.81471382,4475.407679,15.32204849,-12.45032899,150.8319272,4538.294286,19.72320468,-10.2810118,59.22681568,4337.381529,,,,
,,,,,,,,,,,,19.35661174,-10.46620016,71.7487091,4475.860305,15.32368774,-12.44944964,150.811518,4538.541521,19.72998404,-10.27929504,59.15711704,4337.782823,,,,
,,,,,,,,,,,,19.36449354,-10.46554869,71.66621988,4476.425474,15.32573681,-12.44897653,150.7860084,4538.850516,19.73845823,-10.27872914,59.07001308,4338.283747,,,,
,,,,,,,,,,,,19.37874455,-10.45986222,71.51707521,4477.44679,15.32946565,-12.44508854,150.739588,4539.412774,19.75378382,-10.27364843,58.91248556,4339.189029,,,,
,,,,,,,,,,,,19.38587005,-10.45866038,71.4425434,4477.955057,15.33133008,-12.44422986,150.7163851,4539.693708,19.76144661,-10.27259835,58.83376073,4339.638955,,,,
,,,,,,,,,,,,19.42149758,-10.45533691,71.06992716,4480.493745,15.3406522,-12.44171129,150.6003785,4541.098164,19.79976057,-10.26980619,58.44017681,4341.885574,,,,
,,,,,,,,,,,,19.42783137,-10.45363692,71.00370533,4480.943687,15.34230946,-12.44082448,150.5797593,4541.347732,19.80657194,-10.26808678,58.37022535,4342.283404,,,,
,,,,,,,,,,,,19.4357486,-10.45299109,70.92094482,4481.505497,15.34438104,-12.44034753,150.5539872,4541.659643,19.81508615,-10.26752741,58.28280559,4342.779993,,,,
,,,,,,,,,,,,19.45006352,-10.44734526,70.77131099,4482.520725,15.34815087,-12.4364279,150.5070893,4542.227205,19.83048444,-10.26249177,58.12470328,4343.677448,,,,
,,,,,,,,,,,,19.45722099,-10.4461533,70.69653449,4483.02593,15.35003578,-12.4355623,150.4836477,4542.510787,19.83818358,-10.26145313,58.0456909,4344.123437,,,,
,,,,,,,,,,,,19.49300831,-10.44286319,70.32269463,4485.549284,15.35946034,-12.43302354,150.366448,4543.928477,19.87667929,-10.25870178,57.65066896,4346.350348,,,,
,,,,,,,,,,,,19.4993705,-10.44116437,70.25625515,4485.996489,15.36113582,-12.43212922,150.3456167,4544.180396,19.88352297,-10.25697934,57.58046166,4346.744661,,,,
,,,,,,,,,,,,19.50732324,-10.44052423,70.1732227,4486.554874,15.36323016,-12.43164843,150.3195796,4544.495244,19.89207758,-10.25642655,57.49272234,4347.236849,,,,
,,,,,,,,,,,,19.52170226,-10.43491935,70.02309818,4487.563896,15.36704141,-12.42769703,150.2721995,4545.068149,19.90754927,-10.25143619,57.33403802,4348.126358,,,,
,,,,,,,,,,,,19.52889177,-10.43373737,69.94807621,4488.065979,15.36894704,-12.42682446,150.248517,4545.354398,19.91528512,-10.25040908,57.25473447,4348.568351,,,,
,,,,,,,,,,,,19.56483933,-10.43048101,69.57300887,4490.573704,15.37847516,-12.42426544,150.1301127,4546.785421,19.95396436,-10.24769908,56.85825643,4350.775258,,,,
,,,,,,,,,,,,19.57123,-10.42878322,69.50635104,4491.01812,15.38016905,-12.42336358,150.1090674,4547.039707,19.96084067,-10.24597321,56.78779009,4351.166001,,,,
,,,,,,,,,,,,19.57921835,-10.42814882,69.42304581,4491.573013,15.38228641,-12.42287893,150.0827627,4547.357513,19.96943606,-10.24542705,56.69972718,4351.65372,,,,
,,,,,,,,,,,,19.59366167,-10.42258519,69.27242868,4492.575713,15.38613953,-12.4188956,150.0348958,4547.935801,19.98498187,-10.24048219,56.54045363,4352.535164,,,,
,,,,,,,,,,,,19.60088333,-10.42141327,69.19716029,4493.074615,15.38806609,-12.41801606,150.01097,4548.224737,19.99275478,-10.23946672,56.46085529,4352.9731,,,,
,,,,,,,,,,,,19.63699164,-10.41819106,68.82086068,4495.566418,15.39769891,-12.41543669,149.8913495,4549.669189,20.03161933,-10.23679862,56.06290305,4355.159697,,,,
,,,,,,,,,,,,19.6434109,-10.41649414,68.75398365,4496.007992,15.39941141,-12.41452724,149.8700881,4549.92586,20.03852858,-10.23506888,55.99217442,4355.546816,,,,
,,,,,,,,,,,,19.65143497,-10.41586553,68.67040455,4496.559329,15.40155203,-12.41403871,149.8435133,4550.246647,20.04716515,-10.23452942,55.90378392,4356.029999,,,,
,,,,,,,,,,,,19.66594281,-10.41034345,68.51929284,4497.555588,15.40544749,-12.41002334,149.7951549,4550.830356,20.06278589,-10.22963025,55.74391297,4356.903258,,,,
,,,,,,,,,,,,19.67319673,-10.40918169,68.44377704,4498.051251,15.40739522,-12.40913678,149.7709836,4551.121999,20.07059626,-10.22862652,55.66401576,4357.337078,,,,
,,,,,,,,,,,,19.70946633,-10.40599403,68.06624017,4500.526838,15.41713387,-12.40653699,149.6501354,4552.579978,20.10964812,-10.22600089,55.26456891,4359.503066,,,,
,,,,,,,,,,,,19.71591426,-10.4042978,67.99914306,4500.965518,15.41886519,-12.40561991,149.6286557,4552.839051,20.11659067,-10.22426682,55.19357437,4359.886507,,,,
,,,,,,,,,,,,19.72397417,-10.40367503,67.91528899,4501.513232,15.42102933,-12.40512749,149.6018082,4553.162839,20.12526886,-10.22373412,55.10485174,4360.365087,,,,
,,,,,,,,,,,,19.73854683,-10.39819476,67.76367975,4502.502939,15.42496758,-12.40107994,149.5529537,4553.752009,20.14096535,-10.21888084,54.94437499,4361.23004,,,,
,,,,,,,,,,,,19.74583316,-10.39704325,67.68791505,4502.995306,15.42693671,-12.40018634,149.5285344,4554.046378,20.1488136,-10.21788894,54.8641747,4361.659682,,,,
,,,,,,,,,,,,19.78226482,-10.39389054,67.30913354,4505.454394,15.43678235,-12.39756606,149.4064467,4555.51798,20.18805483,-10.21530636,54.46321219,4363.804757,,,,
,,,,,,,,,,,,19.78874156,-10.39219481,67.24181503,4505.89013,15.43853268,-12.3966413,149.3847468,4555.779473,20.19503104,-10.21356749,54.39194799,4364.184467,,,,
,,,,,,,,,,,,19.79683748,-10.39157793,67.15768435,4506.434159,15.4407206,-12.39614498,149.357624,4556.106285,20.20375132,-10.2130416,54.30288855,4364.658376,,,,
,,,,,,,,,,,,19.81147525,-10.38613975,67.00557485,4507.417197,15.44470212,-12.39206512,149.3082685,4556.700954,20.21952441,-10.2082344,54.1417973,4365.5149,,,,
,,,,,,,,,,,,19.81879413,-10.38499857,66.9295599,4507.906212,15.44669288,-12.39116445,149.2835989,4556.998068,20.22741096,-10.20725445,54.06128959,4365.940304,,,,
,,,,,,,,,,,,19.85538855,-10.38188122,66.54952692,4510.348511,15.45664667,-12.3885236,149.1602599,4558.483392,20.26684369,-10.20471551,53.65878966,4368.064157,,,,
,,,,,,,,,,,,19.86189423,-10.38018579,66.48198578,4510.781251,15.45841623,-12.38759113,149.1383376,4558.747322,20.27385395,-10.20297134,53.58725192,4368.440079,,,,
,,,,,,,,,,,,19.87002632,-10.37957485,66.39757697,4511.321531,15.46062818,-12.3870909,149.1109369,4559.077178,20.28261678,-10.20245233,53.49785085,4368.909248,,,,
,,,,,,,,,,,,19.88472951,-10.37417902,66.24496411,4512.297787,15.46465343,-12.3829786,149.0610757,4559.677387,20.2984674,-10.19769139,53.33613569,4369.757222,,,,
,,,,,,,,,,,,19.8920811,-10.37304827,66.16869735,4512.78339,15.46666606,-12.38207084,149.0361535,4559.977265,20.30639271,-10.19672348,53.25531584,4370.178325,,,,
,,,,,,,,,,,,19.92883908,-10.36996669,65.78740512,4515.208614,15.47672918,-12.37940934,148.9115511,4561.476408,20.34601925,-10.1942288,52.85125494,4372.280648,,,,
,,,,,,,,,,,,19.93537383,-10.36827134,65.71963997,4515.638308,15.47851818,-12.37846913,148.8894044,4561.742791,20.35306397,-10.1924788,52.77943947,4372.652728,,,,
,,,,,,,,,,,,19.94354227,-10.36766639,65.6349513,4516.174774,15.48075443,-12.37796496,148.8617231,4562.075713,20.36186986,-10.19196673,52.68969154,4373.117087,,,,
,,,,,,,,,,,,19.95831123,-10.36231317,65.4818316,4517.144134,15.48482389,-12.3738201,148.8113515,4562.6815,20.37779894,-10.18725223,52.52734294,4373.956385,,,,
,,,,,,,,,,,,19.96569571,-10.36119292,65.40531128,4517.62627,15.48685862,-12.37290522,148.7861741,4562.984163,20.38576348,-10.18629647,52.44620619,4374.373125,,,,
,,,,,,,,,,,,20.00261813,-10.35814752,65.02275105,4520.034134,15.49703227,-12.37022301,148.6602965,4564.497221,20.42558616,-10.18384667,52.0405605,4376.453602,,,,
,,,,,,,,,,,,20.00918211,-10.35645204,64.95476034,4520.460729,15.49884091,-12.36927501,148.6379232,4564.766075,20.43266575,-10.18209029,51.96846305,4376.821783,,,,
,,,,,,,,,,,,20.01738709,-10.35585313,64.86978987,4520.993318,15.50110172,-12.36876689,148.6099586,4565.102085,20.44151524,-10.18158523,51.87836297,4377.281263,,,,
,,,,,,,,,,,,20.03222225,-10.35054275,64.71615919,4521.955671,15.50521587,-12.36458935,148.5590717,4565.713488,20.45752378,-10.17691734,51.71537066,4378.111759,,,,
,,,,,,,,,,,,20.03963982,-10.34943309,64.63938324,4522.434284,15.50727295,-12.36366733,148.5336368,4566.018955,20.46552805,-10.17597383,51.63391188,4378.524072,,,,
,,,,,,,,,,,,20.07672771,-10.34642429,64.25554465,4524.824509,15.51755832,-12.36096434,148.4064719,4567.546025,20.50554939,-10.17356957,51.22665569,4380.582386,,,,
,,,,,,,,,,,,20.08332111,-10.34472842,64.18732652,4525.247957,15.51938683,-12.36000852,148.3838697,4567.817368,20.5126643,-10.17180622,51.1542717,4380.946612,,,,
,,,,,,,,,,,,20.09156286,-10.3441356,64.10207195,4525.776606,15.52167247,-12.35949644,148.3556193,4568.156486,20.52155793,-10.17130823,51.06381375,4381.401142,,,,
,,,,,,,,,,,,20.10646463,-10.33886829,63.94792606,4526.73184,15.52583179,-12.35528609,148.3042121,4568.773545,20.537647,-10.16668711,50.90016692,4382.222711,,,,
,,,,,,,,,,,,20.11391551,-10.33776931,63.87089236,4527.206873,15.52791146,-12.35435691,148.2785173,4569.081835,20.54569153,-10.16575595,50.81838068,4382.630533,,,,
,,,,,,,,,,,,20.15116993,-10.33479754,63.48576481,4529.579177,15.53830977,-12.35163308,148.1500528,4570.623013,20.58591419,-10.16339791,50.40948693,4384.666365,,,,
,,,,,,,,,,,,20.15779293,-10.33310102,63.41731737,4529.999427,15.54015836,-12.35066938,148.1272197,4570.896861,20.59306488,-10.16162698,50.33681157,4385.026579,,,,
,,,,,,,,,,,,20.16607169,-10.33251433,63.33177634,4530.524074,15.54246909,-12.35015333,148.0986807,4571.23911,20.60200325,-10.16113613,50.24598976,4385.476086,,,,
,,,,,,,,,,,,20.18104055,-10.32729031,63.17711037,4531.472079,15.54667409,-12.34591007,148.0467484,4571.861864,20.61817394,-10.15656192,50.08167721,4386.288598,,,,
,,,,,,,,,,,,20.18852499,-10.32620211,63.09981648,4531.943477,15.54877658,-12.34497369,148.0207912,4572.172995,20.62625928,-10.15564324,49.99955791,4386.691865,,,,
,,,,,,,,,,,,20.22594714,-10.32326778,62.71338775,4534.297582,15.55928906,-12.34222895,147.8910149,4573.728379,20.666686,-10.15333209,49.58899859,4388.704889,,,,
,,,,,,,,,,,,20.23259997,-10.32157034,62.64470883,4534.714585,15.56115795,-12.34125736,147.8679487,4574.004749,20.67387297,-10.15155293,49.51602687,4389.061032,,,,
,,,,,,,,,,,,20.240916,-10.32098984,62.55887864,4535.235168,15.56349405,-12.34073732,147.8391182,4574.35015,20.68285669,-10.15106929,49.42483498,4389.505445,,,,
,,,,,,,,,,,,20.25595242,-10.31580934,62.40368786,4536.17583,15.56774521,-12.33646102,147.7866559,4574.978637,20.69911016,-10.14654215,49.25984492,4390.30877,,,,
,,,,,,,,,,,,20.26347064,-10.31473198,62.32613141,4536.643536,15.56987079,-12.33551744,147.7604338,4575.29263,20.70723689,-10.14563604,49.17738667,4390.707416,,,,
,,,,,,,,,,,,20.3010617,-10.31183554,61.9383897,4538.979158,15.58049867,-12.33275173,147.6293333,4576.862314,20.74787056,-10.1433725,48.76513228,4392.697302,,,,
,,,,,,,,,,,,20.30774455,-10.31013689,61.8694772,4539.392863,15.58238807,-12.33177219,147.6060318,4577.141224,20.75509432,-10.14158443,48.69185897,4393.049316,,,,
,,,,,,,,,,,,20.31609812,-10.30956263,61.7833552,4539.909319,15.58474983,-12.33124815,147.5769072,4577.489798,20.76412402,-10.14110807,48.60029045,4393.48856,,,,
,,,,,,,,,,,,20.33120261,-10.30442586,61.6276345,4540.842526,15.58904764,-12.32693872,147.5239098,4578.124056,20.78046149,-10.13662814,48.43461047,4394.282565,,,,
,,,,,,,,,,,,20.33875486,-10.30335945,61.54981294,4541.306483,15.59119655,-12.3259879,147.4974203,4578.440929,20.78863022,-10.13573471,48.35180708,4394.676523,,,,
,,,,,,,,,,,,20.37651609,-10.30050135,61.16074542,4543.623338,15.6019411,-12.32320116,147.3649832,4580.025011,20.82947387,-10.13351951,47.93782661,4396.642938,,,,
,,,,,,,,,,,,20.3832292,-10.29880119,61.09159705,4544.033695,15.60385124,-12.32221365,147.3414442,4580.306477,20.83673497,-10.13172183,47.86424617,4396.990762,,,,
,,,,,,,,,,,,20.39162058,-10.29823321,61.00518041,4544.54596,15.60623891,-12.3216856,147.3120228,4580.658244,20.84581134,-10.13125281,47.77229414,4397.424763,,,,
,,,,,,,,,,,,20.40679371,-10.29314038,60.84892401,4545.4716,15.6105839,-12.31734292,147.2584852,4581.298313,20.86223406,-10.12682021,47.60591141,4398.209314,,,,
,,,,,,,,,,,,20.41438027,-10.29208499,60.77083444,4545.931752,15.61275639,-12.31638485,147.2317259,4581.618086,20.87044542,-10.12593959,47.52275644,4398.598516,,,,
,,,,,,,,,,,,20.45231309,-10.28926569,60.38042666,4548.229561,15.62361886,-12.31357702,147.0979396,4583.216659,20.91150222,-10.12377348,47.10701775,4400.541118,,,,
,,,,,,,,,,,,20.4590567,-10.28756369,60.31103984,4548.636519,15.62554996,-12.3125815,147.0741608,4583.500698,20.9188012,-10.12196543,47.03312446,4400.884693,,,,
,,,,,,,,,,,,20.46748622,-10.28700205,60.22432535,4549.144532,15.62796384,-12.31204943,147.0444397,4583.855681,20.92792494,-10.12150383,46.94078179,4401.313373,,,,
,,,,,,,,,,,,20.48272858,-10.28195335,60.0675271,4550.062493,15.63235651,-12.3076734,146.990357,4584.501598,20.94443423,-10.11711869,46.77368297,4402.088332,,,,
,,,,,,,,,,,,20.49034977,-10.28090907,59.98916645,4550.518785,15.63455284,-12.30670805,146.9633253,4584.824289,20.95268887,-10.11625098,46.69016975,4402.472708,,,,
,,,,,,,,,,,,20.52845568,-10.27812902,59.59740299,4552.797267,15.64553451,-12.30387908,146.8281771,4586.437449,20.99396209,-10.11413475,46.2726395,4404.39115,,,,
,,,,,,,,,,,,20.53523007,-10.27642485,59.52777498,4553.200777,15.6474868,-12.30287551,146.8041563,4586.724078,21.00129955,-10.11231555,46.19842743,4404.730412,,,,
,,,,,,,,,,,,20.54369805,-10.2758696,59.44075921,4553.704474,15.64992717,-12.3023394,146.7741329,4587.082297,21.01047138,-10.11186145,46.1056867,4405.153695,,,,
,,,,,,,,,,,,20.55901027,-10.27086522,59.2834128,4554.614644,15.65436803,-12.29792993,146.7194999,4587.734101,21.02706861,-10.10752387,45.93785776,4405.918922,,,,
,,,,,,,,,,,,20.56666638,-10.26983214,59.20477791,4555.067019,15.65658846,-12.29695728,146.6921932,4588.059729,21.03536723,-10.1066692,45.85397929,4406.298402,,,,
,,,,,,,,,,,,20.60494694,-10.26709183,58.81164299,4557.32589,15.66769061,-12.29410712,146.5556705,4589.687571,21.07686032,-10.10460363,45.43462238,4408.19233,,,,
,,,,,,,,,,,,20.61175238,-10.26538512,58.74177099,4557.725902,15.66966433,-12.29309547,146.5314054,4589.976807,21.08423687,-10.10277246,45.36008528,4408.527216,,,,
,,,,,,,,,,,,20.62025917,-10.26483631,58.65445044,4558.225219,15.67213147,-12.29255532,146.5010767,4590.338282,21.09345755,-10.10232594,45.26693872,4408.945022,,,,
,,,,,,,,,,,,20.6356419,-10.25987644,58.49654915,4559.127485,15.67662105,-12.2881123,146.4458883,4590.99601,21.11014419,-10.09803602,45.09836491,4409.700375,,,,
,,,,,,,,,,,,20.64333327,-10.25885464,58.41763666,4559.575886,15.67886584,-12.28713234,146.4183041,4591.324595,21.1184875,-10.09719449,45.01411379,4410.074887,,,,
,,,,,,,,,,,,20.68179012,-10.25615456,58.02311348,4561.814862,15.69008978,-12.28426094,146.2803941,4592.967212,21.16020409,-10.09518042,44.59289334,4411.943941,,,,
,,,,,,,,,,,,20.68862689,-10.25444494,57.95299448,4562.211323,15.69208514,-12.28324116,146.2558825,4593.259071,21.16762037,-10.09333642,44.51802464,4412.274387,,,,
,,,,,,,,,,,,20.69717286,-10.25390262,57.86536542,4562.706198,15.69457935,-12.28269696,146.2252456,4593.623824,21.17689072,-10.09289755,44.42446405,4412.686636,,,,
,,,,,,,,,,,,20.7126268,-10.24898744,57.70690213,4563.600447,15.69911817,-12.27822031,146.1694967,4594.287514,21.19366828,-10.08865537,44.25512987,4413.43197,,,,
,,,,,,,,,,,,20.72035378,-10.24797702,57.62770846,4564.044816,15.70138758,-12.27723302,146.1416324,4594.619074,21.20205706,-10.08782711,44.17049837,4413.801441,,,,
,,,,,,,,,,,,20.75898865,-10.24531765,57.23177917,4566.263611,15.71273462,-12.27434033,146.0023221,4596.276559,21.24400095,-10.08586538,43.7473756,4415.645254,,,,
,,,,,,,,,,,,20.76585707,-10.24360473,57.16141001,4566.656472,15.71475187,-12.2733124,145.9775617,4596.571059,21.25145764,-10.08400765,43.67216841,4415.971195,,,,
,,,,,,,,,,,,20.7744426,-10.24306895,57.07346846,4567.14684,15.71727344,-12.27276413,145.9466138,4596.93911,21.26077851,-10.08357651,43.5781852,4416.377804,,,,
,,,,,,,,,,,,20.78996852,-10.23819863,56.91443539,4568.032958,15.72186202,-12.26825376,145.8902992,4597.608799,21.27764858,-10.07938214,43.40807455,4417.112971,,,,
,,,,,,,,,,,,20.79773148,-10.23719967,56.83495666,4568.473239,15.72415632,-12.26725911,145.8621522,4597.943353,21.28608362,-10.07856726,43.3230546,4417.477326,,,,
,,,,,,,,,,,,20.83654628,-10.23458154,56.43760179,4570.67157,15.73562779,-12.2643451,145.7214287,4599.615799,21.32825879,-10.07665874,42.89798924,4419.295525,,,,
,,,,,,,,,,,,20.84344669,-10.23286488,56.36697899,4571.060779,15.73766716,-12.26330898,145.6964171,4599.912955,21.3357566,-10.07478633,42.82243637,4419.616893,,,,
,,,,,,,,,,,,20.8520722,-10.2323357,56.27872065,4571.546577,15.74021638,-12.26275664,145.6651554,4600.284326,21.34512887,-10.074363,42.7280216,4420.017778,,,,
,,,,,,,,,,,,20.86767085,-10.22751042,56.11911006,4572.424449,15.74485527,-12.25821246,145.6082698,4600.960051,21.3620931,-10.07021649,42.55711771,4420.742627,,,,
,,,,,,,,,,,,20.87547017,-10.22652302,56.03934239,4572.860584,15.74717472,-12.25721045,145.5798375,4601.297617,21.37057522,-10.06941513,42.47170094,4421.101789,,,,
,,,,,,,,,,,,20.91446679,-10.22394664,55.64054259,4575.038158,15.75877196,-12.25427506,145.4376877,4602.985117,21.41298582,-10.0675607,42.04465106,4422.893988,,,,
,,,,,,,,,,,,20.92139952,-10.22222582,55.5696627,4575.423663,15.76083369,-12.25323072,145.4124227,4603.284945,21.42052548,-10.06567262,41.96874506,4423.210715,,,,
,,,,,,,,,,,,20.93006544,-10.22170329,55.48108326,4575.904826,15.76341085,-12.25267431,145.3808442,4603.659655,21.42995005,-10.06525719,41.87388942,4423.60579,,,,
,,,,,,,,,,,,20.94573761,-10.21692321,55.32088696,4576.774335,15.76810059,-12.24809624,145.3233823,4604.341453,21.4470102,-10.06115858,41.70217467,4424.320165,,,,
,,,,,,,,,,,,20.9535737,-10.21594745,55.24082627,4577.206265,15.77044547,-12.24708684,145.2946621,4604.68205,21.45554027,-10.06037084,41.61635226,4424.674056,,,,
,,,,,,,,,,,,20.99275413,-10.21341337,54.84056104,4579.362788,15.78216982,-12.24413005,145.1510729,4606.384695,21.49819064,-10.05857144,41.18727379,4426.439863,,,,
,,,,,,,,,,,,20.99971954,-10.21168793,54.76942043,4579.744538,15.78425415,-12.24307745,145.1255521,4606.687212,21.50577292,-10.05666665,41.11100681,4426.751879,,,,
,,,,,,,,,,,,21.0084263,-10.21117211,54.68051534,4580.221,15.78685956,-12.24251695,145.0936539,4607.065281,21.51525078,-10.0562592,41.01570053,4427.141056,,,,
,,,,,,,,,,,,21.02417287,-10.20643739,54.51972448,4581.08203,15.7916007,-12.23790492,145.0356105,4607.75319,21.53240865,-10.0522085,40.84315655,4427.844798,,,,
,,,,,,,,,,,,21.03204615,-10.20547336,54.43936632,4581.509697,15.79397127,-12.23688813,145.0065997,4608.096834,21.54098758,-10.05143451,40.75691932,4428.193338,,,,
,,,,,,,,,,,,21.07141256,-10.20298213,54.0376135,4583.644876,15.80582411,-12.23390989,144.8615578,4609.814715,21.58388226,-10.04969106,40.32576633,4429.932351,,,,
,,,,,,,,,,,,21.07841103,-10.20125158,53.96620821,4584.022817,15.80793128,-12.232849,144.8357789,4610.119937,21.59150798,-10.0477685,40.2491302,4430.239582,,,,
,,,,,,,,,,,,21.08715912,-10.20074253,53.87697255,4584.494513,15.81056524,-12.23228441,144.8035581,4610.501385,21.60104013,-10.0473691,40.15336308,4430.622771,,,,
,,,,,,,,,,,,21.10298096,-10.19605332,53.71557803,4585.346946,15.81535832,-12.22763835,144.7449278,4611.19544,21.61829761,-10.04336632,39.97997072,4431.315717,,,,
,,,,,,,,,,,,21.11089188,-10.19510112,53.63491786,4585.770289,15.81775486,-12.22661415,144.7156238,4611.542152,21.62692636,-10.04260619,39.89330908,4431.658824,,,,
,,,,,,,,,,,,21.15044648,-10.19265331,53.23165468,4587.883826,15.82973756,-12.22361444,144.5691159,4613.275358,21.67007008,-10.04091966,39.46003367,4433.370628,,,,
,,,,,,,,,,,,21.15747841,-10.19091715,53.15998066,4588.257906,15.83186782,-12.22254523,144.5430765,4613.583301,21.67774008,-10.03897819,39.38301986,4433.673001,,,,
,,,,,,,,,,,,21.16626832,-10.19041492,53.07040939,4588.724769,15.83453064,-12.22197654,144.5105301,4613.968148,21.68732757,-10.03858695,39.28678128,4434.050109,,,,
,,,,,,,,,,,,21.18216638,-10.18577137,52.90840163,4589.568485,15.83937622,-12.21729637,144.4513076,4614.668385,21.70468668,-10.03463205,39.11252038,4434.732092,,,,
,,,,,,,,,,,,21.1901154,-10.1848311,52.82743466,4589.987445,15.84179901,-12.21626475,144.4217077,4615.018181,21.71336623,-10.0338859,39.02542426,4435.069681,,,,
,,,,,,,,,,,,21.22986054,-10.18242729,52.42263719,4592.079039,15.85391295,-12.21324354,144.2737205,4616.766802,21.756764,-10.03225726,38.58997602,4436.753853,,,,
,,,,,,,,,,,,21.23692634,-10.18068498,52.35069018,4592.449203,15.85606654,-12.21216599,144.2474182,4617.077481,21.76447915,-10.0302957,38.51257557,4437.051293,,,,
,,,,,,,,,,,,21.24575859,-10.18018963,52.26077797,4592.911165,15.85875853,-12.21159319,144.2145433,4617.465748,21.7741231,-10.0299127,38.41585434,4437.422224,,,,
,,,,,,,,,,,,21.26173382,-10.17559189,52.09814714,4593.746043,15.86365717,-12.20687886,144.1547231,4618.172202,21.7915859,-10.02600563,38.240704,4438.093073,,,,
,,,,,,,,,,,,21.26972143,-10.17466364,52.01686844,4594.160559,15.86610649,-12.20583981,144.1248246,4618.5251,21.8003173,-10.02527358,38.15316294,4438.425056,,,,
,,,,,,,,,,,,21.3096595,-10.17230444,51.61051204,4596.229902,15.87835308,-12.20279707,143.9753446,4620.289223,21.84397429,-10.02370383,37.71548962,4440.081159,,,,
,,,,,,,,,,,,21.3167596,-10.17055544,51.53828766,4596.596096,15.88053025,-12.20171113,143.948777,4620.602655,21.85173554,-10.02172096,37.63769321,4440.373587,,,,
,,,,,,,,,,,,21.32563472,-10.17006703,51.44802904,4597.053089,15.88325172,-12.20113422,143.9155706,4620.99436,21.86143709,-10.02134629,37.54047774,4440.738244,,,,
,,,,,,,,,,,,21.34168814,-10.16551523,51.28476477,4597.879006,15.88820398,-12.19638567,143.8551474,4621.707067,21.87900578,-10.01748696,37.3644158,4441.397781,,,,
,,,,,,,,,,,,21.34971484,-10.1645991,51.20316916,4598.289015,15.89068011,-12.19533918,143.8249475,4622.063084,21.88779013,-10.01676912,37.27641874,4441.72407,,,,
,,,,,,,,,,,,21.38984837,-10.16228513,50.79522792,4600.335798,15.90306077,-12.1922749,143.6739612,4623.842797,21.93171186,-10.01525927,36.83646494,4443.351657,,,,
,,,,,,,,,,,,21.39698322,-10.16052885,50.72272155,4600.697966,15.90526177,-12.19118055,143.647126,4624.158996,21.93952016,-10.01325383,36.75826272,4443.638993,,,,
,,,,,,,,,,,,21.40590178,-10.16004745,50.63211077,4601.14992,15.90801303,-12.19059953,143.613585,4624.554158,21.94928055,-10.01288756,36.66054071,4443.997275,,,,
,,,,,,,,,,,,21.42203444,-10.15554172,50.46820218,4601.966751,15.91301948,-12.1858167,143.5525533,4625.273154,21.96695743,-10.00907586,36.48354402,4444.64532,,,,
,,,,,,,,,,,,21.43010077,-10.1546378,50.38628422,4602.372191,15.91552271,-12.18476277,143.5220494,4625.632307,21.97579588,-10.00837234,36.39507936,4444.965822,,,,
,,,,,,,,,,,,21.47043243,-10.15236971,49.97673091,4604.396099,15.92803886,-12.18167691,143.3695432,4627.427696,22.0199881,-10.00692341,35.95278717,4446.564433,,,,
,,,,,,,,,,,,21.4776025,-10.15060553,49.9039377,4604.754185,15.93026395,-12.18057413,143.3424379,4627.746677,22.02784449,-10.00489407,35.87416882,4446.846594,,,,
,,,,,,,,,,,,21.48656509,-10.1501312,49.81296873,4605.201031,15.93304531,-12.17998899,143.3085594,4628.145316,22.03766499,-10.0045363,35.77592744,4447.198398,,,,
,,,,,,,,,,,,21.50277811,-10.14567166,49.64840439,4606.00865,15.93810654,-12.17517184,143.2469137,4628.870633,22.05545247,-10.00077207,35.59797189,4447.834762,,,,
,,,,,,,,,,,,21.51088462,-10.14478007,49.56615837,4606.409458,15.94063715,-12.17411045,143.216103,4629.232941,22.06434622,-10.00008298,35.50902759,4448.149383,,,,
,,,,,,,,,,,,21.55141719,-10.14255851,49.15496443,4608.410172,15.95329022,-12.17100302,143.0620632,4631.044089,22.10881493,-9.99869599,35.06433675,4449.718541,,,,
,,,,,,,,,,,,21.55862298,-10.14078579,49.08187929,4608.76412,15.95553965,-12.16989177,143.0346854,4631.365868,22.11672048,-9.996641388,34.98529157,4449.995442,,,,
,,,,,,,,,,,,21.56763021,-10.14031859,48.99054578,4609.205785,15.95835144,-12.1693025,143.0004663,4631.768002,22.12660242,-9.996292211,34.88651743,4450.340661,,,,
,,,,,,,,,,,,21.58392476,-10.13590537,48.82531392,4610.004064,15.96346802,-12.164451,142.9382011,4632.499675,22.14450303,-9.992575261,34.70757764,4450.965151,,,,
,,,,,,,,,,,,21.59207203,-10.1350262,48.74273395,4610.400174,15.96602631,-12.16338215,142.907081,4632.865153,22.15345334,-9.991900696,34.61814101,4451.273793,,,,
,,,,,,,,,,,,21.63280839,-10.13285184,48.3298699,4612.377371,15.97881775,-12.16025313,142.7514938,4634.692146,22.19820488,-9.990576676,34.17098805,4452.813007,,,,
,,,,,,,,,,,,21.64005041,-10.13106993,48.25648759,4612.727121,15.98109178,-12.15913339,142.723841,4635.016737,22.20616071,-9.988495404,34.09150472,4453.08456,,,,
,,,,,,,,,,,,21.64910293,-10.13060992,48.164783,4613.163534,15.98393432,-12.15853999,142.6892783,4635.422385,22.2161055,-9.988154899,33.99218376,4453.423084,,,,
,,,,,,,,,,,,21.66548022,-10.12624312,47.99887106,4613.952343,15.98910683,-12.1536541,142.6263881,4636.160446,22.23412191,-9.984484991,33.81223311,4454.035501,,,,
,,,,,,,,,,,,21.67366886,-10.12537646,47.91595086,4614.34369,15.99169308,-12.15257777,142.5949557,4636.529111,22.24313011,-9.983825045,33.72229085,4454.338062,,,,
,,,,,,,,,,,,21.71461209,-10.12325001,47.5013853,4616.297041,16.00462436,-12.14942717,142.4378074,4638.37203,22.28817112,-9.98256502,33.27260925,4455.846826,,,,
,,,,,,,,,,,,21.72189088,-10.12145819,47.42770024,4616.642536,16.00692325,-12.1482989,142.4098771,4638.699448,22.29617841,-9.980455627,33.19267595,4456.11294,,,,
,,,,,,,,,,,,21.73098938,-10.12100545,47.33561759,4617.073623,16.00979687,-12.14770138,142.3749677,4639.108627,22.30618753,-9.980123877,33.0927934,4456.444654,,,,
,,,,,,,,,,,,21.74745068,-10.11668516,47.16901263,4617.852829,16.0150259,-12.14278106,142.311447,4639.853111,22.3243225,-9.97650073,32.91180413,4457.04479,,,,
,,,,,,,,,,,,21.75568133,-10.11583113,47.08574571,4618.239347,16.01764041,-12.14169727,142.2796995,4640.224979,22.33338998,-9.975855488,32.82134235,4457.341166,,,,
,,,,,,,,,,,,21.7968346,-10.11375329,46.66944624,4620.168517,16.03071299,-12.13852507,142.1209762,4642.083904,22.37872742,-9.974660469,32.36906269,4458.818954,,,,
,,,,,,,,,,,,21.80415073,-10.11195084,46.59545265,4620.509697,16.033037,-12.13738826,142.0927661,4642.414164,22.3867874,-9.972521474,32.28866705,4459.079535,,,,
,,,,,,,,,,,,21.8132959,-10.11150543,46.50298476,4620.935382,16.03594202,-12.13678661,142.0575069,4642.826893,22.39686239,-9.972198558,32.18820751,4459.404321,,,,
,,,,,,,,,,,,21.82984254,-10.10723175,46.33567338,4621.70485,16.04122817,-12.13183184,141.9933501,4643.57783,22.41511887,-9.968621833,32.0061502,4459.991965,,,,
,,,,,,,,,,,,21.83811585,-10.10639046,46.25205304,4622.08647,16.04387124,-12.13074057,141.9612848,4643.952916,22.42424712,-9.967991368,31.9151542,4460.282047,,,,
,,,,,,,,,,,,21.87948244,-10.10436197,45.83398617,4623.991117,16.05708661,-12.12754678,141.8009726,4645.827928,22.46988833,-9.966862343,31.46020295,4461.728316,,,,
,,,,,,,,,,,,21.8868365,-10.10254812,45.75967809,4624.32792,16.05943601,-12.1264014,141.7724801,4646.161043,22.47800233,-9.96469223,31.37933188,4461.983267,,,,
,,,,,,,,,,,,21.89602908,-10.10211011,45.66681752,4624.748127,16.06237276,-12.12579562,141.7368681,4646.577339,22.48814482,-9.964378223,31.27827905,4462.301003,,,,
,,,,,,,,,,,,21.9126624,-10.09788312,45.49878585,4625.507718,16.06771662,-12.1208064,141.6720695,4647.334761,22.50652589,-9.960847531,31.09512309,4462.875932,,,,
,,,,,,,,,,,,21.92097906,-10.09705467,45.41480517,4625.884369,16.07038855,-12.11970765,141.6396836,4647.713083,22.51571643,-9.960231905,31.00357755,4463.159608,,,,
,,,,,,,,,,,,21.96256237,-10.09507629,44.99493621,4627.764142,16.0837482,-12.11649228,141.4777685,4649.604259,22.56166911,-9.959169827,30.54587818,4464.573794,,,,
,,,,,,,,,,,,21.96995496,-10.09325024,44.92030747,4628.096505,16.08612325,-12.11533831,141.4489912,4649.940243,22.56983848,-9.956967067,30.46451808,4464.823013,,,,
,,,,,,,,,,,,21.9791957,-10.0928197,44.82704652,4628.511156,16.08909206,-12.1147284,141.4130232,4650.360123,22.58005018,-9.956662038,30.36285497,4465.133573,,,,
,,,,,,,,,,,,21.99591717,-10.08863947,44.65827965,4629.260731,16.09449424,-12.10970469,141.3475773,4651.124061,22.59855909,-9.953176925,30.17856806,4465.695556,,,,
,,,,,,,,,,,,22.00427791,-10.08782396,44.57393116,4629.632343,16.09719533,-12.10859848,141.3148679,4651.505632,22.60781354,-9.952576184,30.08645685,4465.972711,,,,
,,,,,,,,,,,,22.04608161,-10.08589647,44.15222282,4631.486888,16.11070077,-12.10536153,141.1513359,4653.413048,22.6540858,-9.951581963,29.62592864,4467.354229,,,,
,,,,,,,,,,,,22.05351338,-10.08405738,44.07726678,4631.814749,16.11310174,-12.10419894,141.1222713,4653.751915,22.66231198,-9.949345011,29.54406513,4467.597611,,,,
,,,,,,,,,,,,22.06280309,-10.08363439,43.98359718,4632.223764,16.11610295,-12.10358491,141.0859442,4654.175396,22.67259471,-9.949049023,29.44177384,4467.900863,,,,
,,,,,,,,,,,,22.07961421,-10.07950098,43.81408003,4632.963177,16.12156405,-12.09852673,141.0198454,4654.94588,22.69123486,-9.945608973,29.25632204,4468.449663,,,,
,,,,,,,,,,,,22.08801977,-10.07869852,43.72935619,4633.329678,16.1242946,-12.09741304,140.9868097,4655.330716,22.70055494,-9.945023145,29.1636282,4468.720173,,,,
,,,,,,,,,,,,22.13004756,-10.07682272,43.30577076,4635.15863,16.13794735,-12.09415454,140.8216468,4657.254447,22.74715532,-9.944097625,28.70018631,4470.068416,,,,
,,,,,,,,,,,,22.13751916,-10.07496972,43.23048069,4635.481922,16.14037451,-12.09298332,140.7922924,4657.596209,22.75543984,-9.941824946,28.61780431,4470.305852,,,,
,,,,,,,,,,,,22.14685867,-10.07455435,43.13639408,4635.885219,16.14340845,-12.09236516,140.7556031,4658.023307,22.76579548,-9.941538052,28.51486602,4470.60166,,,,
,,,,,,,,,,,,22.16376102,-10.07046779,42.96611047,4636.614326,16.14892908,-12.0872725,140.6888456,4658.800367,22.78457046,-9.938142479,28.32821378,4471.137026,,,,
,,,,,,,,,,,,22.17221219,-10.06967849,42.8810032,4636.975641,16.1516894,-12.08615135,140.6554809,4659.188483,22.79395796,-9.937571574,28.23491954,4471.400766,,,,
,,,,,,,,,,,,22.21446806,-10.06785519,42.45550021,4638.778629,16.16549098,-12.08287131,140.4886729,4661.1286,22.84089542,-9.93671552,27.76847512,4472.7151,,,,
,,,,,,,,,,,,22.22198021,-10.06598737,42.37986893,4639.097288,16.1679446,-12.08169143,140.4590261,4661.473271,22.84923986,-9.934405603,27.68555881,4472.946477,,,,
,,,,,,,,,,,,22.23137041,-10.06557969,42.28535632,4639.494784,16.17101162,-12.08106916,140.4219715,4661.904002,22.85967041,-9.934127845,27.58195381,4473.234697,,,,
,,,,,,,,,,,,22.2483656,-10.06154001,42.11428982,4640.213432,16.1765924,-12.07594203,140.3545497,4662.687666,22.878584,-9.930776092,27.39406374,4473.75637,,,,
,,,,,,,,,,,,22.2568632,-10.06076399,42.02879091,4640.569485,16.17938279,-12.07481342,140.3208531,4663.079075,22.8880408,-9.930220095,27.30015041,4474.01321,,,,
,,,,,,,,,,,,22.29935119,-10.05899402,41.60132928,4642.346128,16.19333474,-12.07151187,140.1523859,4665.035651,22.93532478,-9.929434167,26.83061002,4475.292973,,,,
,,,,,,,,,,,,22.30690461,-10.05711044,41.52534948,4642.660083,16.19581509,-12.07032332,140.1224444,4665.383241,22.94373083,-9.927085548,26.74714278,4475.518173,,,,
,,,,,,,,,,,,22.31634638,-10.05671053,41.43040175,4643.051693,16.19891552,-12.06969693,140.0850213,4665.817622,22.95423838,-9.926816955,26.64285033,4475.798656,,,,
,,,,,,,,,,,,22.33343614,-10.05271775,41.25853495,4643.759729,16.20455707,-12.06453535,140.0169295,4666.607918,22.97329456,-9.923508291,26.45368311,4476.306367,,,,
,,,,,,,,,,,,22.34198103,-10.0519551,41.17263567,4644.110442,16.20737784,-12.06339929,139.9828982,4667.002634,22.98282265,-9.92296716,26.35913103,4476.556167,,,,
,,,,,,,,,,,,22.38470543,-10.05023932,40.74317186,4645.860349,16.22148171,-12.06007627,139.8127576,4668.975735,23.0304631,-9.92225189,25.88639639,4477.800672,,,,
,,,,,,,,,,,,22.39230088,-10.04833898,40.66683577,4646.169532,16.22398907,-12.05887901,139.7825187,4669.326259,23.03893251,-9.919863179,25.80236073,4478.01957,,,,
,,,,,,,,,,,,22.40179519,-10.04794692,40.57144326,4646.555168,16.22712326,-12.05824852,139.744724,4669.764303,23.04951928,-9.919603763,25.69735904,4478.292162,,,,
,,,,,,,,,,,,22.41898133,-10.04400102,40.3987579,4647.252434,16.2328262,-12.05305252,139.6759566,4670.561258,23.06872224,-9.916337381,25.50687331,4478.785627,,,,
,,,,,,,,,,,,22.42757439,-10.04325186,40.31244913,4647.597728,16.23567766,-12.05190901,139.6415877,4670.959295,23.07832372,-9.915811044,25.4116618,4479.028245,,,,
,,,,,,,,,,,,22.47053973,-10.04159113,39.88093746,4649.320501,16.249935,-12.04856455,139.4697595,4672.948988,23.12633111,-9.915166802,24.93562956,4480.236771,,,,
,,,,,,,,,,,,22.47817801,-10.03967302,39.80423696,4649.62484,16.25246964,-12.04735858,139.4392208,4673.302456,23.13486576,-9.912736723,24.8510071,4480.449237,,,,
,,,,,,,,,,,,22.48772586,-10.03928888,39.70838953,4650.004412,16.25563794,-12.04672399,139.4010513,4673.744179,23.14553407,-9.912486478,24.74527322,4480.713776,,,,
,,,,,,,,,,,,22.50501024,-10.03538983,39.53486663,4650.690747,16.26140289,-12.0414936,139.3316026,4674.547819,23.16488821,-9.909261495,24.5534256,4481.192699,,,,
,,,,,,,,,,,,22.51365244,-10.03465426,39.44813887,4651.030541,16.26428537,-12.04034265,139.2968933,4674.949188,23.17456527,-9.908749845,24.457533,4481.427984,,,,
,,,,,,,,,,,,22.55686339,-10.03304946,39.01453187,4652.725769,16.27869774,-12.0369768,139.1233633,4676.955538,23.22295062,-9.908176808,23.97809475,4482.599776,,,,
,,,,,,,,,,,,22.56454534,-10.03111251,38.93745851,4653.025191,16.28125994,-12.03576211,139.0925222,4677.311962,23.23155245,-9.905704239,23.89286621,4482.805676,,,,
,,,,,,,,,,,,22.57414777,-10.03073638,38.84114564,4653.398607,16.28446269,-12.03512341,139.0539748,4677.757376,23.24230475,-9.905463134,23.78637609,4483.061991,,,,
,,,,,,,,,,,,22.59153236,-10.02688413,38.66676543,4654.073845,16.29029029,-12.02985867,138.983839,4678.567727,23.26181471,-9.902278598,23.59312098,4483.526062,,,,
,,,,,,,,,,,,22.60022465,-10.02616225,38.5796088,4654.408053,16.29320408,-12.02870031,138.9487864,4678.972442,23.27156968,-9.901781489,23.49652448,4483.753856,,,,
,,,,,,,,,,,,22.64368612,-10.02461428,38.14385707,4656.075315,16.30777307,-12.02531311,138.7735405,4680.995509,23.32034456,-9.901279595,23.01356626,4484.888122,,,,
,,,,,,,,,,,,22.65141261,-10.02265738,38.06640206,4656.369744,16.31036311,-12.02408967,138.7423944,4681.354899,23.32901565,-9.898763626,22.92771138,4485.087314,,,,
,,,,,,,,,,,,22.66107071,-10.02228933,37.96961278,4656.73691,16.31360066,-12.0234469,138.703466,4681.80402,23.33985452,-9.898531604,22.82043974,4485.335227,,,,
,,,,,,,,,,,,22.67855754,-10.0184838,37.79435468,4657.400879,16.31949153,-12.01814786,138.6326374,4682.621103,23.35952515,-9.895386496,22.62572931,4485.78412,,,,
,,,,,,,,,,,,22.68730096,-10.01777572,37.7067589,4657.729415,16.32243697,-12.01698209,138.5972388,4683.029176,23.36936047,-9.894903739,22.52840503,4486.004257,,,,
,,,,,,,,,,,,22.73101804,-10.01628548,37.26881096,4659.368276,16.33716414,-12.0135736,138.4202626,4685.069019,23.41853707,-9.894472639,22.04180736,4487.100168,,,,
,,,,,,,,,,,,22.73878997,-10.01430751,37.19096514,4659.657635,16.3397823,-12.0123414,138.3888091,4685.431387,23.42727957,-9.891912638,21.95530488,4487.292501,,,,
,,,,,,,,,,,,22.74850488,-10.01394762,37.09368803,4660.018454,16.34305501,-12.01169455,138.3494964,4685.884226,23.4382077,-9.891689607,21.84722519,4487.531825,,,,
,,,,,,,,,,,,22.7660961,-10.0101887,36.91753042,4660.670977,16.34900979,-12.00636127,138.2779694,4686.708066,23.45804416,-9.888582856,21.65100913,4487.965197,,,,
,,,,,,,,,,,,22.77489171,-10.00949451,36.82948468,4660.993753,16.35198718,-12.00518811,138.2422218,4687.119508,23.46796239,-9.88811421,21.55293191,4488.177504,,,,
,,,,,,,,,,,,22.81886978,-10.00806291,36.38928649,4662.603767,16.36687413,-12.00175839,138.0635012,4689.176183,23.51755353,-9.887753217,21.06256907,4489.234184,,,,
,,,,,,,,,,,,22.8266881,-10.00606268,36.31104023,4662.887975,16.3695207,-12.00051743,138.0317377,4689.541537,23.52636973,-9.885148904,20.97539663,4489.419503,,,,
,,,,,,,,,,,,22.836461,-10.00571102,36.2132633,4663.242346,16.37282891,-11.99986651,137.9920377,4689.998107,23.53738998,-9.884934735,20.866481,4489.650041,,,,
,,,,,,,,,,,,22.85415886,-10.00199858,36.03618363,4663.883243,16.37884823,-11.99449905,137.9198065,4690.828726,23.55739766,-9.881865227,20.66870641,4490.067531,,,,
,,,,,,,,,,,,22.86300779,-10.00131838,35.94767665,4664.200166,16.3818579,-11.99331853,137.8837071,4691.243547,23.5674015,-9.881410399,20.56984983,4490.271824,,,,
,,,,,,,,,,,,22.90725244,-9.999946336,35.50517183,4665.780874,16.39690622,-11.98986764,137.7032278,4693.317108,23.61742069,-9.88111842,20.07558966,4491.288355,,,,
,,,,,,,,,,,,22.91511816,-9.997922634,35.4265151,4666.059849,16.39958147,-11.9886179,137.6711519,4693.685458,23.62631299,-9.878469963,19.98772378,4491.466494,,,,
,,,,,,,,,,,,22.9249503,-9.997579292,35.32822585,4666.407669,16.40292555,-11.98796293,137.6310613,4694.145771,23.63742837,-9.878264485,19.87794285,4491.688039,,,,
,,,,,,,,,,,,22.94275714,-9.993913156,35.15020058,4667.036753,16.40901006,-11.98256138,137.5581203,4694.983189,23.65761292,-9.875231092,19.67855447,4492.089266,,,,
,,,,,,,,,,,,22.95166056,-9.993247031,35.06122059,4667.347729,16.41205232,-11.9813735,137.5216663,4695.401399,23.6677052,-9.87478973,19.57889089,4492.285352,,,,
,,,,,,,,,,,,22.99617765,-9.991935441,34.61635028,4668.898655,16.42726361,-11.97790153,137.3394142,4697.491895,23.71816659,-9.874565188,19.08059527,4493.260763,,,,
,,,,,,,,,,,,23.0040918,-9.989887032,34.5372726,4669.172311,16.42996784,-11.976643,137.3070232,4697.86325,23.72713751,-9.871873331,18.9920114,4493.431547,,,,
,,,,,,,,,,,,23.01398449,-9.989552078,34.43845796,4669.513474,16.43334812,-11.975984,137.2665389,4698.327317,23.73835115,-9.871676316,18.8813345,4493.64388,,,,
,,,,,,,,,,,,23.03190276,-9.985932042,34.25946249,4670.130551,16.43949847,-11.97054843,137.1928824,4699.171553,23.75871852,-9.86867793,18.6802744,4494.028443,,,,
,,,,,,,,,,,,23.04086189,-9.985280074,34.16999719,4670.435482,16.44257364,-11.96935323,137.1560709,4699.593162,23.76890221,-9.868249616,18.57977489,4494.216118,,,,
,,,,,,,,,,,,23.08565756,-9.984029835,33.72269989,4671.956136,16.45794951,-11.96586024,136.9720318,4701.700641,23.81982063,-9.868090368,18.07729913,4495.149383,,,,
,,,,,,,,,,,,23.09362123,-9.981955453,33.64319033,4672.224386,16.46068299,-11.96459292,136.9393233,4702.075009,23.8288728,-9.865356558,17.98797154,4495.312629,,,,
,,,,,,,,,,,,23.10357583,-9.981628957,33.54383665,4672.558781,16.46409985,-11.9639299,136.8984422,4702.542839,23.84018801,-9.865167722,17.87636653,4495.515519,,,,
,,,,,,,,,,,,23.12160812,-9.978054769,33.36384498,4673.163653,16.47031667,-11.95846042,136.8240646,4703.393912,23.86074442,-9.862203287,17.6735741,4495.882993,,,,
,,,,,,,,,,,,23.13062427,-9.97741703,33.27388137,4673.462438,16.47342508,-11.95725791,136.7868928,4703.818928,23.87102262,-9.861787532,17.57220836,4496.06204,,,,
,,,,,,,,,,,,23.175705,-9.97622902,32.82409207,4674.952315,16.48896713,-11.95374401,136.6010525,4705.943434,23.92241364,-9.86169077,17.06540099,4496.952076,,,,
,,,,,,,,,,,,23.18371936,-9.974127372,32.74413905,4675.215069,16.49173016,-11.95246789,136.5680239,4706.320823,23.93154983,-9.858917325,16.97530279,4497.107589,,,,
,,,,,,,,,,,,23.1937373,-9.973809403,32.64423191,4675.542582,16.49518395,-11.95180085,136.5267428,4706.792426,23.94297005,-9.858736314,16.862736,4497.300791,,,,
,,,,,,,,,,,,23.21188631,-9.970280774,32.46321714,4676.135043,16.50146789,-11.94629756,136.4516384,4707.650352,23.963722,-9.855804883,16.65814807,4497.650726,,,,
,,,,,,,,,,,,23.22096081,-9.969657328,32.37274177,4676.427577,16.50460986,-11.94508779,136.4141035,4708.078784,23.97409797,-9.855401124,16.55588452,4497.820917,,,,
,,,,,,,,,,,,23.26633334,-9.968532396,31.92039321,4677.886153,16.52031971,-11.94155305,136.226448,4710.220355,24.02597783,-9.85536326,16.04458772,4498.666576,,,,
,,,,,,,,,,,,23.27439957,-9.966402181,31.83998476,4678.143316,16.52311257,-11.94026813,136.1930969,4710.600772,24.03520091,-9.852553565,15.95369086,4498.814149,,,,
,,,,,,,,,,,,23.28448235,-9.966092802,31.73950926,4678.46383,16.52660365,-11.93959711,136.1514127,4711.076157,24.04672977,-9.852379941,15.84012722,4498.997405,,,,
,,,,,,,,,,,,23.30275093,-9.962609392,31.55744293,4679.043666,16.53295535,-11.93406013,136.075576,4711.940951,24.06768401,-9.849480745,15.63367809,4499.329323,,,,
,,,,,,,,,,,,23.31188522,-9.96200029,31.46644158,4679.329842,16.5361312,-11.93284311,136.0376751,4712.372806,24.07816113,-9.849088335,15.5304839,4499.490415,,,,
,,,,,,,,,,,,23.35755666,-9.960939249,31.01146268,4680.756574,16.55201047,-11.92928765,135.8481904,4714.53148,24.13054673,-9.849104873,15.01453351,4500.29048,,,,
,,,,,,,,,,,,23.36567603,-9.958779156,30.93058616,4681.00805,16.55483345,-11.92799393,135.8145143,4714.914931,24.13985972,-9.846263603,14.92280884,4500.429895,,,,
,,,,,,,,,,,,23.37582523,-9.958478425,30.8295265,4681.321443,16.55836217,-11.92731894,135.7724239,4715.394106,24.15150097,-9.846096838,14.80821183,4500.602931,,,,
,,,,,,,,,,,,23.39421635,-9.955039844,30.646379,4681.888432,16.56478229,-11.9217484,135.6958491,4716.265781,24.17266454,-9.843229355,14.59983327,4500.916326,,,,
,,,,,,,,,,,,23.4034119,-9.954445124,30.55483687,4682.168137,16.56799235,-11.92052417,135.6575796,4716.701065,24.18324632,-9.842847559,14.49567433,4501.068062,,,,
,,,,,,,,,,,,23.44938969,-9.953448737,30.09715356,4683.562464,16.58404264,-11.9169481,135.4662517,4718.876875,24.23615525,-9.842912949,13.97489983,4501.821241,,,,
,,,,,,,,,,,,23.45756351,-9.951257464,30.01579578,4683.808151,16.58689603,-11.91564556,135.432248,4719.263366,24.24556128,-9.840046328,13.88231709,4501.952266,,,,
,,,,,,,,,,,,23.4677808,-9.950965431,29.91413554,4684.114296,16.59046276,-11.91496662,135.3897483,4719.746338,24.25731882,-9.839885788,13.76664875,4502.114791,,,,
,,,,,,,,,,,,23.48629757,-9.947571238,29.72987583,4684.668209,16.59695194,-11.90936266,135.31243,4720.624906,24.27869169,-9.83705082,13.55634208,4502.409024,,,,
,,,,,,,,,,,,23.49555595,-9.946990921,29.6377774,4684.941328,16.60019653,-11.90813126,135.273789,4721.063625,24.28937813,-9.836678846,13.45121904,4502.551083,,,,
,,,,,,,,,,,,23.54184787,-9.946059885,29.1773121,4686.302664,16.61641947,-11.90453469,135.0806041,4723.256599,24.34281033,-9.83678558,12.92562373,4503.255775,,,,
,,,,,,,,,,,,23.55007754,-9.943836151,29.09545926,4686.542457,16.61930355,-11.90322336,135.0462705,4723.646134,24.35230938,-9.833903515,12.83218354,4503.378124,,,,
,,,,,,,,,,,,23.56036464,-9.943552858,28.99318123,4686.841224,16.62290865,-11.90254049,135.0033584,4724.132909,24.3641832,-9.833748391,12.71544448,4503.529781,,,,
,,,,,,,,,,,,23.57901035,-9.940202552,28.80777666,4687.381822,16.62946753,-11.89690326,134.925291,4725.018381,24.38576175,-9.830947607,12.50324643,4503.804162,,,,
,,,,,,,,,,,,23.5883332,-9.939636641,28.7151056,4687.648232,16.63274698,-11.89566472,134.8862758,4725.46054,24.39655103,-9.830584559,12.39717763,4503.936201,,,,
,,,,,,,,,,,,23.63494747,-9.938771572,28.25177671,4688.975972,16.64914419,-11.89204778,134.69122,4727.670701,24.45049741,-9.830723303,11.86685318,4504.590685,,,,
,,,,,,,,,,,,23.64323445,-9.93651413,28.1694143,4689.209763,16.65205925,-11.89072765,134.656554,4728.063286,24.46008788,-9.827838777,11.77257195,4504.704053,,,,
,,,,,,,,,,,,23.65359317,-9.936239608,28.06650037,4689.501014,16.65570308,-11.89004088,134.6132265,4728.553869,24.47207596,-9.827688091,11.65478233,4504.844461,,,,
,,,,,,,,,,,,23.67237127,-9.932932631,27.87991672,4690.028049,16.66233232,-11.88437055,134.5344046,4729.446252,24.49385664,-9.824923592,11.44072863,4505.09831,,,,
,,,,,,,,,,,,23.68176032,-9.932381108,27.78665594,4690.287625,16.66564694,-11.88312491,134.4950124,4729.891856,24.50474698,-9.824568445,11.33373188,4505.219989,,,,
,,,,,,,,,,,,23.72870555,-9.931582519,27.32037795,4691.581136,16.68222003,-11.87948773,134.2980722,4732.119224,24.55919867,-9.824728269,10.79876748,4505.822571,,,,
,,,,,,,,,,,,23.73705137,-9.929290183,27.23749075,4691.808812,16.68516636,-11.8781588,134.2630714,4732.514861,24.56887897,-9.821856639,10.70366116,4505.926658,,,,
,,,,,,,,,,,,23.74748365,-9.929024449,27.13392195,4692.092405,16.68884927,-11.87746816,134.2193254,4733.009256,24.58097935,-9.821709255,10.58484056,4506.05544,,,,
,,,,,,,,,,,,23.76639774,-9.925760183,26.9461235,4692.605619,16.69554951,-11.8717649,134.1397436,4733.908557,24.60295881,-9.818983652,10.36896471,4506.288089,,,,
,,,,,,,,,,,,23.77585478,-9.925223005,26.85225514,4692.85823,16.69889963,-11.87051222,134.0999717,4734.357608,24.61394854,-9.818635241,10.26105674,4506.399076,,,,
,,,,,,,,,,,,23.82314001,-9.924491283,26.38293876,4694.116853,16.71565023,-11.86685494,133.9011335,4736.602199,24.66889718,-9.818803525,9.721536043,4506.948089,,,,
,,,,,,,,,,,,23.83154627,-9.922162956,26.29951089,4694.338295,16.71862812,-11.86551723,133.8657954,4737.00089,24.67866583,-9.815962708,9.625619608,4507.042599,,,,
,,,,,,,,,,,,23.8420541,-9.921906015,26.1952674,4694.614083,16.72235047,-11.86482273,133.821628,4737.499101,24.69087664,-9.815817322,9.505786329,4507.159387,,,,
,,,,,,,,,,,,23.86110798,-9.918683778,26.00621657,4695.113204,16.72912235,-11.85908674,133.7412808,4738.405325,24.71305192,-9.813133789,9.288117816,4507.37018,,,,
,,,,,,,,,,,,23.87063492,-9.918160876,25.91172185,4695.358713,16.73250829,-11.85782705,133.7011267,4738.857826,24.72413956,-9.812790805,9.179313313,4507.470147,,,,
,,,,,,,,,,,,23.91826962,-9.917496254,25.43927318,4696.581762,16.749438,-11.85414983,133.5003771,4741.119648,24.77957777,-9.812953143,8.635309814,4507.963958,,,,
,,,,,,,,,,,,23.92673802,-9.915130956,25.35528793,4696.796847,16.75244773,-11.85280335,133.4646994,4741.521396,24.78943345,-9.810163755,8.538596481,4508.0486,,,,
,,,,,,,,,,,,23.93732351,-9.91488279,25.25034891,4697.064674,16.75620989,-11.85210503,133.4201075,4742.023424,24.80175305,-9.810018886,8.417766521,4508.15303,,,,
,,,,,,,,,,,,23.95652117,-9.911701844,25.06000633,4697.549422,16.76305405,-11.84633651,133.3389897,4742.936574,24.82412175,-9.807381184,8.198329088,4508.341325,,,,
,,,,,,,,,,,,23.96612,-9.911193114,24.96486557,4697.787685,16.76647614,-11.84506986,133.2984506,4743.392524,24.83530611,-9.807042155,8.088639872,4508.42995,,,,
,,,,,,,,,,,,24.01411416,-9.91059564,24.48918618,4698.974442,16.78358656,-11.84137287,133.0957764,4745.671584,24.89122787,-9.807182272,7.540212753,4508.866952,,,,
,,,,,,,,,,,,24.02264646,-9.90819255,24.40462605,4699.183041,16.78662841,-11.84001762,133.0597567,4746.076389,24.90116952,-9.804467729,7.442713206,4508.941442,,,,
,,,,,,,,,,,,24.03331183,-9.907953123,24.29896967,4699.442747,16.79043073,-11.83931551,133.0147375,4746.582236,24.91359658,-9.804321708,7.320899328,4509.033158,,,,
,,,,,,,,,,,,24.05265746,-9.90481267,24.10729407,4699.912826,16.79734782,-11.83351468,132.9328439,4747.502311,24.93615703,-9.80173416,7.099709451,4509.198321,,,,
,,,,,,,,,,,,24.06233027,-9.904317975,24.01148665,4700.143694,16.80080637,-11.83224113,132.8919171,4747.961711,24.94743725,-9.801397429,6.9891437,4509.275289,,,,
,,,,,,,,,,,,24.11069435,-9.903787475,23.53247346,4701.293408,16.8180991,-11.82852452,132.6873053,4750.258008,25.00383837,-9.801497102,6.436333939,4509.6539,,,,
,,,,,,,,,,,,24.11929241,-9.901345978,23.44732012,4701.495386,16.82117337,-11.82716052,132.6509413,4750.66587,25.01386523,-9.798883643,6.338055649,4509.717956,,,,
,,,,,,,,,,,,24.13003998,-9.901115226,23.34092349,4701.746801,16.8250162,-11.82645466,132.6054919,4751.175534,25.02639881,-9.798734602,6.215266522,4509.796607,,,,
,,,,,,,,,,,,24.14953797,-9.898014418,23.14787167,4702.201902,16.83200685,-11.82062175,132.5228172,4752.102533,25.04915023,-9.796201999,5.992331472,4509.938014,,,,
,,,,,,,,,,,,24.15928696,-9.897533581,23.05137599,4702.425218,16.83550218,-11.81934135,132.4815003,4752.565382,25.06052593,-9.795865688,5.880892758,4510.00301,,,,
,,,,,,,,,,,,24.20803193,-9.897069616,22.56892103,4703.537103,16.85297881,-11.81560532,132.274938,4754.878909,25.11740446,-9.795904689,5.323718313,4510.321667,,,,
,,,,,,,,,,,,24.2166977,-9.894589362,22.48315527,4703.732319,16.85608577,-11.81423259,132.2382274,4755.289827,25.1275162,-9.793421302,5.224664684,4510.37501,,,,
,,,,,,,,,,,,24.22752992,-9.894367192,22.37599443,4703.975265,16.85996946,-11.81352301,132.1923448,4755.803307,25.14015587,-9.793267159,5.100903811,4510.440249,,,,
,,,,,,,,,,,,24.24718488,-9.891305137,22.18152105,4704.415065,16.86703431,-11.80765826,132.1088841,4756.737226,25.16309853,-9.790794587,4.876220254,4510.557277,,,,
,,,,,,,,,,,,24.25701235,-9.890837935,22.08431446,4704.630664,16.87056673,-11.80637107,132.0671745,4757.203522,25.17456986,-9.790456553,4.76390684,4510.609992,,,,
,,,,,,,,,,,,24.30614975,-9.890439752,21.59830443,4705.703894,16.88822884,-11.80261581,131.858649,4759.534267,25.2319265,-9.790412597,4.202359155,4510.867135,,,,
,,,,,,,,,,,,24.31488529,-9.887920723,21.51190613,4705.8922,16.89136877,-11.80123437,131.8215896,4759.948238,25.24212323,-9.788090838,4.102528903,4510.909488,,,,
,,,,,,,,,,,,24.32580471,-9.887707008,21.40395591,4706.126493,16.89529369,-11.8005211,131.7752711,4760.465532,25.25486915,-9.787929281,3.977793847,4510.960966,,,,
,,,,,,,,,,,,24.34562146,-9.884682785,21.20801369,4706.55065,16.90243335,-11.79462478,131.6910194,4761.406363,25.27800456,-9.785521842,3.7513461,4511.052994,,,,
,,,,,,,,,,,,24.35552983,-9.884228947,21.11007255,4706.75836,16.90600318,-11.79333087,131.6489146,4761.876102,25.28957227,-9.785179619,3.638150075,4511.093114,,,,
,,,,,,,,,,,,24.40507171,-9.883895423,20.62038931,4707.792067,16.92385234,-11.78955657,131.4384135,4764.224047,25.34741079,-9.785028363,3.072189745,4511.287178,,,,
,,,,,,,,,,,,24.41387915,-9.881338018,20.53333745,4707.973308,16.92702552,-11.78816645,131.4010031,4764.641068,25.35769319,-9.782902008,2.971576131,4511.318262,,,,
,,,,,,,,,,,,24.42488846,-9.881132588,20.42457163,4708.198751,16.930992,-11.78744954,131.3542459,4765.162171,25.3705462,-9.782730484,2.845857557,4511.355631,,,,
,,,,,,,,,,,,24.44487207,-9.878145264,20.22711095,4708.606908,16.93820711,-11.78152192,131.2691982,4766.109905,25.39387726,-9.780392908,2.617616063,4511.422027,,,,
,,,,,,,,,,,,24.45486387,-9.877704465,20.12841046,4708.806547,16.94181466,-11.78022136,131.2266958,4766.583082,25.40554279,-9.780043644,2.503522585,4511.449235,,,,
,,,,,,,,,,,,24.50482289,-9.877434042,19.63493002,4709.79982,16.95985242,-11.77642823,131.014207,4768.948202,25.46387045,-9.779758736,1.933075567,4511.578628,,,,
,,,,,,,,,,,,24.51370449,-9.874839169,19.54720257,4709.973831,16.96305913,-11.77502945,130.9764434,4769.368269,25.47423981,-9.777863272,1.831665718,4511.598159,,,,
,,,,,,,,,,,,24.5248065,-9.87464181,19.4375936,4710.19022,16.96706752,-11.77430893,130.9292448,4769.893175,25.48720151,-9.777678971,1.704946566,4511.621063,,,,
,,,,,,,,,,,,24.54496226,-9.871690461,19.23856271,4710.582,16.97435868,-11.76835032,130.8433965,4770.847801,25.5107326,-9.775415135,1.474867099,4511.661182,,,,
,,,,,,,,,,,,24.55504014,-9.871262317,19.13907702,4710.773376,16.97800425,-11.76704317,130.800494,4771.32441,25.52249815,-9.775055529,1.359854,4511.675151,,,,
,,,,,,,,,,,,24.60542953,-9.871052929,18.6416701,4711.725256,16.99623215,-11.76323145,130.5860056,4773.706674,25.58132588,-9.77460873,0.784809663,4511.738239,,,,
,,,,,,,,,,,,24.61438764,-9.868422125,18.55324408,4711.891865,16.99947266,-11.76182404,130.5478867,4774.12978,25.59178414,-9.772980665,0.682584231,4511.745923,,,,
,,,,,,,,,,,,24.62558528,-9.868232567,18.44276323,4712.098983,17.00352331,-11.76109996,130.5002441,4774.658483,25.60485697,-9.772780513,0.554839288,4511.753995,,,,
,,,,,,,,,,,,24.64591873,-9.865316312,18.24210807,4712.473988,17.01089113,-11.75511066,130.4135905,4775.619985,25.61242495,-9.772084905,0.480879131,4511.758194,,,,
,,,,,,,,,,,,24.65608545,-9.864900373,18.14181014,4712.6569,17.01457503,-11.753797,130.3702857,4776.100018,25.61620893,-9.771941406,0.443901684,4511.759664,,,,
,,,,,,,,,,,,24.70691906,-9.864749363,17.64034161,4713.566373,17.03299458,-11.74996691,130.1537861,4778.499387,25.63512887,-9.771560248,0.259017165,4511.766314,,,,
,,,,,,,,,,,,24.71595615,-9.862084925,17.55119302,4713.725399,17.03626917,-11.7485509,130.1153098,4778.925527,25.63849241,-9.771326417,0.226150088,4511.76713,,,,
,,,,,,,,,,,,24.72725251,-9.861902836,17.43981026,4713.923019,17.0403624,-11.7478233,130.0672206,4779.458016,25.64269685,-9.771246873,0.185067579,4511.767994,,,,
,,,,,,,,,,,,24.74776943,-9.859020871,17.23747444,4714.28083,17.04780749,-11.74180365,129.9797571,4780.426378,25.64522198,-9.771018036,0.160393834,4511.768461,,,,
,,,,,,,,,,,,24.75802788,-9.858616616,17.13633609,4714.455065,17.05153003,-11.74048356,129.9360477,4780.909826,25.64648455,-9.77096828,0.14805725,4511.768625,,,,
,,,,,,,,,,,,24.80932017,-9.858520641,16.63066509,4715.321063,17.07014273,-11.73663535,129.7175256,4783.326254,25.6527974,-9.770825587,0.086374646,4511.769365,,,,
,,,,,,,,,,,,24.8184388,-9.855825781,16.5407689,4715.472313,17.07345165,-11.73521078,129.6786899,4783.755419,25.65391968,-9.770767199,0.07540901,4511.769455,,,,
,,,,,,,,,,,,24.82983709,-9.855650757,16.42845292,4715.660194,17.07758781,-11.73447971,129.6301516,4784.291685,25.65532253,-9.770739639,0.061702058,4511.769552,,,,
,,,,,,,,,,,,24.85054348,-9.852802408,16.22437795,4716.000368,17.08511075,-11.72843006,129.5418739,4785.266884,25.65616451,-9.770663691,0.05347533,4511.769604,,,,
,,,,,,,,,,,,24.86089667,-9.85240924,16.12236995,4716.165701,17.08887221,-11.7271036,129.4977578,4785.753737,25.6565855,-9.770646929,0.049361998,4511.769622,,,,
,,,,,,,,,,,,24.91266265,-9.852364161,15.61235033,4716.987095,17.10767955,-11.72323755,129.2772022,4788.187172,25.65869044,-9.770597973,0.028795374,4511.769704,,,,
,,,,,,,,,,,,24.9218655,-9.84964319,15.52168058,4717.130367,17.11102308,-11.72180445,129.2380053,4788.619351,25.65906465,-9.770580303,0.025139104,4511.769714,,,,
,,,,,,,,,,,,24.93336905,-9.849474744,15.40839886,4717.308254,17.11520248,-11.72106996,129.1890155,4789.159383,25.65953241,-9.770571007,0.020568775,4511.769725,,,,
,,,,,,,,,,,,24.95427116,-9.846659519,15.20252405,4717.630322,17.12280385,-11.71499066,129.0999193,4790.141396,25.6598131,-9.770545727,0.017826295,4511.769731,,,,
,,,,,,,,,,,,24.96472221,-9.846276757,15.09961607,4717.786515,17.12660454,-11.71365794,129.0553943,4790.631641,25.65995345,-9.770540119,0.016455059,4511.769733,,,,
,,,,,,,,,,,,25.01697749,-9.846277518,14.58509616,4718.562111,17.14560796,-11.7097743,128.8327948,4793.082021,25.66065516,-9.77052366,0.009598881,4511.769742,,,,
,,,,,,,,,,,,25.02626732,-9.843536048,14.49362595,4718.697191,17.14898634,-11.70833272,128.7932346,4793.517204,25.66077991,-9.770517952,0.008380007,4511.769743,,,,
,,,,,,,,,,,,25.0378796,-9.843373601,14.37934473,4718.864815,17.15320932,-11.70759487,128.7437909,4794.060987,25.66093585,-9.770514842,0.006856416,4511.769744,,,,
,,,,,,,,,,,,25.05898391,-9.84059125,14.17160716,4719.168281,17.1608897,-11.70148631,128.6538723,4795.049787,25.66113585,-9.770496838,0.004902313,4511.769745,,,,
,,,,,,,,,,,,25.06953606,-9.84021812,14.06776773,4719.315082,17.16472988,-11.70014742,128.6089364,4795.54341,25.66123585,-9.770492844,0.003925263,4511.769746,,,,
,,,,,,,,,,,,25.12229683,-9.840258619,13.54859028,4720.043617,17.18393081,-11.69624647,128.3842826,4798.010666,25.66173585,-9.770481114,-0.000959983,4511.769746,,,,
,,,,,,,,,,,,25.13167652,-9.837503785,13.45629169,4720.170278,17.18734431,-11.69479646,128.3443575,4798.448841,25.66182474,-9.770477052,-0.00182847,4511.769746,,,,
,,,,,,,,,,,,25.14340113,-9.837346649,13.34097596,4720.327355,17.19161119,-11.69405529,128.2944577,4798.996359,25.66193585,-0.000113556,-0.002914079,4511.769746,,,,
,,,,,,,,,,,,25.16471431,-9.834597241,13.13131081,4720.611694,17.19937112,-11.68791788,128.2037126,4799.991915,,,,,,,,
,,,,,,,,,,,,25.1753709,-9.83423287,13.02650754,4720.748836,17.20325109,-11.68657291,128.1583639,4800.488901,,,,,,,,
,,,,,,,,,,,,25.22865385,-9.834305799,12.5025106,4721.428972,17.22265092,-11.68265496,127.9316463,4802.972955,,,,,,,,
,,,,,,,,,,,,25.23812638,-9.831546523,12.40935489,4721.546972,17.22609978,-11.68119656,127.8913544,4803.414107,,,,,,,,
,,,,,,,,,,,,25.24996703,-9.831393887,12.29296855,4721.693202,17.23041086,-11.68045214,127.8409963,4803.965343,,,,,,,,
,,,,,,,,,,,,25.27149594,-9.828677882,12.08130938,4721.957856,17.2382509,-11.6742863,127.7494211,4804.967622,,,,,,,,
,,,,,,,,,,,,25.28226039,-9.828321283,11.97550903,4722.085057,17.24217092,-11.67293534,127.7036576,4805.467953,,,,,,,,
,,,,,,,,,,,,25.33608266,-9.828417967,11.44652647,4722.715375,17.26177103,-11.66900071,127.4748669,4807.968718,,,,,,,,
,,,,,,,,,,,,25.34565107,-9.825665226,11.3524842,4722.824462,17.26525549,-11.66753397,127.4342067,4808.412832,,,,,,,,
,,,,,,,,,,,,25.35761157,-9.825516138,11.2349902,4722.959524,17.26961107,-11.66678636,127.3833882,4808.967766,,,,,,,,
,,,,,,,,,,,,25.37935375,-9.822835646,11.02136206,4723.203797,17.27753175,-11.66059254,127.2909793,4809.976729,,,,,,,,
,,,,,,,,,,,,25.39022484,-9.82248575,10.91457713,4723.320709,17.28149209,-11.6592357,127.2447994,4810.480388,,,,,,,,
,,,,,,,,,,,,25.44458029,-9.822595069,10.3806715,4723.89947,17.3012938,-11.65528469,127.0139267,4812.997767,,,,,,,,
,,,,,,,,,,,,25.45424348,-9.819864399,10.28575389,4723.999334,17.3048141,-11.65380968,126.9728965,4813.444826,,,,,,,,
,,,,,,,,,,,,25.46632247,-9.81971769,10.16716588,4724.122842,17.30921448,-11.65305894,126.9216158,4814.003437,,,,,,,,
,,,,,,,,,,,,25.48827527,-9.817075278,9.951595575,4724.34604,17.31721632,-11.6468376,126.8283699,4815.019043,,,,,,,,
,,,,,,,,,,,,25.49925167,-9.816730864,9.84383943,4724.452315,17.32121724,-11.64547499,126.7817719,4815.526007,,,,,,,,
,,,,,,,,,,,,25.55413367,-9.816839986,9.305077603,4724.977786,17.34122183,-11.64150796,126.5488089,4818.059896,,,,,,,,
,,,,,,,,,,,,25.56389047,-9.81414943,9.209296659,4725.068118,17.3447782,-11.64002473,126.5074074,4818.50988,,,,,,,,
,,,,,,,,,,,,25.57608647,-9.814003754,9.089629206,4725.179688,17.34922367,-11.63927092,126.4556625,4819.072144,,,,,,,,
,,,,,,,,,,,,25.59824752,-9.811402419,8.872140621,4725.381124,17.35730716,-11.63302256,126.3615765,4820.094348,,,,,,,,
,,,,,,,,,,,,25.60932804,-9.811062097,8.763425153,4725.476419,17.36134891,-11.63165429,126.3145588,4820.604594,,,,,,,,
,,,,,,,,,,,,25.66473065,-9.811156428,8.219866666,4725.946884,17.38155764,-11.62767158,126.0794978,4823.154877,,,,,,,,
,,,,,,,,,,,,25.67458001,-9.808526545,8.123233117,4726.02738,17.3851503,-11.6261802,126.0377235,4823.607767,,,,,,,,
,,,,,,,,,,,,25.6868917,-9.808380374,8.002499123,4726.126631,17.38964113,-11.6254234,125.9855128,4824.173659,,,,,,,,
,,,,,,,,,,,,25.70925904,-9.805823529,7.783111769,4726.305625,17.39780676,-11.61914851,125.8905839,4825.20241,,,,,,,,
,,,,,,,,,,,,25.72044271,-9.805485723,7.673446686,4726.389602,17.40188958,-11.61777471,125.843145,4825.715913,,,,,,,,
,,,,,,,,,,,,25.77636105,-9.805548835,7.125140165,4726.803364,17.42230365,-11.61377669,125.6059789,4828.282466,,,,,,,,
,,,,,,,,,,,,25.78630209,-9.803002746,7.027662822,4726.873722,17.42593282,-11.61227723,125.5638305,4828.738238,,,,,,,,
,,,,,,,,,,,,25.79872839,-9.802854357,6.905872712,4726.960276,17.43046929,-11.6115175,125.5111524,4829.307729,,,,,,,,
,,,,,,,,,,,,25.82130064,-9.800345764,6.684600219,4727.116158,17.43871752,-11.60521663,125.4153779,4830.342974,,,,,,,,
,,,,,,,,,,,,25.83258676,-9.800008685,6.573992285,4727.188479,17.44284163,-11.60383741,125.3675166,4830.859708,,,,,,,,
,,,,,,,,,,,,25.88901739,-9.800022266,6.020971635,4727.543855,17.46346222,-11.59982447,125.1282387,4833.442394,,,,,,,,
,,,,,,,,,,,,25.8990495,-9.797585611,5.922656716,4727.603777,17.4671281,-11.598317,125.0857152,4833.901025,,,,,,,,
,,,,,,,,,,,,25.91158964,-9.797433077,5.799817598,4727.677261,17.47171045,-11.59755442,125.0325681,4834.474084,,,,,,,,
,,,,,,,,,,,,25.93436613,-9.794976728,5.576666489,4727.80936,17.48004173,-11.59122812,124.9359456,4835.515765,,,,,,,,
,,,,,,,,,,,,25.94575438,-9.794638344,5.465118909,4727.869692,17.48420737,-11.58984361,124.8876608,4836.0357,,,,,,,,
,,,,,,,,,,,,26.00269559,-9.794582162,4.907400273,4728.165009,17.50503556,-11.58581614,124.6462652,4838.634373,,,,,,,,
,,,,,,,,,,,,26.01281848,-9.792282973,4.808250862,4728.214196,17.50873835,-11.58430075,124.6033654,4839.095836,,,,,,,,
,,,,,,,,,,,,26.02547208,-9.792124152,4.684365852,4728.274237,17.51336684,-11.5835354,124.5497481,4839.672431,,,,,,,,
,,,,,,,,,,,,26.04845299,-9.78972407,4.459333948,4728.381888,17.52178158,-11.57718424,124.4522756,4840.720486,,,,,,,,
,,,,,,,,,,,,26.05994344,-9.789382065,4.346845575,4728.429896,17.52598896,-11.57579457,124.4035661,4841.24359,,,,,,,,
,,,,,,,,,,,,26.11739571,-9.789233983,3.784423355,4728.663481,17.54702582,-11.57175299,124.1600476,4843.858092,,,,,,,,
,,,,,,,,,,,,26.12760945,-9.787102417,3.684438696,4728.701635,17.55076571,-11.57022976,124.1167706,4844.322359,,,,,,,,
,,,,,,,,,,,,26.14037662,-9.786934943,3.559506038,4728.747861,17.55544057,-11.56946171,124.0626819,4844.902456,,,,,,,,
,,,,,,,,,,,,26.16356314,-9.784594901,3.332581084,4728.830393,17.56393918,-11.5630863,123.9643576,4845.956816,,,,,,,,
,,,,,,,,,,,,26.1751564,-9.784246635,3.219145735,4728.86574,17.56818849,-11.56169162,123.9152224,4846.483057,,,,,,,,
,,,,,,,,,,,,26.2331227,-9.783982666,2.651989181,4729.035909,17.58943502,-11.55763635,123.6695766,4849.113218,,,,,,,,
,,,,,,,,,,,,26.24342782,-9.782050607,2.55116407,4729.06273,17.59321219,-11.55610537,123.6259215,4849.58026,,,,,,,,
,,,,,,,,,,,,26.25630922,-9.781871882,2.425176388,4729.094765,17.59793364,-11.55533471,123.5713605,4850.163819,,,,,,,,
,,,,,,,,,,,,26.27970364,-9.77959505,2.196335118,4729.151501,17.6065165,-11.54893567,123.4721827,4851.224414,,,,,,,,
,,,,,,,,,,,,26.29140085,-9.779237509,2.081941115,4729.173846,17.61080793,-11.54753612,123.4226212,4851.753754,,,,,,,,
,,,,,,,,,,,,26.34988692,-9.778831952,1.509992012,4729.27889,17.63226507,-11.54346761,123.1748441,4854.399395,,,,,,,,
,,,,,,,,,,,,26.36028444,-9.777132445,1.408316389,4729.294072,17.63607967,-11.54192897,123.1308103,4854.869178,,,,,,,,
,,,,,,,,,,,,26.37328134,-9.77693964,1.281260182,4729.311534,17.64084793,-11.54115578,123.075776,4855.45616,,,,,,,,
,,,,,,,,,,,,26.39688713,-9.774728152,1.050467816,4729.341779,17.64951538,-11.53473377,122.9757436,4856.522913,,,,,,,,
,,,,,,,,,,,,26.40869002,-9.774357921,0.935097735,4729.350773,17.65384911,-11.5333295,122.9257552,4857.055315,,,,,,,,
,,,,,,,,,,,,26.46770449,-9.773783577,0.358269177,4729.388942,17.67551774,-11.52924821,122.6758437,4859.716242,,,,,,,,
,,,,,,,,,,,,26.47819596,-9.772350103,0.255727904,4729.392174,17.67936994,-11.52770201,122.6314308,4860.188733,,,,,,,,
,,,,,,,,,,,,26.49131028,-9.772140167,0.127583286,4729.394671,17.68418519,-11.52692639,122.5759226,4860.779094,,,,,,,,
,,,,,,,,,,,,26.49305063,-9.771983811,0.110576332,4729.394893,17.69293757,-11.52048208,122.4750346,4861.851924,,,,,,,,
,,,,,,,,,,,,26.49392081,-9.771949525,0.102072992,4729.394971,17.69731375,-11.51907323,122.4246188,4862.387346,,,,,,,,
,,,,,,,,,,,,26.49827169,-9.771850161,0.059556438,4729.395322,17.71919468,-11.51497965,122.1725708,4865.063355,,,,,,,,
,,,,,,,,,,,,26.49904518,-9.77181226,0.051998016,4729.395365,17.72308462,-11.51342599,122.1277782,4865.538516,,,,,,,,
,,,,,,,,,,,,26.50001204,-9.771793253,0.042550029,4729.395411,17.72794705,-11.51264802,122.0717956,4866.132211,,,,,,,,
,,,,,,,,,,,,26.50059261,-9.771741242,0.036876792,4729.395436,17.73678464,-11.50618212,121.9700515,4867.211032,,,,,,,,
,,,,,,,,,,,,26.5008829,-9.771729732,0.034040189,4729.395444,17.74120344,-11.50476886,121.9192081,4867.74943,,,,,,,,
,,,,,,,,,,,,26.50233433,-9.771696013,0.01985719,4729.395483,17.76329741,-11.50066346,121.665022,4870.440304,,,,,,,,
,,,,,,,,,,,,26.50259236,-9.771684119,0.017335777,4729.395488,17.76722522,-11.49910246,121.6198495,4870.918097,,,,,,,,
,,,,,,,,,,,,26.5029149,-9.771677732,0.014184014,4729.395493,17.772135,-11.49832225,121.5633922,4871.515078,,,,,,,,
,,,,,,,,,,,,26.5031149,-9.771659841,0.012229678,4729.395496,17.78105807,-11.49183547,121.4607918,4872.599797,,,,,,,,
,,,,,,,,,,,,26.5032149,-9.771655857,0.011252512,4729.395497,17.7855196,-11.49041797,121.4095206,4873.141126,,,,,,,,
,,,,,,,,,,,,26.5037149,-9.771644193,0.006366684,4729.395502,17.80782728,-11.48630127,121.153196,4875.846634,,,,,,,,
,,,,,,,,,,,,26.50380379,-9.771640159,0.005498094,4729.395502,17.81179309,-11.48473304,121.1076435,4876.327019,,,,,,,,
,,,,,,,,,,,,26.5039149,-9.77163796,0.004412356,4729.395503,17.81675036,-11.48395068,121.0507113,4876.927233,,,,,,,,
,,,,,,,,,,,,26.5041149,-9.771620066,0.002458028,4729.395504,17.82575915,-11.47744378,120.9472548,4878.017754,,,,,,,,
,,,,,,,,,,,,26.5042149,-9.771616095,0.001480866,4729.395504,17.83026355,-11.4760222,120.8955558,4878.561966,,,,,,,,
,,,,,,,,,,,,26.5047149,-9.771604433,-0.003404942,4729.395503,17.85278553,-11.47189473,120.6370931,4881.281865,,,,,,,,
,,,,,,,,,,,,26.50480379,-9.771600399,-0.004273529,4729.395503,17.85678944,-11.47031939,120.5911607,4881.764798,,,,,,,,
,,,,,,,,,,,,26.5049149,-0.000202199,-0.005359262,4729.395502,17.86179432,-11.46953498,120.5337537,4882.368192,,,,,,,,
,,,,,,,,,,,,,,,,17.87088904,-11.46300873,120.4294415,4883.464413,,,,,,,,
,,,,,,,,,,,,,,,,17.8754364,-11.46158327,120.377315,4884.011456,,,,,,,,
,,,,,,,,,,,,,,,,17.8981732,-11.45744557,120.1167153,4886.74549,,,,,,,,
,,,,,,,,,,,,,,,,17.9022153,-11.45586324,120.0704032,4887.230925,,,,,,,,
,,,,,,,,,,,,,,,,17.90726792,-11.45507689,120.0125217,4887.837442,,,,,,,,
,,,,,,,,,,,,,,,,17.91644874,-11.44853209,119.9073547,4888.939256,,,,,,,,
,,,,,,,,,,,,,,,,17.92103915,-11.44710291,119.8548012,4889.489076,,,,,,,,
,,,,,,,,,,,,,,,,17.94399121,-11.44295554,119.5920667,4892.236977,,,,,,,,
,,,,,,,,,,,,,,,,17.94807157,-11.44136636,119.5453753,4892.724866,,,,,,,,
,,,,,,,,,,,,,,,,17.95317203,-11.44057817,119.4870198,4893.334446,,,,,,,,
,,,,,,,,,,,,,,,,17.96243881,-11.43401585,119.3810024,4894.441706,,,,,,,,
,,,,,,,,,,,,,,,,17.96707221,-11.43258319,119.3280241,4894.994232,,,,,,,,
,,,,,,,,,,,,,,,,17.99023918,-11.42842683,119.0631658,4897.755634,,,,,,,,
,,,,,,,,,,,,,,,,17.99435775,-11.42683099,119.016097,4898.245913,,,,,,,,
,,,,,,,,,,,,,,,,17.99950596,-11.4260411,118.9572699,4898.858474,,,,,,,,
,,,,,,,,,,,,,,,,18.0088591,-11.41946191,118.8504007,4899.971097,,,,,,,,
,,,,,,,,,,,,,,,,18.01353566,-11.41802591,118.7969968,4900.526284,,,,,,,,
,,,,,,,,,,,,,,,,18.03691849,-11.41386105,118.530011,4903.300975,,,,,,,,
,,,,,,,,,,,,,,,,18.04107544,-11.41225864,118.4825642,4903.793605,,,,,,,,
,,,,,,,,,,,,,,,,18.04627162,-11.41146714,118.4232647,4904.4091,,,,,,,,
,,,,,,,,,,,,,,,,18.05571089,-11.40487215,118.3155488,4905.526929,,,,,,,,
,,,,,,,,,,,,,,,,18.06043053,-11.40343306,118.261722,4906.0847,,,,,,,,
,,,,,,,,,,,,,,,,18.0840287,-11.39926041,117.9926219,4908.872287,,,,,,,,
,,,,,,,,,,,,,,,,18.08822393,-11.39765162,117.9447993,4909.367198,,,,,,,,
,,,,,,,,,,,,,,,,18.09346796,-11.39685865,117.8850304,4909.985541,,,,,,,,
,,,,,,,,,,,,,,,,18.10299368,-11.39024857,117.7764671,4911.10848,,,,,,,,
,,,,,,,,,,,,,,,,18.10775654,-11.38880654,117.722217,4911.668786,,,,,,,,
,,,,,,,,,,,,,,,,18.13157083,-11.3846266,117.4510007,4914.46903,,,,,,,,
,,,,,,,,,,,,,,,,18.13580448,-11.38301155,117.4028022,4914.96618,,,,,,,,
,,,,,,,,,,,,,,,,18.14109654,-11.38221721,117.3425633,4915.587316,,,,,,,,
,,,,,,,,,,,,,,,,18.1507087,-11.37559295,117.2331556,4916.715231,,,,,,,,
,,,,,,,,,,,,,,,,18.15551478,-11.3741482,117.1784836,4917.278006,,,,,,,,
,,,,,,,,,,,,,,,,18.17954517,-11.36996162,116.9051583,4920.090569,,,,,,,,
,,,,,,,,,,,,,,,,18.18381724,-11.36834046,116.8565851,4920.589898,,,,,,,,
,,,,,,,,,,,,,,,,18.18915733,-11.36754486,116.7958779,4921.213753,,,,,,,,
,,,,,,,,,,,,,,,,18.19885589,-11.36090737,116.6856291,4922.346504,,,,,,,,
,,,,,,,,,,,,,,,,18.20370517,-11.35946012,116.6305369,4922.911677,,,,,,,,
,,,,,,,,,,,,,,,,18.22795157,-11.35526753,116.3551109,4925.736211,,,,,,,,
,,,,,,,,,,,,,,,,18.23226204,-11.35364043,116.3061644,4926.237656,,,,,,,,
,,,,,,,,,,,,,,,,18.23765012,-11.35284371,116.2449908,4926.864151,,,,,,,,
,,,,,,,,,,,,,,,,18.24743471,-11.34619416,116.1339079,4928.00156,,,,,,,,
,,,,,,,,,,,,,,,,18.25232701,-11.34474465,116.078399,4928.569042,,,,,,,,
,,,,,,,,,,,,,,,,18.27678848,-11.34054686,115.8008898,4931.405099,,,,,,,,
,,,,,,,,,,,,,,,,18.28113718,-11.33891404,115.7515731,4931.908581,,,,,,,,
,,,,,,,,,,,,,,,,18.28657306,-11.33811634,115.689937,4932.537617,,,,,,,,
,,,,,,,,,,,,,,,,18.29644356,-11.33145572,115.5780241,4933.679534,,,,,,,,
,,,,,,,,,,,,,,,,18.30137881,-11.33000419,115.5221006,4934.24925,,,,,,,,
,,,,,,,,,,,,,,,,18.32605505,-11.32580186,115.2425187,4937.096454,,,,,,,,
,,,,,,,,,,,,,,,,18.33044194,-11.3241635,115.1928337,4937.601907,,,,,,,,
,,,,,,,,,,,,,,,,18.33592555,-11.32336495,115.1307372,4938.233401,,,,,,,,
,,,,,,,,,,,,,,,,18.34588179,-11.31669427,115.017999,4939.379671,,,,,,,,
,,,,,,,,,,,,,,,,18.35085991,-11.31524093,114.9616632,4939.951543,,,,,,,,
,,,,,,,,,,,,,,,,18.37575052,-11.31103475,114.6800199,4942.809506,,,,,,,,
,,,,,,,,,,,,,,,,18.38017552,-11.30939104,114.6299686,4943.31686,,,,,,,,
,,,,,,,,,,,,,,,,18.38570677,-11.30859177,114.5674144,4943.950725,,,,,,,,
,,,,,,,,,,,,,,,,18.39574856,-11.30191206,114.4538559,4945.101187,,,,,,,,
,,,,,,,,,,,,,,,,18.40076946,-11.30045715,114.3971102,4945.675136,,,,,,,,
,,,,,,,,,,,,,,,,18.42587394,-11.29624783,114.113418,4948.543458,,,,,,,,
,,,,,,,,,,,,,,,,18.43033696,-11.29459894,114.0630027,4949.052641,,,,,,,,
,,,,,,,,,,,,,,,,18.43591573,-11.29379909,113.9999935,4949.688789,,,,,,,,
,,,,,,,,,,,,,,,,18.44604284,-11.28711139,113.8856201,4950.843278,,,,,,,,
,,,,,,,,,,,,,,,,18.45110639,-11.28565515,113.8284672,4951.41922,,,,,,,,
,,,,,,,,,,,,,,,,18.47642415,-11.28144339,113.5427397,4954.297488,,,,,,,,
,,,,,,,,,,,,,,,,18.48092509,-11.27978953,113.4919626,4954.808428,,,,,,,,
,,,,,,,,,,,,,,,,18.48655125,-11.27898923,113.4285016,4955.446765,,,,,,,,
,,,,,,,,,,,,,,,,18.49676327,-11.27229469,113.3133204,4956.605099,,,,,,,,
,,,,,,,,,,,,,,,,18.50186927,-11.27083737,113.255764,4957.182942,,,,,,,,
,,,,,,,,,,,,,,,,18.52739931,-11.26662395,112.9680191,4960.070695,,,,,,,,
,,,,,,,,,,,,,,,,18.53193798,-11.26496533,112.9168836,4960.58331,,,,,,,,
,,,,,,,,,,,,,,,,18.53761132,-11.26416473,112.8529746,4961.223736,,,,,,,,
,,,,,,,,,,,,,,,,18.54790793,-11.25746442,112.7369919,4962.385739,,,,,,,,
,,,,,,,,,,,,,,,,18.55305623,-11.25600627,112.679035,4962.965396,,,,,,,,
,,,,,,,,,,,,,,,,18.57879775,-11.25179193,112.3892883,4965.862199,,,,,,,,
,,,,,,,,,,,,,,,,18.58337402,-11.25012874,112.3377971,4966.376411,,,,,,,,
,,,,,,,,,,,,,,,,18.58909436,-11.24932799,112.2734435,4967.018828,,,,,,,,
,,,,,,,,,,,,,,,,18.59947533,-11.24262292,112.1566645,4968.184336,,,,,,,,
,,,,,,,,,,,,,,,,18.60466582,-11.24116416,112.0983098,4968.765727,,,,,,,,
,,,,,,,,,,,,,,,,18.63061826,-11.23694958,111.8065742,4971.671168,,,,,,,,
,,,,,,,,,,,,,,,,18.63523203,-11.23528202,111.7547295,4972.186905,,,,,,,,
,,,,,,,,,,,,,,,,18.64099924,-11.23448123,111.6899343,4972.831221,,,,,,,,
,,,,,,,,,,,,,,,,18.6514642,-11.22777252,111.5723659,4974.000052,,,,,,,,
,,,,,,,,,,,,,,,,18.65669667,-11.2263134,111.5136168,4974.583083,,,,,,,,
,,,,,,,,,,,,,,,,18.68285907,-11.22209933,111.2199096,4977.496706,,,,,,,,
,,,,,,,,,,,,,,,,18.68751016,-11.2204276,111.1677146,4978.013886,,,,,,,,
,,,,,,,,,,,,,,,,18.69332402,-11.21962693,111.1024816,4978.66,,,,,,,,
,,,,,,,,,,,,,,,,18.70387241,-11.21291577,110.9841327,4979.831952,,,,,,,,
,,,,,,,,,,,,,,,,18.7091466,-11.21145655,110.9249936,4980.416523,,,,,,,,
,,,,,,,,,,,,,,,,18.73551755,-11.20724381,110.6293368,4983.337826,,,,,,,,
,,,,,,,,,,,,,,,,18.74020572,-11.20556814,110.5767953,4983.856358,,,,,,,,
,,,,,,,,,,,,,,,,18.74606593,-11.20476773,110.5111294,4984.50416,,,,,,,,
,,,,,,,,,,,,,,,,18.75669728,-11.19805525,110.3920076,4985.679042,,,,,,,,
,,,,,,,,,,,,,,,,18.76201296,-11.19659619,110.3324824,4986.265059,,,,,,,,
,,,,,,,,,,,,,,,,18.78859133,-11.19238553,110.0348951,4989.193564,,,,,,,,
,,,,,,,,,,,,,,,,18.79331637,-11.19070615,109.9820106,4989.713366,,,,,,,,
,,,,,,,,,,,,,,,,18.79922268,-11.18990614,109.9159159,4990.362748,,,,,,,,
,,,,,,,,,,,,,,,,18.8099365,-11.18319348,109.7960292,4991.540368,,,,,,,,
,,,,,,,,,,,,,,,,18.81529341,-11.18173483,109.7361219,4992.127733,,,,,,,,
,,,,,,,,,,,,,,,,18.84207797,-11.17752702,109.4366241,4995.062958,,,,,,,,
,,,,,,,,,,,,,,,,18.84683967,-11.17584413,109.3834,4995.583942,,,,,,,,
,,,,,,,,,,,,,,,,18.85279179,-11.17504468,109.3168811,4996.234798,,,,,,,,
,,,,,,,,,,,,,,,,18.86358756,-11.16833297,109.1962379,4997.414958,,,,,,,,
,,,,,,,,,,,,,,,,18.86898545,-11.16687499,109.1359525,4998.003573,,,,,,,,
,,,,,,,,,,,,,,,,18.89597488,-11.16267079,108.8345649,5000.945026,,,,,,,,
,,,,,,,,,,,,,,,,18.900773,-11.16098462,108.7810051,5001.467105,,,,,,,,
,,,,,,,,,,,,,,,,18.90677065,-11.16018587,108.7140665,5002.119325,,,,,,,,
,,,,,,,,,,,,,,,,18.91764771,-11.15347632,108.5926764,5003.301815,,,,,,,,
,,,,,,,,,,,,,,,,18.92308625,-11.15201928,108.5320179,5003.891575,,,,,,,,
,,,,,,,,,,,,,,,,18.95027891,-11.1478195,108.2287648,5006.838729,,,,,,,,
,,,,,,,,,,,,,,,,18.95511316,-11.14613029,108.1748735,5007.361811,,,,,,,,
,,,,,,,,,,,,,,,,18.96115597,-11.14533238,108.1075206,5008.015278,,,,,,,,
,,,,,,,,,,,,,,,,18.97211375,-11.13862615,107.9853926,5009.199896,,,,,,,,
,,,,,,,,,,,,,,,,18.97759264,-11.13717029,107.9243653,5009.790699,,,,,,,,
,,,,,,,,,,,,,,,,19.00498708,-11.13297571,107.6192687,5012.743051,,,,,,,,
,,,,,,,,,,,,,,,,19.0098572,-11.13128368,107.5650498,5013.267045,,,,,,,,
,,,,,,,,,,,,,,,,19.01594485,-11.13048676,107.4972876,5013.921647,,,,,,,,
,,,,,,,,,,,,,,,,19.02698284,-11.12378491,107.3744294,5015.1082,,,,,,,,
,,,,,,,,,,,,,,,,19.03250183,-11.12233049,107.3130374,5015.699951,,,,,,,,
,,,,,,,,,,,,,,,,19.06009678,-11.11814184,107.0061171,5018.657018,,,,,,,,
,,,,,,,,,,,,,,,,19.06500255,-11.11644719,106.9515741,5019.181839,,,,,,,,
,,,,,,,,,,,,,,,,19.07113477,-11.1156514,106.8834069,5019.837469,,,,,,,,
,,,,,,,,,,,,,,,,19.08225222,-11.10895515,106.7598292,5021.02574,,,,,,,,
,,,,,,,,,,,,,,,,19.08781095,-11.10750243,106.6980775,5021.61833,,,,,,,,
,,,,,,,,,,,,,,,,19.11560458,-11.10332052,106.3893597,5024.57957,,,,,,,,
,,,,,,,,,,,,,,,,19.12054567,-11.10162349,106.3344972,5025.105121,,,,,,,,
,,,,,,,,,,,,,,,,19.12672203,-11.10082898,106.2659308,5025.761659,,,,,,,,
,,,,,,,,,,,,,,,,19.13791821,-11.09413953,106.1416439,5026.951432,,,,,,,,
,,,,,,,,,,,,,,,,19.1435163,-11.09268876,106.0795379,5027.544752,,,,,,,,
,,,,,,,,,,,,,,,,19.17150674,-11.08851439,105.7690486,5030.509624,,,,,,,,
,,,,,,,,,,,,,,,,19.17648282,-11.08681523,105.7138713,5031.035809,,,,,,,,
,,,,,,,,,,,,,,,,19.18270292,-11.08602214,105.6449115,5031.693134,,,,,,,,
,,,,,,,,,,,,,,,,19.19397724,-11.07934056,105.5199241,5032.884209,,,,,,,,
,,,,,,,,,,,,,,,,19.1996144,-11.07789201,105.4574681,5033.478161,,,,,,,,
,,,,,,,,,,,,,,,,19.22780021,-11.0737259,105.1452288,5036.446168,,,,,,,,
,,,,,,,,,,,,,,,,19.23281102,-11.07202481,105.0897405,5036.972899,,,,,,,,
,,,,,,,,,,,,,,,,19.23907453,-11.07123328,105.020392,5037.630901,,,,,,,,
,,,,,,,,,,,,,,,,19.2504263,-11.0645607,104.8947138,5038.823069,,,,,,,,
,,,,,,,,,,,,,,,,19.25610219,-11.0631146,104.8319126,5039.417548,,,,,,,,
,,,,,,,,,,,,,,,,19.28448163,-11.05895753,104.5179477,5042.388167,,,,,,,,
,,,,,,,,,,,,,,,,19.28952686,-11.05725473,104.4621527,5042.915351,,,,,,,,
,,,,,,,,,,,,,,,,19.2958334,-11.05646489,104.392421,5043.573915,,,,,,,,
,,,,,,,,,,,,,,,,19.30726183,-11.04980249,104.2660629,5044.766957,,,,,,,,
,,,,,,,,,,,,,,,,19.31297605,-11.0483591,104.2029219,5045.361853,,,,,,,,
,,,,,,,,,,,,,,,,19.34154713,-11.04421184,103.8872584,5048.334537,,,,,,,,
,,,,,,,,,,,,,,,,19.34662643,-11.04250756,103.8311615,5048.862077,,,,,,,,
,,,,,,,,,,,,,,,,19.35297556,-11.04171956,103.7610526,5049.52108,,,,,,,,
,,,,,,,,,,,,,,,,19.36447985,-11.03506849,103.6340254,5050.714778,,,,,,,,
,,,,,,,,,,,,,,,,19.370232,-11.03362808,103.5705501,5051.309982,,,,,,,,
,,,,,,,,,,,,,,,,19.39899273,-11.02949139,103.2532149,5054.284187,,,,,,,,
,,,,,,,,,,,,,,,,19.40410574,-11.02778587,103.1968209,5054.811986,,,,,,,,
,,,,,,,,,,,,,,,,19.41049702,-11.02699986,103.1263407,5055.471309,,,,,,,,
,,,,,,,,,,,,,,,,19.42207644,-11.02036119,102.9986543,5056.665453,,,,,,,,
,,,,,,,,,,,,,,,,19.42786616,-11.018924,102.9348496,5057.260861,,,,,,,,
,,,,,,,,,,,,,,,,19.45681473,-11.01479863,102.6158675,5060.236064,,,,,,,,
,,,,,,,,,,,,,,,,19.46196114,-11.01309208,102.5591808,5060.76403,,,,,,,,
,,,,,,,,,,,,,,,,19.46839415,-11.01230818,102.4883349,5061.423555,,,,,,,,
,,,,,,,,,,,,,,,,19.48004807,-11.00568296,102.3599984,5062.617945,,,,,,,,
,,,,,,,,,,,,,,,,19.48587502,-11.00424921,102.2958687,5063.213458,,,,,,,,
,,,,,,,,,,,,,,,,19.51500981,-11.00013586,101.9752623,5066.189159,,,,,,,,
,,,,,,,,,,,,,,,,19.52018932,-10.99842848,101.9182869,5066.717202,,,,,,,,
,,,,,,,,,,,,,,,,19.52666372,-10.99764682,101.8470802,5067.376819,,,,,,,,
,,,,,,,,,,,,,,,,19.5383913,-10.99103615,101.7181044,5068.571239,,,,,,,,
,,,,,,,,,,,,,,,,19.54425509,-10.98960609,101.6536553,5069.166747,,,,,,,,
,,,,,,,,,,,,,,,,19.57357404,-10.98550549,101.3314515,5072.142406,,,,,,,,
,,,,,,,,,,,,,,,,19.5787863,-10.9837975,101.2741923,5072.67043,,,,,,,,
,,,,,,,,,,,,,,,,19.58530162,-10.98301822,101.2026307,5073.330019,,,,,,,,
,,,,,,,,,,,,,,,,19.59710213,-10.97642315,101.0730255,5074.524262,,,,,,,,
,,,,,,,,,,,,,,,,19.60300239,-10.97499701,101.0082618,5075.119663,,,,,,,,
,,,,,,,,,,,,,,,,19.63250367,-10.97090988,100.6844854,5078.094763,,,,,,,,
,,,,,,,,,,,,,,,,19.63774834,-10.96920147,100.6269466,5078.622677,,,,,,,,
,,,,,,,,,,,,,,,,19.64430418,-10.96842469,100.5550358,5079.282124,,,,,,,,
,,,,,,,,,,,,,,,,19.65617688,-10.96184624,100.4248109,5080.475984,,,,,,,,
,,,,,,,,,,,,,,,,19.66211323,-10.96042426,100.3597375,5081.071175,,,,,,,,
,,,,,,,,,,,,,,,,19.69179499,-10.95635128,100.0344129,5084.045204,,,,,,,,
,,,,,,,,,,,,,,,,19.69707175,-10.95464266,99.97659885,5084.572917,,,,,,,,
,,,,,,,,,,,,,,,,19.7036677,-10.9538685,99.90434415,5085.232107,,,,,,,,
,,,,,,,,,,,,,,,,19.71561178,-10.94730772,99.77351018,5086.425373,,,,,,,,
,,,,,,,,,,,,,,,,19.72158383,-10.94589012,99.70813237,5087.020248,,,,,,,,
,,,,,,,,,,,,,,,,19.75144405,-10.941832,99.38128567,5089.992679,,,,,,,,
,,,,,,,,,,,,,,,,19.75675253,-10.94012337,99.32320114,5090.520097,,,,,,,,
,,,,,,,,,,,,,,,,19.76338814,-10.93935197,99.25060837,5091.178913,,,,,,,,
,,,,,,,,,,,,,,,,19.77540281,-10.93280986,99.1191756,5092.371377,,,,,,,,
,,,,,,,,,,,,,,,,19.78141015,-10.93139688,99.05349851,5092.965833,,,,,,,,
,,,,,,,,,,,,,,,,19.81144684,-10.92735431,98.72515551,5095.936145,,,,,,,,
,,,,,,,,,,,,,,,,19.8167867,-10.92564587,98.66680501,5096.463175,,,,,,,,
,,,,,,,,,,,,,,,,19.82346152,-10.92487734,98.59387989,5097.121503,,,,,,,,
,,,,,,,,,,,,,,,,19.83554614,-10.91835483,98.46185692,5098.312972,,,,,,,,
,,,,,,,,,,,,,,,,19.84158845,-10.91694667,98.39588485,5098.906912,,,,,,,,
,,,,,,,,,,,,,,,,19.87179999,-10.91292028,98.06606702,5101.874625,,,,,,,,
,,,,,,,,,,,,,,,,19.87717094,-10.91121219,98.00745436,5102.401183,,,,,,,,
,,,,,,,,,,,,,,,,19.88388461,-10.91044665,97.93420165,5103.058915,,,,,,,,
,,,,,,,,,,,,,,,,19.89603839,-10.90394472,97.80159847,5104.249186,,,,,,,,
,,,,,,,,,,,,,,,,19.90211528,-10.90254158,97.73533639,5104.842509,,,,,,,,
,,,,,,,,,,,,,,,,19.93249974,-10.89853205,97.40406865,5107.807114,,,,,,,,
,,,,,,,,,,,,,,,,19.93790142,-10.89682449,97.34519826,5108.333109,,,,,,,,
,,,,,,,,,,,,,,,,19.94465352,-10.89606205,97.27162348,5108.990133,,,,,,,,
,,,,,,,,,,,,,,,,19.9568757,-10.88958164,97.13844982,5110.179005,,,,,,,,
,,,,,,,,,,,,,,,,19.96298679,-10.88818375,97.0719026,5110.771609,,,,,,,,
,,,,,,,,,,,,,,,,19.99354225,-10.8841917,96.73920918,5113.732606,,,,,,,,
,,,,,,,,,,,,,,,,19.99897433,-10.88248486,96.68008537,5114.257949,,,,,,,,
,,,,,,,,,,,,,,,,20.00576443,-10.88172564,96.6061939,5114.914154,,,,,,,,
,,,,,,,,,,,,,,,,20.01805433,-10.87526762,96.47245853,5116.101435,,,,,,,,
,,,,,,,,,,,,,,,,20.02419928,-10.87387518,96.40563053,5116.693226,,,,,,,,
,,,,,,,,,,,,,,,,20.05492405,-10.86990123,96.0715333,5119.650137,,,,,,,,
,,,,,,,,,,,,,,,,20.06038623,-10.86819526,96.01215994,5120.174744,,,,,,,,
,,,,,,,,,,,,,,,,20.06721395,-10.86743936,95.93795664,5120.830022,,,,,,,,
,,,,,,,,,,,,,,,,20.07957092,-10.8610046,95.80366808,5122.015524,,,,,,,,
,,,,,,,,,,,,,,,,20.0857494,-10.85961779,95.73656355,5122.606408,,,,,,,,
,,,,,,,,,,,,,,,,20.11664181,-10.85566253,95.40108378,5125.558763,,,,,,,,
,,,,,,,,,,,,,,,,20.12213379,-10.85395759,95.34146465,5126.08255,,,,,,,,
,,,,,,,,,,,,,,,,20.12899877,-10.85320511,95.26695423,5126.736798,,,,,,,,
,,,,,,,,,,,,,,,,20.14142209,-10.84679448,95.13212144,5127.92033,,,,,,,,
,,,,,,,,,,,,,,,,20.14763375,-10.8454135,95.06474487,5128.510211,,,,,,,,
,,,,,,,,,,,,,,,,20.17869203,-10.84147753,94.72790489,5131.457532,,,,,,,,
,,,,,,,,,,,,,,,,20.18421351,-10.83977377,94.66804396,5131.980413,,,,,,,,
,,,,,,,,,,,,,,,,20.19111535,-10.83902481,94.59323137,5132.633526,,,,,,,,
,,,,,,,,,,,,,,,,20.20360439,-10.83263911,94.45786235,5133.814905,,,,,,,,
,,,,,,,,,,,,,,,,20.20984891,-10.83126414,94.39021771,5134.403692,,,,,,,,
,,,,,,,,,,,,,,,,20.24107151,-10.82734803,94.05203745,5137.345525,,,,,,,,
,,,,,,,,,,,,,,,,20.2466222,-10.82564558,93.99193825,5137.86742,,,,,,,,
,,,,,,,,,,,,,,,,20.25356055,-10.82490024,93.91682791,5138.519296,,,,,,,,
,,,,,,,,,,,,,,,,20.26611466,-10.81854027,93.780931,5139.698338,,,,,,,,
,,,,,,,,,,,,,,,,20.27239171,-10.8171715,93.71302246,5140.285939,,,,,,,,
,,,,,,,,,,,,,,,,20.30377697,-10.81327581,93.37352275,5143.221823,,,,,,,,
,,,,,,,,,,,,,,,,20.30935657,-10.81157481,93.31318898,5143.74265,,,,,,,,
,,,,,,,,,,,,,,,,20.31633107,-10.8108332,93.23778552,5144.393187,,,,,,,,
,,,,,,,,,,,,,,,,20.32894965,-10.80449971,93.10136811,5145.569716,,,,,,,,
,,,,,,,,,,,,,,,,20.33525895,-10.8031373,93.03319936,5146.156044,,,,,,,,
,,,,,,,,,,,,,,,,20.36680541,-10.79926256,92.69239861,5149.085541,,,,,,,,
,,,,,,,,,,,,,,,,20.37241367,-10.79756313,92.63183354,5149.605223,,,,,,,,
,,,,,,,,,,,,,,,,20.37942399,-10.79682533,92.55614104,5150.254324,,,,,,,,
,,,,,,,,,,,,,,,,20.39210644,-10.79051908,92.41921084,5151.428162,,,,,,,,
,,,,,,,,,,,,,,,,20.39844767,-10.7891632,92.35078572,5152.013128,,,,,,,,
,,,,,,,,,,,,,,,,20.43015379,-10.78530996,92.00870315,5154.935795,,,,,,,,
,,,,,,,,,,,,,,,,20.43579044,-10.78361221,91.94791019,5155.454252,,,,,,,,
,,,,,,,,,,,,,,,,20.44283624,-10.78287831,91.87193292,5156.101819,,,,,,,,
,,,,,,,,,,,,,,,,20.45558203,-10.7766,91.73449667,5157.272799,,,,,,,,
,,,,,,,,,,,,,,,,20.46195492,-10.77525082,91.66581855,5157.856318,,,,,,,,
,,,,,,,,,,,,,,,,20.49381939,-10.77141957,91.32247097,5160.771734,,,,,,,,
,,,,,,,,,,,,,,,,20.49948418,-10.76972361,91.26145311,5161.288893,,,,,,,,
,,,,,,,,,,,,,,,,20.50656517,-10.76899369,91.18519478,5161.934831,,,,,,,,
,,,,,,,,,,,,,,,,20.51937373,-10.76274402,91.04725951,5163.102782,,,,,,,,
,,,,,,,,,,,,,,,,20.52577801,-10.76140168,90.9783319,5163.68477,,,,,,,,
,,,,,,,,,,,,,,,,20.5577994,-10.75759294,90.63373683,5166.592509,,,,,,,,
,,,,,,,,,,,,,,,,20.56349209,-10.75589886,90.57249716,5167.108294,,,,,,,,
,,,,,,,,,,,,,,,,20.57060796,-10.75517301,90.49596167,5167.75251,,,,,,,,
,,,,,,,,,,,,,,,,20.58347881,-10.74895262,90.35753345,5168.91727,,,,,,,,
,,,,,,,,,,,,,,,,20.58991423,-10.74761729,90.28835937,5169.497646,,,,,,,,
,,,,,,,,,,,,,,,,20.62209136,-10.74383152,89.94253193,5172.397306,,,,,,,,
,,,,,,,,,,,,,,,,20.62781174,-10.74213941,89.88107316,5172.911644,,,,,,,,
,,,,,,,,,,,,,,,,20.63496221,-10.74141771,89.80426386,5173.554049,,,,,,,,
,,,,,,,,,,,,,,,,20.6478949,-10.73522721,89.66534843,5174.715459,,,,,,,,
,,,,,,,,,,,,,,,,20.65436125,-10.73389903,89.59593074,5175.294144,,,,,,,,
,,,,,,,,,,,,,,,,20.68669297,-10.7301367,89.24888523,5178.185329,,,,,,,,
,,,,,,,,,,,,,,,,20.69244084,-10.72844663,89.18720988,5178.698151,,,,,,,,
,,,,,,,,,,,,,,,,20.69962566,-10.72772915,89.11012995,5179.338655,,,,,,,,
,,,,,,,,,,,,,,,,20.71261972,-10.72156917,88.97073328,5180.496557,,,,,,,,
,,,,,,,,,,,,,,,,20.71911674,-10.72024828,88.90107497,5181.07347,,,,,,,,
,,,,,,,,,,,,,,,,20.75160187,-10.71650985,88.5528263,5183.955781,,,,,,,,
,,,,,,,,,,,,,,,,20.75737701,-10.71482189,88.49093702,5184.467016,,,,,,,,
,,,,,,,,,,,,,,,,20.76459593,-10.71410872,88.41358976,5185.105532,,,,,,,,
,,,,,,,,,,,,,,,,20.77765094,-10.70797983,88.27371689,5186.259773,,,,,,,,
,,,,,,,,,,,,,,,,20.78417845,-10.70666635,88.20382047,5186.834839,,,,,,,,
,,,,,,,,,,,,,,,,20.81681599,-10.70295227,87.85438119,5189.707896,,,,,,,,
,,,,,,,,,,,,,,,,20.82261822,-10.70126648,87.79228021,5190.217477,,,,,,,,
,,,,,,,,,,,,,,,,20.82987101,-10.70055767,87.7146684,5190.85392,,,,,,,,
,,,,,,,,,,,,,,,,20.84298657,-10.69446044,87.57432459,5192.004347,,,,,,,,
,,,,,,,,,,,,,,,,20.84954435,-10.69315452,87.50419267,5192.57749,,,,,,,,
,,,,,,,,,,,,,,,,20.88233325,-10.68946521,87.15357589,5195.440912,,,,,,,,
,,,,,,,,,,,,,,,,20.88816239,-10.68778164,87.09126552,5195.94877,,,,,,,,
,,,,,,,,,,,,,,,,20.89544881,-10.68707727,87.01339208,5196.583057,,,,,,,,
,,,,,,,,,,,,,,,,20.90862452,-10.68101225,86.87258221,5197.72952,,,,,,,,
,,,,,,,,,,,,,,,,20.91521238,-10.67971402,86.80221723,5198.300665,,,,,,,,
,,,,,,,,,,,,,,,,20.94815167,-10.67604991,86.45043509,5201.154078,,,,,,,,
,,,,,,,,,,,,,,,,20.95400754,-10.67436861,86.3879175,5201.660147,,,,,,,,
,,,,,,,,,,,,,,,,20.96132738,-10.67366875,86.30978511,5202.292193,,,,,,,,
,,,,,,,,,,,,,,,,20.97456294,-10.66763643,86.16851314,5203.434551,,,,,,,,
,,,,,,,,,,,,,,,,20.98118072,-10.666346,86.09791707,5204.003627,,,,,,,,
,,,,,,,,,,,,,,,,21.01426962,-10.66270749,85.74497944,5206.846677,,,,,,,,
,,,,,,,,,,,,,,,,21.02015209,-10.66102849,85.68225638,5207.350894,,,,,,,,
,,,,,,,,,,,,,,,,21.02750518,-10.66033319,85.60386723,5207.980621,,,,,,,,
,,,,,,,,,,,,,,,,21.0408002,-10.6543341,85.46213784,5209.118727,,,,,,,,
,,,,,,,,,,,,,,,,21.04744771,-10.65305159,85.39131301,5209.68566,,,,,,,,
,,,,,,,,,,,,,,,,21.08068528,-10.6494391,85.03723154,5212.517979,,,,,,,,
,,,,,,,,,,,,,,,,21.08659418,-10.64776243,84.97430507,5213.020279,,,,,,,,
,,,,,,,,,,,,,,,,21.0939803,-10.64707176,84.89566175,5213.647605,,,,,,,,
,,,,,,,,,,,,,,,,21.10733454,-10.64110636,84.75347816,5214.781323,,,,,,,,
,,,,,,,,,,,,,,,,21.11401167,-10.63983189,84.6824262,5215.346045,,,,,,,,
,,,,,,,,,,,,,,,,21.14739727,-10.63624578,84.32720895,5218.167294,,,,,,,,
,,,,,,,,,,,,,,,,21.15333249,-10.63457145,84.2640805,5218.667617,,,,,,,,
,,,,,,,,,,,,,,,,21.16075152,-10.63388548,84.18518479,5219.292467,,,,,,,,
,,,,,,,,,,,,,,,,21.17416471,-10.62795421,84.04255043,5220.42166,,,,,,,,
,,,,,,,,,,,,,,,,21.18087131,-10.62668788,83.97127303,5220.984103,,,,,,,,
,,,,,,,,,,,,,,,,21.21440429,-10.62312856,83.61492848,5223.79394,,,,,,,,
,,,,,,,,,,,,,,,,21.22036571,-10.62145656,83.55159956,5224.292224,,,,,,,,
,,,,,,,,,,,,,,,,21.22781748,-10.62077534,83.47245335,5224.914523,,,,,,,,
,,,,,,,,,,,,,,,,21.24128939,-10.61487864,83.32937125,5226.039056,,,,,,,,
,,,,,,,,,,,,,,,,21.24802534,-10.61362057,83.25786993,5226.599154,,,,,,,,
,,,,,,,,,,,,,,,,21.28170511,-10.61008839,82.90040566,5229.397244,,,,,,,,
,,,,,,,,,,,,,,,,21.28769262,-10.60841874,82.8368776,5229.893431,,,,,,,,
,,,,,,,,,,,,,,,,21.29517702,-10.60774232,82.75748256,5230.513104,,,,,,,,
,,,,,,,,,,,,,,,,21.30870748,-10.60188059,82.61395493,5231.632851,,,,,,,,
,,,,,,,,,,,,,,,,21.31547271,-10.60063087,82.54223077,5232.190539,,,,,,,,
,,,,,,,,,,,,,,,,21.34929886,-10.59712618,82.18365224,5234.976565,,,,,,,,
,,,,,,,,,,,,,,,,21.35531239,-10.59545886,82.11992602,5235.470597,,,,,,,,
,,,,,,,,,,,,,,,,21.36282932,-10.5947873,82.04028336,5236.087573,,,,,,,,
,,,,,,,,,,,,,,,,21.37641815,-10.58896092,81.89631255,5237.202405,,,,,,,,
,,,,,,,,,,,,,,,,21.38321257,-10.58771965,81.82436672,5237.75762,,,,,,,,
,,,,,,,,,,,,,,,,21.41718466,-10.58424282,81.46467978,5240.531259,,,,,,,,
,,,,,,,,,,,,,,,,21.42322414,-10.58257779,81.40075644,5241.02308,,,,,,,,
,,,,,,,,,,,,,,,,21.43077349,-10.58191114,81.32086745,5241.637287,,,,,,,,
,,,,,,,,,,,,,,,,21.44442055,-10.5761205,81.17645545,5242.747078,,,,,,,,
,,,,,,,,,,,,,,,,21.45124409,-10.57488778,81.10428896,5243.299756,,,,,,,,
,,,,,,,,,,,,,,,,21.48536174,-10.57143915,80.74349857,5246.060694,,,,,,,,
,,,,,,,,,,,,,,,,21.4914271,-10.5697764,80.67937897,5246.550248,,,,,,,,
,,,,,,,,,,,,,,,,21.49900881,-10.56911471,80.59924477,5247.161617,,,,,,,,
,,,,,,,,,,,,,,,,21.51271398,-10.56336016,80.45439323,5248.266244,,,,,,,,
,,,,,,,,,,,,,,,,21.51956656,-10.56213608,80.38200689,5248.816323,,,,,,,,
,,,,,,,,,,,,,,,,21.5538295,-10.55871599,80.02011714,5251.564251,,,,,,,,
,,,,,,,,,,,,,,,,21.55992068,-10.55705547,79.95580202,5252.051482,,,,,,,,
,,,,,,,,,,,,,,,,21.56753467,-10.55639878,79.8754235,5252.659945,,,,,,,,
,,,,,,,,,,,,,,,,21.58129786,-10.55068067,79.73013373,5253.759286,,,,,,,,
,,,,,,,,,,,,,,,,21.58817946,-10.54946532,79.6575282,5254.306707,,,,,,,,
,,,,,,,,,,,,,,,,21.62258745,-10.5460741,79.29454233,5257.041321,,,,,,,,
,,,,,,,,,,,,,,,,21.62870442,-10.54441577,79.23003226,5257.526176,,,,,,,,
,,,,,,,,,,,,,,,,21.63635064,-10.54376414,79.14941014,5258.131664,,,,,,,,
,,,,,,,,,,,,,,,,21.65017184,-10.53808278,79.00368266,5259.225604,,,,,,,,
,,,,,,,,,,,,,,,,21.65708244,-10.53687623,78.93085818,5259.770308,,,,,,,,
,,,,,,,,,,,,,,,,21.69163544,-10.53351421,78.56677749,5262.49132,,,,,,,,
,,,,,,,,,,,,,,,,21.6977782,-10.53185799,78.50207268,5262.973747,,,,,,,,
,,,,,,,,,,,,,,,,21.70545664,-10.53121147,78.42120724,5263.576197,,,,,,,,
,,,,,,,,,,,,,,,,21.71933578,-10.52556718,78.27504316,5264.664615,,,,,,,,
,,,,,,,,,,,,,,,,21.72627534,-10.52436953,78.20200029,5265.206542,,,,,,,,
,,,,,,,,,,,,,,,,21.76097318,-10.52103704,77.83682748,5267.913651,,,,,,,,
,,,,,,,,,,,,,,,,21.76714168,-10.51938288,77.77192842,5268.393597,,,,,,,,
,,,,,,,,,,,,,,,,21.77485231,-10.5187415,77.69082027,5268.992941,,,,,,,,
,,,,,,,,,,,,,,,,21.78878937,-10.51313458,77.54421989,5270.075723,,,,,,,,
,,,,,,,,,,,,,,,,21.79575791,-10.51194592,77.47095877,5270.614815,,,,,,,,
,,,,,,,,,,,,,,,,21.83060057,-10.50864327,77.1046946,5273.307733,,,,,,,,
,,,,,,,,,,,,,,,,21.83679482,-10.50699109,77.03960142,5273.785147,,,,,,,,
,,,,,,,,,,,,,,,,21.84453763,-10.5063549,76.95825072,5274.381321,,,,,,,,
,,,,,,,,,,,,,,,,21.8585327,-10.50078562,76.81121361,5275.458357,,,,,,,,
,,,,,,,,,,,,,,,,21.86553023,-10.49960601,76.73773402,5275.994559,,,,,,,,
,,,,,,,,,,,,,,,,21.90051789,-10.49633352,76.37037736,5278.673011,,,,,,,,
,,,,,,,,,,,,,,,,21.90673792,-10.49468322,76.30508987,5279.147844,,,,,,,,
,,,,,,,,,,,,,,,,21.91451296,-10.49405227,76.22349636,5279.740787,,,,,,,,
,,,,,,,,,,,,,,,,21.92856607,-10.48852089,76.07602221,5280.811965,,,,,,,,
,,,,,,,,,,,,,,,,21.93559263,-10.48735041,76.002324,5281.345222,,,,,,,,
,,,,,,,,,,,,,,,,21.97072543,-10.48410839,75.63387407,5284.008928,,,,,,,,
,,,,,,,,,,,,,,,,21.97697126,-10.48245989,75.5683921,5284.48113,,,,,,,,
,,,,,,,,,,,,,,,,21.98477855,-10.4818342,75.48655562,5285.07078,,,,,,,,
,,,,,,,,,,,,,,,,21.9988898,-10.47634099,75.33864381,5286.13599,,,,,,,,
,,,,,,,,,,,,,,,,22.00594543,-10.47517972,75.26472666,5286.666247,,,,,,,,
,,,,,,,,,,,,,,,,22.04122356,-10.47196848,74.89518188,5289.314932,,,,,,,,
,,,,,,,,,,,,,,,,22.04749523,-10.47032166,74.82950517,5289.784453,,,,,,,,
,,,,,,,,,,,,,,,,22.05533481,-10.46970129,74.74742536,5290.370749,,,,,,,,
,,,,,,,,,,,,,,,,22.06950427,-10.46424651,74.59907536,5291.42988,,,,,,,,
,,,,,,,,,,,,,,,,22.076589,-10.46309452,74.52493901,5291.95708,,,,,,,,
,,,,,,,,,,,,,,,,22.11201264,-10.45991437,74.15429805,5294.590465,,,,,,,,
,,,,,,,,,,,,,,,,22.11831018,-10.45826913,74.08842635,5295.057257,,,,,,,,
,,,,,,,,,,,,,,,,22.1261821,-10.45765412,74.00610291,5295.640137,,,,,,,,
,,,,,,,,,,,,,,,,22.14040991,-10.45223799,73.85731347,5296.693081,,,,,,,,
,,,,,,,,,,,,,,,,22.14752381,-10.45109536,73.78295728,5297.217171,,,,,,,,
,,,,,,,,,,,,,,,,22.18309331,-10.44794662,73.41121698,5299.834988,,,,,,,,
,,,,,,,,,,,,,,,,22.18941678,-10.44630283,73.34514973,5300.299002,,,,,,,,
,,,,,,,,,,,,,,,,22.19732112,-10.44569321,73.26258196,5300.878406,,,,,,,,
,,,,,,,,,,,,,,,,22.21160743,-10.44031597,73.11335153,5301.925058,,,,,,,,
,,,,,,,,,,,,,,,,22.21875058,-10.43918275,73.03877472,5302.445986,,,,,,,,
,,,,,,,,,,,,,,,,22.25446636,-10.43606573,72.66593117,5305.047969,,,,,,,,
,,,,,,,,,,,,,,,,22.26081583,-10.43442326,72.59966766,5305.509158,,,,,,,,
,,,,,,,,,,,,,,,,22.26875267,-10.43381908,72.51685469,5306.085027,,,,,,,,
,,,,,,,,,,,,,,,,22.28309769,-10.42848093,72.36718141,5307.125283,,,,,,,,
,,,,,,,,,,,,,,,,22.2902702,-10.4273572,72.29238306,5307.642995,,,,,,,,
,,,,,,,,,,,,,,,,22.32613273,-10.4242722,71.91843161,5310.228882,,,,,,,,
,,,,,,,,,,,,,,,,22.33250829,-10.42263091,71.85197102,5310.6872,,,,,,,,
,,,,,,,,,,,,,,,,22.34047774,-10.42203219,71.76891181,5311.259475,,,,,,,,
,,,,,,,,,,,,,,,,22.35488168,-10.41673334,71.61879354,5312.29323,,,,,,,,
,,,,,,,,,,,,,,,,22.36208364,-10.41561918,71.54377257,5312.807675,,,,,,,,
,,,,,,,,,,,,,,,,22.39809348,-10.4125665,71.16870783,5315.377206,,,,,,,,
,,,,,,,,,,,,,,,,22.40449523,-10.41092623,71.1020492,5315.832606,,,,,,,,
,,,,,,,,,,,,,,,,22.41249741,-10.41033302,71.01874256,5316.40123,,,,,,,,
,,,,,,,,,,,,,,,,22.42696048,-10.40507368,70.86817724,5317.428379,,,,,,,,
,,,,,,,,,,,,,,,,22.43419201,-10.40396915,70.79293261,5317.939504,,,,,,,,
,,,,,,,,,,,,,,,,22.47034967,-10.40094911,70.41674943,5320.492414,,,,,,,,
,,,,,,,,,,,,,,,,22.4767777,-10.39930971,70.34989183,5320.944849,,,,,,,,
,,,,,,,,,,,,,,,,22.48481274,-10.39872205,70.2663366,5321.509763,,,,,,,,
,,,,,,,,,,,,,,,,22.49933517,-10.39350241,70.11532186,5322.530201,,,,,,,,
,,,,,,,,,,,,,,,,22.50659639,-10.39240757,70.03985239,5323.037953,,,,,,,,
,,,,,,,,,,,,,,,,22.54290247,-10.3894205,69.66254479,5325.573981,,,,,,,,
,,,,,,,,,,,,,,,,22.54935688,-10.38778179,69.59548717,5326.023405,,,,,,,,
,,,,,,,,,,,,,,,,22.5574249,-10.38719971,69.51168204,5326.58455,,,,,,,,
,,,,,,,,,,,,,,,,22.572007,-10.38201996,69.36021483,5327.598177,,,,,,,,
,,,,,,,,,,,,,,,,22.57929805,-10.38093488,69.28451899,5328.102505,,,,,,,,
,,,,,,,,,,,,,,,,22.61575331,-10.37798108,68.90607935,5330.621396,,,,,,,,
,,,,,,,,,,,,,,,,22.62223424,-10.37634289,68.83882034,5331.067764,,,,,,,,
,,,,,,,,,,,,,,,,22.63033541,-10.37576643,68.75476361,5331.625084,,,,,,,,
,,,,,,,,,,,,,,,,22.64497751,-10.37062673,68.6028406,5332.631798,,,,,,,,
,,,,,,,,,,,,,,,,22.65229856,-10.36955148,68.52691673,5333.132653,,,,,,,,
,,,,,,,,,,,,,,,,22.68890381,-10.36663127,68.14733672,5335.634154,,,,,,,,
,,,,,,,,,,,,,,,,22.69541141,-10.36499338,68.07987484,5336.07742,,,,,,,,
,,,,,,,,,,,,,,,,22.70354591,-10.36442258,67.99556465,5336.630859,,,,,,,,
,,,,,,,,,,,,,,,,22.71824829,-10.35932313,67.84318295,5337.630555,,,,,,,,
,,,,,,,,,,,,,,,,22.72559948,-10.35825777,67.76702958,5338.127883,,,,,,,,
,,,,,,,,,,,,,,,,22.76235544,-10.35537148,67.38630192,5340.611733,,,,,,,,
,,,,,,,,,,,,,,,,22.76888983,-10.35373372,67.31863586,5341.05185,,,,,,,,
,,,,,,,,,,,,,,,,22.77705782,-10.35316861,67.2340706,5341.601348,,,,,,,,
,,,,,,,,,,,,,,,,22.79182087,-10.34810956,67.08122628,5342.593928,,,,,,,,
,,,,,,,,,,,,,,,,22.79920239,-10.34705415,67.00484146,5343.087679,,,,,,,,
,,,,,,,,,,,,,,,,22.83611001,-10.3442021,66.62295632,5345.553626,,,,,,,,
,,,,,,,,,,,,,,,,22.84267137,-10.34256424,66.55508434,5345.990549,,,,,,,,
,,,,,,,,,,,,,,,,22.85087306,-10.34200486,66.47026183,5346.536052,,,,,,,,
,,,,,,,,,,,,,,,,22.86569718,-10.33698636,66.31695068,5347.521415,,,,,,,,
,,,,,,,,,,,,,,,,22.87310924,-10.33594097,66.24033231,5348.01154,,,,,,,,
,,,,,,,,,,,,,,,,22.91016955,-10.33312349,65.85727918,5350.459333,,,,,,,,
,,,,,,,,,,,,,,,,22.91675805,-10.3314853,65.78919941,5350.893019,,,,,,,,
,,,,,,,,,,,,,,,,22.92499367,-10.3309317,65.70411731,5351.43447,,,,,,,,
,,,,,,,,,,,,,,,,22.93987924,-10.32595391,65.55033554,5352.412513,,,,,,,,
,,,,,,,,,,,,,,,,22.94732202,-10.3249186,65.4734817,5352.898959,,,,,,,,
,,,,,,,,,,,,,,,,22.98453594,-10.32213604,65.08925104,5355.328338,,,,,,,,
,,,,,,,,,,,,,,,,22.99115174,-10.32049729,65.02096177,5355.75874,,,,,,,,
,,,,,,,,,,,,,,,,22.9994215,-10.31994949,64.93561797,5356.296081,,,,,,,,
,,,,,,,,,,,,,,,,23.01436895,-10.31501257,64.7813611,5357.266702,,,,,,,,
,,,,,,,,,,,,,,,,23.02184267,-10.3139874,64.70426957,5357.749419,,,,,,,,
,,,,,,,,,,,,,,,,23.05921128,-10.3112401,64.31885021,5360.16013,,,,,,,,
,,,,,,,,,,,,,,,,23.06585459,-10.30960055,64.25034946,5360.587203,,,,,,,,
,,,,,,,,,,,,,,,,23.07415872,-10.30905859,64.16474147,5361.120376,,,,,,,,
,,,,,,,,,,,,,,,,23.08916853,-10.30416267,64.01000444,5362.083477,,,,,,,,
,,,,,,,,,,,,,,,,23.09667344,-10.30314771,63.93267267,5362.562415,,,,,,,,
,,,,,,,,,,,,,,,,23.13419797,-10.300436,63.5460519,5364.954208,,,,,,,,
,,,,,,,,,,,,,,,,23.140869,-10.29879539,63.4773374,5365.377906,,,,,,,,
,,,,,,,,,,,,,,,,23.14920778,-10.29825931,63.39146239,5365.906858,,,,,,,,
,,,,,,,,,,,,,,,,23.16428045,-10.29340453,63.23624016,5366.862336,,,,,,,,
,,,,,,,,,,,,,,,,23.17181678,-10.29239984,63.15866562,5367.337443,,,,,,,,
,,,,,,,,,,,,,,,,23.20949845,-10.28972408,62.77083082,5369.710065,,,,,,,,
,,,,,,,,,,,,,,,,23.21619741,-10.28808213,62.70190034,5370.130343,,,,,,,,
,,,,,,,,,,,,,,,,23.22457112,-10.28755197,62.61575551,5370.655015,,,,,,,,
,,,,,,,,,,,,,,,,23.23970713,-10.28273846,62.46004303,5371.602768,,,,,,,,
,,,,,,,,,,,,,,,,23.24727513,-10.28174412,62.38222322,5372.073993,,,,,,,,
,,,,,,,,,,,,,,,,23.28511515,-10.27910468,61.99316179,5374.427181,,,,,,,,
,,,,,,,,,,,,,,,,23.29184227,-10.2774611,61.92401307,5374.843993,,,,,,,,
,,,,,,,,,,,,,,,,23.30025116,-10.2769369,61.83759564,5375.364328,,,,,,,,
,,,,,,,,,,,,,,,,23.31545106,-10.27216481,61.68138726,5376.304253,,,,,,,,
,,,,,,,,,,,,,,,,23.32305101,-10.27118086,61.60331933,5376.771544,,,,,,,,
,,,,,,,,,,,,,,,,23.36105075,-10.26857811,61.21301711,5379.105043,,,,,,,,
,,,,,,,,,,,,,,,,23.36780626,-10.26693262,61.14364763,5379.518343,,,,,,,,
,,,,,,,,,,,,,,,,23.37625065,-10.26641441,61.05695444,5380.034284,,,,,,,,
,,,,,,,,,,,,,,,,23.39151501,-10.26168384,60.90024419,5380.966279,,,,,,,,
,,,,,,,,,,,,,,,,23.39914719,-10.26071037,60.82192517,5381.429586,,,,,,,,
,,,,,,,,,,,,,,,,23.43730809,-10.25814468,60.43036723,5383.743138,,,,,,,,
,,,,,,,,,,,,,,,,23.44409225,-10.25649696,60.36077433,5384.152881,,,,,,,,
,,,,,,,,,,,,,,,,23.45257245,-10.25598479,60.27380206,5384.66437,,,,,,,,
,,,,,,,,,,,,,,,,23.46790188,-10.25129587,60.11658368,5385.588332,,,,,,,,
,,,,,,,,,,,,,,,,23.47556659,-10.25033293,60.03801043,5386.047603,,,,,,,,
,,,,,,,,,,,,,,,,23.51389016,-10.24780469,59.64518107,5388.34095,,,,,,,,
,,,,,,,,,,,,,,,,23.52070324,-10.24615441,59.57536197,5388.74709,,,,,,,,
,,,,,,,,,,,,,,,,23.52921959,-10.24564831,59.48810714,5389.254068,,,,,,,,
,,,,,,,,,,,,,,,,23.54461472,-10.24100116,59.33037404,5390.169896,,,,,,,,
,,,,,,,,,,,,,,,,23.55231228,-10.24004881,59.25154326,5390.625077,,,,,,,,
,,,,,,,,,,,,,,,,23.59080011,-10.23755841,58.85742603,5392.897961,,,,,,,,
,,,,,,,,,,,,,,,,23.59764239,-10.23590524,58.78737778,5393.30045,,,,,,,,
,,,,,,,,,,,,,,,,23.60619524,-10.23540526,58.69983674,5393.802861,,,,,,,,
,,,,,,,,,,,,,,,,23.62165669,-10.23079999,58.5415826,5394.710445,,,,,,,,
,,,,,,,,,,,,,,,,23.62938741,-10.22985832,58.46249114,5395.161484,,,,,,,,
,,,,,,,,,,,,,,,,23.66804102,-10.22740617,58.0670702,5397.413633,,,,,,,,
,,,,,,,,,,,,,,,,23.67491277,-10.22574975,57.99679,5397.812423,,,,,,,,
,,,,,,,,,,,,,,,,23.68350246,-10.22525593,57.90895923,5398.310206,,,,,,,,
,,,,,,,,,,,,,,,,23.69903091,-10.22069266,57.75017681,5399.209443,,,,,,,,
,,,,,,,,,,,,,,,,23.70679514,-10.21976172,57.67082103,5399.656287,,,,,,,,
,,,,,,,,,,,,,,,,23.74561628,-10.21734823,57.27407829,5401.887437,,,,,,,,
,,,,,,,,,,,,,,,,23.75251781,-10.21568819,57.2035629,5402.282483,,,,,,,,
,,,,,,,,,,,,,,,,23.76114473,-10.21520057,57.11543838,5402.775579,,,,,,,,
,,,,,,,,,,,,,,,,23.7767409,-10.21067941,56.9561204,5403.666361,,,,,,,,
,,,,,,,,,,,,,,,,23.78453898,-10.20975927,56.87649666,5404.108956,,,,,,,,
,,,,,,,,,,,,,,,,23.8235294,-10.20738487,56.47841387,5406.318839,,,,,,,,
,,,,,,,,,,,,,,,,23.83046103,-10.20572084,56.40766005,5406.71009,,,,,,,,
,,,,,,,,,,,,,,,,23.83912557,-10.20523946,56.31923773,5407.198439,,,,,,,,
,,,,,,,,,,,,,,,,23.85479019,-10.2007605,56.15937655,5408.080659,,,,,,,,
,,,,,,,,,,,,,,,,23.8626225,-10.19985124,56.07948104,5408.518951,,,,,,,,
,,,,,,,,,,,,,,,,23.90178404,-10.19751635,55.6800391,5410.707293,,,,,,,,
,,,,,,,,,,,,,,,,23.90874609,-10.19584793,55.60904346,5411.094703,,,,,,,,
,,,,,,,,,,,,,,,,23.91744866,-10.19537283,55.5203191,5411.578244,,,,,,,,
,,,,,,,,,,,,,,,,23.9331825,-10.19093618,55.35990674,5412.451792,,,,,,,,
,,,,,,,,,,,,,,,,23.94104942,-10.19003786,55.27973546,5412.885727,,,,,,,,
,,,,,,,,,,,,,,,,23.98038402,-10.18774294,54.8789144,5415.052254,,,,,,,,
,,,,,,,,,,,,,,,,23.98737684,-10.18606971,54.80767337,5415.435773,,,,,,,,
,,,,,,,,,,,,,,,,23.99611786,-10.18560094,54.71864254,5415.914445,,,,,,,,
,,,,,,,,,,,,,,,,24.01192173,-10.18120669,54.55767065,5416.779211,,,,,,,,
,,,,,,,,,,,,,,,,24.01982366,-10.18031939,54.47721943,5417.208732,,,,,,,,
,,,,,,,,,,,,,,,,24.05933333,-10.17806488,54.07499838,5419.353167,,,,,,,,
,,,,,,,,,,,,,,,,24.06635727,-10.17638641,54.00350825,5419.732746,,,,,,,,
,,,,,,,,,,,,,,,,24.0751372,-10.17592402,53.91416631,5420.206486,,,,,,,,
,,,,,,,,,,,,,,,,24.09101193,-10.17157226,53.75262619,5421.062359,,,,,,,,
,,,,,,,,,,,,,,,,24.0989493,-10.17069605,53.67189067,5421.487411,,,,,,,,
,,,,,,,,,,,,,,,,24.13863615,-10.16848242,53.26824784,5423.609474,,,,,,,,
,,,,,,,,,,,,,,,,24.14569159,-10.16679826,53.19650473,5423.985061,,,,,,,,
,,,,,,,,,,,,,,,,24.15451089,-10.16634229,53.10684685,5424.453807,,,,,,,,
,,,,,,,,,,,,,,,,24.17045735,-10.16203311,52.94472966,5425.300674,,,,,,,,
,,,,,,,,,,,,,,,,24.17843058,-10.16116806,52.86370543,5425.721198,,,,,,,,
,,,,,,,,,,,,,,,,24.21829673,-10.15899579,52.45861873,5427.820601,,,,,,,,
,,,,,,,,,,,,,,,,24.22538405,-10.15730548,52.38661872,5428.192146,,,,,,,,
,,,,,,,,,,,,,,,,24.23424319,-10.15685597,52.29663999,5428.655834,,,,,,,,
,,,,,,,,,,,,,,,,24.25026227,-10.15258947,52.13393651,5429.493578,,,,,,,,
,,,,,,,,,,,,,,,,24.25827181,-10.15173564,52.05261895,5429.909518,,,,,,,,
,,,,,,,,,,,,,,,,24.29831951,-10.14960524,51.64606532,5431.985969,,,,,,,,
,,,,,,,,,,,,,,,,24.3054391,-10.14790828,51.57380428,5432.35342,,,,,,,,
,,,,,,,,,,,,,,,,24.31433859,-10.14746529,51.48349959,5432.811984,,,,,,,,
,,,,,,,,,,,,,,,,24.33043122,-10.14324154,51.32020018,5433.640489,,,,,,,,
,,,,,,,,,,,,,,,,24.33847753,-10.14239902,51.23858447,5434.051785,,,,,,,,
,,,,,,,,,,,,,,,,24.37870911,-10.14031096,50.83053979,5436.10499,,,,,,,,
,,,,,,,,,,,,,,,,24.38586139,-10.13860688,50.75801345,5436.468295,,,,,,,,
,,,,,,,,,,,,,,,,24.39480174,-10.13817044,50.66737744,5436.92167,,,,,,,,
,,,,,,,,,,,,,,,,24.41096889,-10.13398951,50.50347206,5437.740817,,,,,,,,
,,,,,,,,,,,,,,,,24.41905247,-10.13315838,50.42155317,5438.14741,,,,,,,,
,,,,,,,,,,,,,,,,24.45947036,-10.13111319,50.0119923,5440.17707,,,,,,,,
,,,,,,,,,,,,,,,,24.46665576,-10.12940144,49.93919618,5440.536175,,,,,,,,
,,,,,,,,,,,,,,,,24.47563751,-10.12897162,49.84822326,5440.984293,,,,,,,,
,,,,,,,,,,,,,,,,24.49188021,-10.12483357,49.68370142,5441.793963,,,,,,,,
,,,,,,,,,,,,,,,,24.50000156,-10.1240139,49.60147411,5442.195792,,,,,,,,
,,,,,,,,,,,,,,,,24.54060831,-10.1220121,49.19037085,5444.201604,,,,,,,,
,,,,,,,,,,,,,,,,24.54782729,-10.12029215,49.11730027,5444.556454,,,,,,,,
,,,,,,,,,,,,,,,,24.55685101,-10.11986899,49.02598463,5444.999248,,,,,,,,
,,,,,,,,,,,,,,,,24.57317031,-10.1157739,48.86083542,5445.799318,,,,,,,,
,,,,,,,,,,,,,,,,24.58132996,-10.11496576,48.77829423,5446.196321,,,,,,,,
,,,,,,,,,,,,,,,,24.62212822,-10.11300788,48.36562124,5448.177977,,,,,,,,
,,,,,,,,,,,,,,,,24.62938124,-10.11127918,48.29227136,5448.528517,,,,,,,,
,,,,,,,,,,,,,,,,24.63844752,-10.11086272,48.20060693,5448.965919,,,,,,,,
,,,,,,,,,,,,,,,,24.65484451,-10.10681064,48.0348192,5449.756264,,,,,,,,
,,,,,,,,,,,,,,,,24.66304301,-10.10601411,47.95195856,5450.148378,,,,,,,,
,,,,,,,,,,,,,,,,24.70403549,-10.1041007,47.53768798,5452.105561,,,,,,,,
,,,,,,,,,,,,,,,,24.71132304,-10.10236266,47.46405382,5452.451736,,,,,,,,
,,,,,,,,,,,,,,,,24.72043248,-10.10195296,47.37203443,5452.883673,,,,,,,,
,,,,,,,,,,,,,,,,24.73690832,-10.09794394,47.20559633,5453.664167,,,,,,,,
,,,,,,,,,,,,,,,,24.74514623,-10.09715909,47.1224103,5454.051329,,,,,,,,
,,,,,,,,,,,,,,,,24.78633582,-10.09529071,46.7065125,5455.983721,,,,,,,,
,,,,,,,,,,,,,,,,24.79365841,-10.09354274,46.6325888,5456.325472,,,,,,,,
,,,,,,,,,,,,,,,,24.80281165,-10.09313985,46.54020785,5456.751875,,,,,,,,
,,,,,,,,,,,,,,,,24.81936751,-10.08917392,46.37310727,5457.522388,,,,,,,,
,,,,,,,,,,,,,,,,24.82764544,-10.08840084,46.28958981,5457.904532,,,,,,,,
,,,,,,,,,,,,,,,,24.86903508,-10.08657805,45.8720345,5459.811805,,,,,,,,
,,,,,,,,,,,,,,,,24.87639324,-10.08481952,45.79781586,5460.149075,,,,,,,,
,,,,,,,,,,,,,,,,24.88559094,-10.0844235,45.70506664,5460.569869,,,,,,,,
,,,,,,,,,,,,,,,,24.90222805,-10.08050069,45.53729096,5461.330269,,,,,,,,
,,,,,,,,,,,,,,,,24.91054661,-10.07973945,45.45343575,5461.707329,,,,,,,,
,,,,,,,,,,,,,,,,24.95213939,-10.07796283,45.03419137,5463.589149,,,,,,,,
,,,,,,,,,,,,,,,,24.95953366,-10.07619311,44.95967217,5463.921878,,,,,,,,
,,,,,,,,,,,,,,,,24.9687765,-10.075804,44.86654768,5464.336989,,,,,,,,
,,,,,,,,,,,,,,,,24.98549613,-10.07192435,44.69808397,5465.087141,,,,,,,,
,,,,,,,,,,,,,,,,24.99385594,-10.07117503,44.61388455,5465.459048,,,,,,,,
,,,,,,,,,,,,,,,,25.03565502,-10.06944516,44.19291875,5467.315074,,,,,,,,
,,,,,,,,,,,,,,,,25.04308596,-10.06766359,44.11809324,5467.643201,,,,,,,,
,,,,,,,,,,,,,,,,25.05237465,-10.06728146,44.0245863,5468.052551,,,,,,,,
,,,,,,,,,,,,,,,,25.06917814,-10.06344496,43.85542085,5468.792318,,,,,,,,
,,,,,,,,,,,,,,,,25.07757988,-10.06270764,43.77087036,5469.159003,,,,,,,,
,,,,,,,,,,,,,,,,25.1195886,-10.06102511,43.34814889,5470.988887,,,,,,,,
,,,,,,,,,,,,,,,,25.12705682,-10.05923102,43.27301097,5471.312349,,,,,,,,
,,,,,,,,,,,,,,,,25.13639209,-10.0588559,43.17911397,5471.715862,,,,,,,,
,,,,,,,,,,,,,,,,25.15328081,-10.05506258,43.00923273,5472.445102,,,,,,,,
,,,,,,,,,,,,,,,,25.16172517,-10.05433733,42.92432414,5472.806495,,,,,,,,
,,,,,,,,,,,,,,,,25.20394698,-10.05270273,42.49981183,5474.60988,,,,,,,,
,,,,,,,,,,,,,,,,25.21145308,-10.05089542,42.42435524,5474.928614,,,,,,,,
,,,,,,,,,,,,,,,,25.22083571,-10.05052738,42.33006038,5475.326209,,,,,,,,
,,,,,,,,,,,,,,,,25.2378111,-10.04677721,42.15944869,5476.044779,,,,,,,,
,,,,,,,,,,,,,,,,25.2462988,-10.0460641,42.07417468,5476.400805,,,,,,,,
,,,,,,,,,,,,,,,,25.28873729,-10.04447804,41.64783487,5478.177327,,,,,,,,
,,,,,,,,,,,,,,,,25.29628191,-10.04265681,41.5720531,5478.491268,,,,,,,,
,,,,,,,,,,,,,,,,25.30571269,-10.0422959,41.47735223,5478.882864,,,,,,,,
,,,,,,,,,,,,,,,,25.32277622,-10.03858887,41.30599523,5479.590614,,,,,,,,
,,,,,,,,,,,,,,,,25.33130798,-10.03788797,41.22034835,5479.9412,,,,,,,,
,,,,,,,,,,,,,,,,25.3739668,-10.03635105,40.79214387,5481.690482,,,,,,,,
,,,,,,,,,,,,,,,,25.3815506,-10.03451517,40.71603029,5481.999562,,,,,,,,
,,,,,,,,,,,,,,,,25.39103033,-10.03416144,40.62091517,5482.385075,,,,,,,,
,,,,,,,,,,,,,,,,25.40818356,-10.03049751,40.44879691,5483.081855,,,,,,,,
,,,,,,,,,,,,,,,,25.41676018,-10.0298089,40.3627692,5483.426923,,,,,,,,
,,,,,,,,,,,,,,,,25.45964325,-10.02832172,39.93266019,5485.148585,,,,,,,,
,,,,,,,,,,,,,,,,25.4672669,-10.02647045,39.85620771,5485.452736,,,,,,,,
,,,,,,,,,,,,,,,,25.47679647,-10.02612395,39.7606695,5485.832079,,,,,,,,
,,,,,,,,,,,,,,,,25.49404102,-10.02250306,39.58777357,5486.517734,,,,,,,,
,,,,,,,,,,,,,,,,25.50266329,-10.0218268,39.50135683,5486.857207,,,,,,,,
,,,,,,,,,,,,,,,,25.54577465,-10.02038996,39.06930228,5488.550855,,,,,,,,
,,,,,,,,,,,,,,,,25.55343889,-10.01852254,38.9925036,5488.850007,,,,,,,,
,,,,,,,,,,,,,,,,25.56301919,-10.01818332,38.89653318,5489.223093,,,,,,,,
,,,,,,,,,,,,,,,,25.58035673,-10.01460541,38.72284249,5489.897463,,,,,,,,
,,,,,,,,,,,,,,,,25.5890255,-10.01394157,38.63602817,5490.231261,,,,,,,,
,,,,,,,,,,,,,,,,25.63236936,-10.01255565,38.20198529,5491.896493,,,,,,,,
,,,,,,,,,,,,,,,,25.64007494,-10.01067132,38.12483279,5492.190574,,,,,,,,
,,,,,,,,,,,,,,,,25.64970691,-10.01033943,38.02842069,5492.557312,,,,,,,,
,,,,,,,,,,,,,,,,25.66713919,-10.0068044,37.85391759,5493.220235,,,,,,,,
,,,,,,,,,,,,,,,,25.67585534,-10.00615304,37.76669684,5493.548274,,,,,,,,
,,,,,,,,,,,,,,,,25.71943605,-10.00481863,37.33062152,5495.184675,,,,,,,,
,,,,,,,,,,,,,,,,25.72718374,-10.00291662,37.25310736,5495.473611,,,,,,,,
,,,,,,,,,,,,,,,,25.73686834,-10.00259211,37.15624377,5495.833909,,,,,,,,
,,,,,,,,,,,,,,,,25.75439719,-9.999099858,36.98090984,5496.485215,,,,,,,,
,,,,,,,,,,,,,,,,25.76316161,-9.998461023,36.89327347,5496.807411,,,,,,,,
,,,,,,,,,,,,,,,,25.80698374,-9.997178686,36.45511966,5498.414556,,,,,,,,
,,,,,,,,,,,,,,,,25.81477434,-9.995258229,36.37723564,5498.69827,,,,,,,,
,,,,,,,,,,,,,,,,25.82451259,-9.994941131,36.27991035,5499.052033,,,,,,,,
,,,,,,,,,,,,,,,,25.84213989,-9.991491529,36.10372654,5499.691549,,,,,,,,
,,,,,,,,,,,,,,,,25.85095354,-9.990865274,36.01566505,5500.007814,,,,,,,,
,,,,,,,,,,,,,,,,25.89502178,-9.989635552,35.57538516,5501.585264,,,,,,,,
,,,,,,,,,,,,,,,,25.90285614,-9.987695874,35.49712281,5501.863677,,,,,,,,
,,,,,,,,,,,,,,,,25.91264908,-9.987386236,35.39932525,5502.210806,,,,,,,,
,,,,,,,,,,,,,,,,25.93037681,-9.983979126,35.22227153,5502.838355,,,,,,,,
,,,,,,,,,,,,,,,,25.93924068,-9.983365491,35.13377487,5503.148599,,,,,,,,
,,,,,,,,,,,,,,,,25.98356001,-9.9821889,34.69131878,5504.695904,,,,,,,,
,,,,,,,,,,,,,,,,25.991439,-9.980229237,34.61266918,5504.968937,,,,,,,,
,,,,,,,,,,,,,,,,26.00128774,-9.979927095,34.51438823,5505.30933,,,,,,,,
,,,,,,,,,,,,,,,,26.01911797,-9.976562298,34.33644386,5505.924729,,,,,,,,
,,,,,,,,,,,,,,,,26.02803309,-9.975961317,34.24750168,5506.22886,,,,,,,,
,,,,,,,,,,,,,,,,26.07260865,-9.974838338,33.80281753,5507.745555,,,,,,,,
,,,,,,,,,,,,,,,,26.0805332,-9.972857941,33.72377147,5508.013123,,,,,,,,
,,,,,,,,,,,,,,,,26.09043888,-9.972563327,33.62499562,5508.346677,,,,,,,,
,,,,,,,,,,,,,,,,26.10837376,-9.969240636,33.44613896,5508.949737,,,,,,,,
,,,,,,,,,,,,,,,,26.11734119,-9.968652334,33.35674042,5509.247658,,,,,,,,
,,,,,,,,,,,,,,,,26.16217838,-9.967583406,32.90977412,5510.733264,,,,,,,,
,,,,,,,,,,,,,,,,26.17014943,-9.965581547,32.83032197,5510.995283,,,,,,,,
,,,,,,,,,,,,,,,,26.18011325,-9.965294487,32.73103921,5511.32189,,,,,,,,
,,,,,,,,,,,,,,,,26.19815498,-9.962013673,32.55124802,5511.912414,,,,,,,,
,,,,,,,,,,,,,,,,26.20717585,-9.961438064,32.46138202,5512.204028,,,,,,,,
,,,,,,,,,,,,,,,,26.25228019,-9.960423573,32.01207797,5513.658048,,,,,,,,
,,,,,,,,,,,,,,,,26.26029874,-9.958399562,31.93220983,5513.914428,,,,,,,,
,,,,,,,,,,,,,,,,26.27032192,-9.958120077,31.83240783,5514.233976,,,,,,,,
,,,,,,,,,,,,,,,,26.28847285,-9.954880876,31.65165869,5514.811764,,,,,,,,
,,,,,,,,,,,,,,,,26.29754832,-9.954317961,31.56131353,5515.096967,,,,,,,,
,,,,,,,,,,,,,,,,26.34292564,-9.953358232,31.10961322,5516.518891,,,,,,,,
,,,,,,,,,,,,,,,,26.35099272,-9.951311418,31.02931869,5516.76954,,,,,,,,
,,,,,,,,,,,,,,,,26.36107657,-9.951039519,30.92898446,5517.081915,,,,,,,,
,,,,,,,,,,,,,,,,26.37933913,-9.947841636,30.74725296,5517.646758,,,,,,,,
,,,,,,,,,,,,,,,,26.38847041,-9.947291403,30.65641641,5517.925446,,,,,,,,
,,,,,,,,,,,,,,,,26.43412683,-9.946386683,30.20225879,5519.314744,,,,,,,,
,,,,,,,,,,,,,,,,26.44224352,-9.944316471,30.121527,5519.559569,,,,,,,,
,,,,,,,,,,,,,,,,26.45238939,-9.944052161,30.02064698,5519.864652,,,,,,,,
,,,,,,,,,,,,,,,,26.47076612,-9.940895273,29.83790779,5520.416333,,,,,,,,
,,,,,,,,,,,,,,,,26.47995449,-9.940357693,29.7465672,5520.688396,,,,,,,,
,,,,,,,,,,,,,,,,26.52589632,-9.939508141,29.28988895,5522.044522,,,,,,,,
,,,,,,,,,,,,,,,,26.53406376,-9.93741401,29.20870864,5522.283423,,,,,,,,
,,,,,,,,,,,,,,,,26.54427306,-9.937157281,29.10726878,5522.581092,,,,,,,,
,,,,,,,,,,,,,,,,26.56276659,-9.934041031,28.92349562,5523.119388,,,,,,,,
,,,,,,,,,,,,,,,,26.57201336,-9.933516059,28.83163785,5523.384713,,,,,,,,
,,,,,,,,,,,,,,,,26.61824719,-9.932721728,28.37237329,5524.707098,,,,,,,,
,,,,,,,,,,,,,,,,26.62646654,-9.930603252,28.29073279,5524.939974,,,,,,,,
,,,,,,,,,,,,,,,,26.63674073,-9.930354083,28.18871851,5525.2301,,,,,,,,
,,,,,,,,,,,,,,,,26.65535385,-9.927278078,28.00388362,5525.75478,,,,,,,,
,,,,,,,,,,,,,,,,26.66466041,-9.926765646,27.91149481,5526.01325,,,,,,,,
,,,,,,,,,,,,,,,,26.71119321,-9.926026466,27.44957457,5527.301307,,,,,,,,
,,,,,,,,,,,,,,,,26.71946571,-9.923883324,27.36746154,5527.528054,,,,,,,,
,,,,,,,,,,,,,,,,26.72980634,-9.92364168,27.26485743,5527.810506,,,,,,,,
,,,,,,,,,,,,,,,,26.7485419,-9.920605502,27.07893236,5528.321329,,,,,,,,
,,,,,,,,,,,,,,,,26.75790969,-9.92010552,26.98599827,5528.572821,,,,,,,,
,,,,,,,,,,,,,,,,26.80474861,-9.919421275,26.52135122,5529.825939,,,,,,,,
,,,,,,,,,,,,,,,,26.81307553,-9.917253294,26.438753,5530.046445,,,,,,,,
,,,,,,,,,,,,,,,,26.82348418,-9.917019122,26.33554327,5530.321086,,,,,,,,
,,,,,,,,,,,,,,,,26.8423452,-9.914022319,26.14849815,5530.817801,,,,,,,,
,,,,,,,,,,,,,,,,26.85177571,-9.913534673,26.05500385,5531.06219,,,,,,,,
,,,,,,,,,,,,,,,,26.89892827,-9.912904979,25.58755535,5532.279734,,,,,,,,
,,,,,,,,,,,,,,,,26.90731095,-9.910712149,25.50445867,5532.493887,,,,,,,,
,,,,,,,,,,,,,,,,26.91778929,-9.910485379,25.40062675,5532.760574,,,,,,,,
,,,,,,,,,,,,,,,,26.93677891,-9.907527468,25.21243044,5533.242922,,,,,,,,
,,,,,,,,,,,,,,,,26.94627372,-9.907052015,25.11836037,5533.480076,,,,,,,,
,,,,,,,,,,,,,,,,26.99374775,-9.906476293,24.6480326,5534.661386,,,,,,,,
,,,,,,,,,,,,,,,,27.00218758,-9.904258804,24.56442363,5534.869068,,,,,,,,
,,,,,,,,,,,,,,,,27.01273737,-9.904039344,24.45995223,5535.127652,,,,,,,,
,,,,,,,,,,,,,,,,27.03185884,-9.90111982,24.27057243,5535.595362,,,,,,,,
,,,,,,,,,,,,,,,,27.04141958,-9.900656384,24.17591045,5535.825144,,,,,,,,
,,,,,,,,,,,,,,,,27.08922325,-9.900133832,23.70262267,5536.969533,,,,,,,,
,,,,,,,,,,,,,,,,27.09772168,-9.89789212,23.61848707,5537.17062,,,,,,,,
,,,,,,,,,,,,,,,,27.10834472,-9.897679851,23.51335825,5537.420948,,,,,,,,
,,,,,,,,,,,,,,,,27.12760147,-9.894798186,23.32276117,5537.873739,,,,,,,,
,,,,,,,,,,,,,,,,27.13722984,-9.894346557,23.22749037,5538.096005,,,,,,,,
,,,,,,,,,,,,,,,,27.1853717,-9.893876113,22.75115813,5539.202758,,,,,,,,
,,,,,,,,,,,,,,,,27.19393025,-9.891610896,22.66648087,5539.397122,,,,,,,,
,,,,,,,,,,,,,,,,27.20462844,-9.891405671,22.56067587,5539.639033,,,,,,,,
,,,,,,,,,,,,,,,,27.22402399,-9.888561326,22.36882661,5540.076609,,,,,,,,
,,,,,,,,,,,,,,,,27.23372177,-9.888121255,22.27292956,5540.291212,,,,,,,,
,,,,,,,,,,,,,,,,27.28221065,-9.887701564,21.79346567,5541.359581,,,,,,,,
,,,,,,,,,,,,,,,,27.29083089,-9.885413901,21.70823126,5541.547088,,,,,,,,
,,,,,,,,,,,,,,,,27.3016062,-9.885215542,21.60173071,5541.780413,,,,,,,,
,,,,,,,,,,,,,,,,27.32114427,-9.882407966,21.40859268,5542.20247,,,,,,,,
,,,,,,,,,,,,,,,,27.3309133,-9.881979161,21.31205109,5542.409252,,,,,,,,
,,,,,,,,,,,,,,,,27.37975848,-9.881608529,20.82936408,5543.438459,,,,,,,,
,,,,,,,,,,,,,,,,27.38844206,-9.879299872,20.74355627,5543.61897,,,,,,,,
,,,,,,,,,,,,,,,,27.39929655,-9.879108161,20.63633985,5543.843535,,,,,,,,
,,,,,,,,,,,,,,,,27.418981,-9.876336809,20.44187501,5544.24975,,,,,,,,
,,,,,,,,,,,,,,,,27.42882323,-9.875918931,20.34466987,5544.448551,,,,,,,,
,,,,,,,,,,,,,,,,27.47803436,-9.875595283,19.85866472,5545.437781,,,,,,,,
,,,,,,,,,,,,,,,,27.486783,-9.873267542,19.77226664,5545.611149,,,,,,,,
,,,,,,,,,,,,,,,,27.49771881,-9.873082223,19.6643132,5545.82677,,,,,,,,
,,,,,,,,,,,,,,,,27.51755366,-9.870346563,19.46848209,5546.216809,,,,,,,,
,,,,,,,,,,,,,,,,27.52747109,-9.86993922,19.37059367,5546.407459,,,,,,,,
,,,,,,,,,,,,,,,,27.57705821,-9.869660045,18.88117174,5547.355861,,,,,,,,
,,,,,,,,,,,,,,,,27.5858737,-9.86731567,18.79416586,5547.521934,,,,,,,,
,,,,,,,,,,,,,,,,27.59689306,-9.867136438,18.68545348,5547.72842,,,,,,,,
,,,,,,,,,,,,,,,,27.61688248,-9.864435968,18.48821516,5548.101932,,,,,,,,
,,,,,,,,,,,,,,,,27.62687719,-9.864038713,18.38962299,5548.284252,,,,,,,,
,,,,,,,,,,,,,,,,27.67685074,-9.863801009,17.896682,5549.190934,,,,,,,,
,,,,,,,,,,,,,,,,27.68573492,-9.861443066,17.80905016,5549.349552,,,,,,,,
,,,,,,,,,,,,,,,,27.69684015,-9.861269563,17.69955607,5549.546703,,,,,,,,
,,,,,,,,,,,,,,,,27.71698851,-9.858603824,17.50086774,5549.90332,,,,,,,,
,,,,,,,,,,,,,,,,27.72706268,-9.858216144,17.40155043,5550.077125,,,,,,,,
,,,,,,,,,,,,,,,,27.77743356,-9.858016359,16.90498339,5550.941155,,,,,,,,
,,,,,,,,,,,,,,,,27.78638839,-9.855648616,16.81670659,5551.09215,,,,,,,,
,,,,,,,,,,,,,,,,27.79758192,-9.855480426,16.70640699,5551.279757,,,,,,,,
,,,,,,,,,,,,,,,,27.81789372,-9.85284902,16.50622438,5551.619094,,,,,,,,
,,,,,,,,,,,,,,,,27.82804963,-9.852470336,16.40615981,5551.784189,,,,,,,,
,,,,,,,,,,,,,,,,27.87882914,-9.852304296,15.90585614,5552.604587,,,,,,,,
,,,,,,,,,,,,,,,,27.88785661,-9.849931332,15.81691476,5552.747786,,,,,,,,
,,,,,,,,,,,,,,,,27.89914095,-9.849767969,15.70578503,5552.925628,,,,,,,,
,,,,,,,,,,,,,,,,27.91962089,-9.847170583,15.50406233,5553.247281,,,,,,,,
,,,,,,,,,,,,,,,,27.92986086,-9.846800241,15.40322758,5553.40346,,,,,,,,
,,,,,,,,,,,,,,,,27.98106072,-9.846663078,14.8990728,5554.179202,,,,,,,,
,,,,,,,,,,,,,,,,27.99016292,-9.844290383,14.80944653,5554.314418,,,,,,,,
,,,,,,,,,,,,,,,,28.00154067,-9.84413129,14.69746115,5554.482265,,,,,,,,
,,,,,,,,,,,,,,,,28.02219361,-9.84156771,14.49415089,5554.78581,,,,,,,,
,,,,,,,,,,,,,,,,28.03252008,-9.841204971,14.39252223,5554.932859,,,,,,,,
,,,,,,,,,,,,,,,,28.08415243,-9.841091047,13.88439766,5555.662866,,,,,,,,
,,,,,,,,,,,,,,,,28.09333152,-9.838725136,13.79406545,5555.789907,,,,,,,,
,,,,,,,,,,,,,,,,28.10480537,-9.83856967,13.681198,5555.947517,,,,,,,,
,,,,,,,,,,,,,,,,28.12563634,-9.836039803,13.47625105,5556.232509,,,,,,,,
,,,,,,,,,,,,,,,,28.13605183,-9.835683838,13.37380393,5556.370203,,,,,,,,
,,,,,,,,,,,,,,,,28.18812925,-9.835586662,12.86158685,5557.053343,,,,,,,,
,,,,,,,,,,,,,,,,28.19738746,-9.833235186,12.77052694,5557.172007,,,,,,,,
,,,,,,,,,,,,,,,,28.20896022,-9.833082613,12.65675003,5557.319124,,,,,,,,
,,,,,,,,,,,,,,,,28.22997444,-9.830586496,12.45011544,5557.585096,,,,,,,,
,,,,,,,,,,,,,,,,28.24048156,-9.830236374,12.34682436,5557.713197,,,,,,,,
,,,,,,,,,,,,,,,,28.29301712,-9.830148516,11.83038739,5558.348283,,,,,,,,
,,,,,,,,,,,,,,,,28.30235677,-9.82782038,11.7385772,5558.458356,,,,,,,,
,,,,,,,,,,,,,,,,28.31403134,-9.827669862,11.62386243,5558.594715,,,,,,,,
,,,,,,,,,,,,,,,,28.3352342,-9.82520768,11.41548768,5558.841174,,,,,,,,
,,,,,,,,,,,,,,,,28.34583563,-9.824862358,11.31132641,5558.959433,,,,,,,,
,,,,,,,,,,,,,,,,28.39884279,-9.82477536,10.79053836,5559.545216,,,,,,,,
,,,,,,,,,,,,,,,,28.40826629,-9.822480834,10.69795464,5559.646475,,,,,,,,
,,,,,,,,,,,,,,,,28.42004566,-9.82233142,10.58227271,5559.771794,,,,,,,,
,,,,,,,,,,,,,,,,28.44144276,-9.819903501,10.37210327,5559.998224,,,,,,,,
,,,,,,,,,,,,,,,,28.45214131,-9.81956181,10.26704452,5560.10638,,,,,,,,
,,,,,,,,,,,,,,,,28.50563407,-9.8194661,9.741769081,5560.641548,,,,,,,,
,,,,,,,,,,,,,,,,28.51514389,-9.817216915,9.64838769,5560.733756,,,,,,,,
,,,,,,,,,,,,,,,,28.52703117,-9.817067529,9.531708146,5560.847741,,,,,,,,
,,,,,,,,,,,,,,,,28.54862827,-9.814674342,9.319688036,5561.053598,,,,,,,,
,,,,,,,,,,,,,,,,28.55942681,-9.814334974,9.213703824,5561.151376,,,,,,,,
,,,,,,,,,,,,,,,,28.61341954,-9.814219776,8.683801087,5561.634548,,,,,,,,
,,,,,,,,,,,,,,,,28.62301825,-9.812029218,8.589597261,5561.717459,,,,,,,,
,,,,,,,,,,,,,,,,28.63501663,-9.811878645,8.471888829,5561.8198,,,,,,,,
,,,,,,,,,,,,,,,,28.65681969,-9.809520766,8.257959896,5562.004513,,,,,,,,
,,,,,,,,,,,,,,,,28.66772122,-9.809182255,8.151021134,5562.091622,,,,,,,,
,,,,,,,,,,,,,,,,28.72222886,-9.80903552,7.616345774,5562.521347,,,,,,,,
,,,,,,,,,,,,,,,,28.7319191,-9.80691847,7.521293799,5562.594701,,,,,,,,
,,,,,,,,,,,,,,,,28.74403191,-9.806765345,7.402523967,5562.685071,,,,,,,,
,,,,,,,,,,,,,,,,28.7660471,-9.804443414,7.186626128,5562.848039,,,,,,,,
,,,,,,,,,,,,,,,,28.7770547,-9.804104121,7.078702767,5562.924176,,,,,,,,
,,,,,,,,,,,,,,,,28.83209269,-9.803912454,6.539104637,5563.298929,,,,,,,,
,,,,,,,,,,,,,,,,28.84187722,-9.801885414,6.443177956,5563.362452,,,,,,,,
,,,,,,,,,,,,,,,,28.85410788,-9.801728214,6.323313114,5563.440509,,,,,,,,
,,,,,,,,,,,,,,,,28.87634164,-9.799442859,6.105383887,5563.5811,,,,,,,,
,,,,,,,,,,,,,,,,28.88745851,-9.799100949,5.99644468,5563.645944,,,,,,,,
,,,,,,,,,,,,,,,,28.9430429,-9.798849568,5.451767648,5563.964119,,,,,,,,
,,,,,,,,,,,,,,,,28.95292457,-9.796930625,5.354938659,5564.017524,,,,,,,,
,,,,,,,,,,,,,,,,28.96527666,-9.796767651,5.233943837,5564.082906,,,,,,,,
,,,,,,,,,,,,,,,,28.98773566,-9.79451939,5.013918211,5564.200456,,,,,,,,
,,,,,,,,,,,,,,,,28.99896516,-9.794172812,4.903930644,5564.253671,,,,,,,,
,,,,,,,,,,,,,,,,29.05511267,-9.793845531,4.354012272,5564.513581,,,,,,,,
,,,,,,,,,,,,,,,,29.06509444,-9.792054258,4.256252273,5564.556564,,,,,,,,
,,,,,,,,,,,,,,,,29.07757167,-9.79188363,4.134091071,5564.608893,,,,,,,,
,,,,,,,,,,,,,,,,29.10026292,-9.789672734,3.911901008,5564.702701,,,,,,,,
,,,,,,,,,,,,,,,,29.11160854,-9.789319203,3.80083106,5564.743933,,,,,,,,
,,,,,,,,,,,,,,,,29.16833666,-9.788898448,3.245501377,5564.9438,,,,,,,,
,,,,,,,,,,,,,,,,29.17842166,-9.787255737,3.146780343,5564.976043,,,,,,,,
,,,,,,,,,,,,,,,,29.19102791,-9.787075386,3.023414663,5565.01492,,,,,,,,
,,,,,,,,,,,,,,,,29.21395763,-9.784901826,2.798999747,5565.084246,,,,,,,,
,,,,,,,,,,,,,,,,29.22542249,-9.784538817,2.686817209,5565.11312,,,,,,,,
,,,,,,,,,,,,,,,,29.2827468,-9.784005671,2.125925327,5565.251068,,,,,,,,
,,,,,,,,,,,,,,,,29.29293778,-9.782533602,2.026216648,5565.272236,,,,,,,,
,,,,,,,,,,,,,,,,29.30567652,-9.78234127,1.901612605,5565.297238,,,,,,,,
,,,,,,,,,,,,,,,,29.32884426,-9.78020506,1.674977824,5565.341295,,,,,,,,
,,,,,,,,,,,,,,,,29.34042813,-9.779829869,1.56168518,5565.357416,,,,,,,,
,,,,,,,,,,,,,,,,29.39834749,-9.779164226,0.995243687,5565.431468,,,,,,,,
,,,,,,,,,,,,,,,,29.40864427,-9.777886189,0.894549831,5565.441208,,,,,,,,
,,,,,,,,,,,,,,,,29.42151524,-9.777679478,0.768709827,5565.451897,,,,,,,,
,,,,,,,,,,,,,,,,29.43199526,-9.776741021,0.66623951,5565.459953,,,,,,,,
,,,,,,,,,,,,,,,,29.43723528,-9.776547358,0.615009269,5565.462773,,,,,,,,
,,,,,,,,,,,,,,,,29.46343534,-9.776036716,0.358863139,5565.475531,,,,,,,,
,,,,,,,,,,,,,,,,29.46809312,-9.775716811,0.313328427,5565.477097,,,,,,,,
,,,,,,,,,,,,,,,,29.47391536,-9.775608864,0.256412594,5565.478754,,,,,,,,
,,,,,,,,,,,,,,,,29.4774123,-9.775299559,0.222227862,5565.479651,,,,,,,,
,,,,,,,,,,,,,,,,29.47916077,-9.7752322,0.205136036,5565.479965,,,,,,,,
,,,,,,,,,,,,,,,,29.48790313,-9.775038892,0.119677499,5565.481385,,,,,,,,
,,,,,,,,,,,,,,,,29.48945732,-9.774960379,0.104485171,5565.481559,,,,,,,,
,,,,,,,,,,,,,,,,29.49140007,-9.774923034,0.085494932,5565.481743,,,,,,,,
,,,,,,,,,,,,,,,,29.49256621,-9.774820291,0.074096008,5565.481843,,,,,,,,
,,,,,,,,,,,,,,,,29.49314928,-9.774797603,0.068396605,5565.481878,,,,,,,,
,,,,,,,,,,,,,,,,29.49606463,-9.774731298,0.039899659,5565.482036,,,,,,,,
,,,,,,,,,,,,,,,,29.49658291,-9.774707474,0.03483357,5565.482055,,,,,,,,
,,,,,,,,,,,,,,,,29.49723077,-9.774694882,0.028500974,5565.482076,,,,,,,,
,,,,,,,,,,,,,,,,29.49761953,-9.774660677,0.024700889,5565.482087,,,,,,,,
,,,,,,,,,,,,,,,,29.49781392,-9.774653087,0.022800853,5565.482091,,,,,,,,
,,,,,,,,,,,,,,,,29.49878584,-9.774630806,0.013300679,5565.482108,,,,,,,,
,,,,,,,,,,,,,,,,29.49895862,-9.774623093,0.011611763,5565.48211,,,,,,,,
,,,,,,,,,,,,,,,,29.4991746,-9.774618882,0.00950062,5565.482113,,,,,,,,
,,,,,,,,,,,,,,,,29.4993746,-9.774601292,0.007545697,5565.482115,,,,,,,,
,,,,,,,,,,,,,,,,29.4994746,-9.774597387,0.006568236,5565.482115,,,,,,,,
,,,,,,,,,,,,,,,,29.4999746,-9.774585901,0.001680938,5565.482117,,,,,,,,
,,,,,,,,,,,,,,,,29.50006349,-9.774581966,0.000812086,5565.482117,,,,,,,,
,,,,,,,,,,,,,,,,29.5001746,-9.29E-06,-0.000273979,5565.482117,,,,,,,,
